287
516 3819 57 68 Kabul 0 516 3819
757 3500 80 96 Kandahār 0 757 3500
633 3810 72 64 Jalālābād 0 633 3810
426 3801 51 129 Herāt 0 426 3801
331 4064 146 94 Mazār-e_Sharīf 0 331 4064
487 4064 137 123 Kunduz 0 487 4064
476 4000 60 124 Ṯaghar 0 476 4000
630 3496 103 117 Lashkar_Gāh 0 630 3496
660 3976 128 79 Maīmanah 0 660 3976
312 4069 58 104 Balkh 0 312 4069
446 3712 63 75 Ghaznī 0 446 3712
520 3717 112 106 Gardēz 0 520 3717
746 4061 127 77 Shibirghān 0 746 4061
416 3582 99 83 Farāh 0 416 3582
689 4091 131 144 Andkhōy 0 689 4091
640 4108 90 61 Faīẕābād 0 640 4108
547 4065 146 113 Tāluqān 0 547 4065
474 3977 81 63 Pul-e_Khumrī 0 474 3977
515 3874 96 61 Chārīkār 0 515 3874
696 3861 118 112 Asadābād 0 696 3861
411 4013 74 85 Aībak 0 411 4013
495 3758 87 87 Barakī_Barak 0 495 3758
462 3815 52 125 Karukh 0 462 3815
610 3837 67 127 Mehtar_Lām 0 610 3837
448 3634 83 146 Zarghūn_Shahr 0 448 3634
302 3554 92 81 Qalāt 0 302 3554
769 3613 67 70 Tarīn_Kōṯ 0 769 3613
531 3874 120 137 Maḩmūd-e_Rāqī 0 531 3874
511 3871 144 93 Qal‘ah-ye_Now 0 511 3871
597 3868 115 127 Dowlat_Shāh 0 597 3868
756 3826 106 103 Dowlatyār 0 756 3826
707 3871 106 114 Karbōṟī 0 707 3871
626 3794 87 120 Ḩāfiz̧ān 0 626 3794
510 3845 54 63 Mīr_Bachah_Kōṯ 0 510 3845
234 3735 98 130 Nīlī 0 234 3735
444 3744 56 80 Kalān_Deh 0 444 3744
658 3777 71 116 Kā’ī 0 658 3777
715 3879 106 114 Āsmār 0 715 3879
353 3557 60 69 Dū_Qal‘ah 0 353 3557
303 4061 91 130 Chimtāl 0 303 4061
546 3907 146 92 Bāzārak 0 546 3907
661 3831 147 144 Nūrgal 0 661 3831
530 3725 59 133 Salām_Khēl 0 530 3725
383 4062 92 104 Khulm 0 383 4062
238 4145 76 114 Qarqīn 0 238 4145
562 3608 142 142 Qal‘ah-ye_Kuhnah 0 562 3608
629 4211 140 52 Qal‘ah-ye_Kūf 0 629 4211
468 3814 135 129 Jalrēz 0 468 3814
659 3790 142 77 Nādir_Shāh_Kōṯ 0 659 3790
566 3756 52 150 ‘Alī_Khēl 0 566 3756
706 3822 104 115 Fayrōz_Kōh 0 706 3822
537 4102 142 87 Khwājah_Ghār 0 537 4102
554 3874 131 134 Shērwānī-ye_Bālā 0 554 3874
591 3942 118 88 Now_Dahānak 0 591 3942
384 3800 112 66 Zindah_Jān 0 384 3800
662 3869 60 142 Kanḏay 0 662 3869
429 3916 62 63 Bāzār-e_Tālah 0 429 3916
531 4057 50 74 Āfāqī 0 531 4057
512 3991 115 102 Nahrīn 0 512 3991
500 3877 110 72 Qāshqāl 0 500 3877
677 4253 130 109 Māymay 0 677 4253
627 4154 129 98 March 0 627 4154
480 3640 132 81 Ōmnah 0 480 3640
379 4119 111 109 Qaranghū_Tōghaī 0 379 4119
585 3689 66 97 Khōst 0 585 3689
473 3762 90 71 Markaz-e_Sayyidābād 0 473 3762
598 4075 90 92 Mashhad 0 598 4075
246 3697 109 77 Chowṉêy 0 246 3697
403 3649 121 108 Sarfirāz_Kalā 0 403 3649
672 3791 123 82 Bāsawul 0 672 3791
334 3836 90 95 Kuhsān 0 334 3836
399 3800 103 63 Wulêswālī_Bihsūd 0 399 3800
373 3625 74 110 Anār_Darah 0 373 3625
548 3673 100 110 Spērah 0 548 3673
312 3845 76 120 Nayak 0 312 3845
520 3867 133 116 Ghulām_‘Alī 0 520 3867
662 3803 121 140 Gōshtah 0 662 3803
259 4097 126 75 Mardīān 0 259 4097
350 3599 148 108 ‘Alāqahdārī_Shāh_Jōy 0 350 3599
361 3801 126 114 Ghōriyān 0 361 3801
453 3973 144 84 Ḩukūmatī_Dahanah-ye_Ghōrī 0 453 3973
234 3585 122 150 Zamtō_Kêlay 0 234 3585
461 4092 63 106 Āq_Tapah 0 461 4092
752 3505 52 139 Bābā_Şāḩib 0 752 3505
660 4043 85 58 Ghurayd_Gharamē 0 660 4043
684 4087 147 89 Chākarān 0 684 4087
427 3785 57 63 Guz̄arah 0 427 3785
522 3738 56 114 Qal‘ah-ye_Fārsī 0 522 3738
502 3761 130 127 Pul-e_‘Alam 0 502 3761
393 3936 143 69 Dūāb 0 393 3936
556 4052 147 148 Ţāqchah_Khānah 0 556 4052
528 3949 127 71 Deh-e_Şalāḩ 0 528 3949
638 3586 99 135 Now_Zād 0 638 3586
539 3885 77 112 Ḩājī_Khēl 0 539 3885
428 3616 96 57 Khōshāmand 0 428 3616
434 3712 72 59 Chahār_Qal‘ah 0 434 3712
523 3828 75 122 Pul-e_Sangī 0 523 3828
664 3780 61 55 Dū_Laīnah 0 664 3780
447 3687 107 109 Mīray 0 447 3687
645 3826 53 120 S̲h̲ēwah 0 645 3826
613 4082 80 51 Bāzār-e_Tashkān 0 613 4082
730 3676 79 62 Kajrān 0 730 3676
487 3806 77 84 Maīdān_Shahr 0 487 3806
529 3668 106 57 Zīṟūk_‘Alāqahdārī 0 529 3668
631 3709 97 110 Taywarah 0 631 3709
540 4137 55 89 Darqad 0 540 4137
584 3683 52 124 Shaykh_Amīr_Kêlay 0 584 3683
617 3950 116 75 Qaīşār 0 617 3950
515 3806 71 78 Qal‘ah-ye_Na‘īm 0 515 3806
494 3739 148 134 Charkh 0 494 3739
657 4256 97 71 Nūsay 0 657 4256
372 3621 90 128 ‘Alāqahdārī_Gēlān 0 372 3621
624 3855 87 82 Wuluswālī_‘Alīngār 0 624 3855
369 3509 80 92 Lāsh-e_Juwayn 0 369 3509
667 4017 91 147 Fayẕābād 0 667 4017
273 4078 56 66 Faīẕābād 0 273 4078
528 3366 68 62 ‘Alāqahdārī_Dīshū 0 528 3366
617 3785 100 51 Pachīr_wa_Āgām 0 617 3785
344 3512 87 136 ‘Alāqahdārī_Aṯghar 0 344 3512
436 3786 61 76 Mīrān 0 436 3786
733 3541 132 146 Zīārat-e_Shāh_Maqşūd 0 733 3541
578 3654 145 85 Dasht-e_Qal‘ah 0 578 3654
539 4112 130 137 Dasht-e_Qal‘ah 0 539 4112
342 3539 110 130 Ḩukūmat-e_Shīnkaī 0 342 3539
448 3635 97 57 Khayr_Kōṯ 0 448 3635
567 3759 105 124 Tūlak 0 567 3759
676 3840 96 147 Tsowkêy 0 676 3840
510 4059 81 150 Khānābād 0 510 4059
569 3827 107 79 Sarōbī 0 569 3827
540 3800 143 136 Chakaray 0 540 3800
771 3757 66 125 Khadīr 0 771 3757
473 3998 75 54 Baghlān 0 473 3998
516 3644 76 59 Urgūn 0 516 3644
523 3879 142 64 Ibrāhīm_Khān 0 523 3879
663 4081 81 117 Jurm 0 663 4081
529 3937 61 128 Bālā_Murghāb 0 529 3937
687 3848 67 100 Narang 0 687 3848
421 3851 107 103 Rabāţ-e_Sangī-ye_Pā’īn 0 421 3851
491 4041 95 84 ‘Alīābād 0 491 4041
320 4059 133 146 Dehdādī 0 320 4059
619 3808 62 93 Sulţānpūr-e_‘Ulyā 0 619 3808
513 4008 110 63 Būrkah 0 513 4008
568 3800 117 53 Chisht-e_Sharīf 0 568 3800
659 3988 107 51 ‘Alāqahdārī_Kirān_wa_Munjān 0 659 3988
471 3940 80 119 Dōshī 0 471 3940
650 3808 73 140 Sangar_Sarāy 0 650 3808
375 3909 74 90 Rū-ye_Sang 0 375 3909
249 4088 96 57 Āqchah 0 249 4088
420 3685 112 108 Shīnḏanḏ 0 420 3685
712 3950 100 117 Barg-e_Matāl 0 712 3950
523 3943 89 115 Banū 0 523 3943
634 3774 71 64 Kōṯowāl 0 634 3774
701 3953 121 103 Sar_Chakān 0 701 3953
502 3699 101 52 Zurmat 0 502 3699
720 3874 102 105 Dāngām 0 720 3874
642 4148 66 74 Pas_Pul 0 642 4148
593 3706 115 99 Khulbisāt 0 593 3706
495 3826 53 148 Chandal_Bā’ī 0 495 3826
519 3897 58 97 Bāgh-e_Maīdān 0 519 3897
513 3849 109 77 Kalakān 0 513 3849
661 3916 91 50 Lāsh 0 661 3916
502 3838 134 109 Surkh_Bilandī 0 502 3838
291 3606 91 114 Nāyak 0 291 3606
565 3861 67 103 Alah_Sāy 0 565 3861
486 3873 81 143 Siyāhgird 0 486 3873
763 4011 69 62 Sar-e_Pul 0 763 4011
599 3700 100 146 ‘Alī_Shēr_‘Alāqahdārī 0 599 3700
674 3873 72 50 Māṉōgay 0 674 3873
734 4079 110 72 Khwājah_Dū_Kōh 0 734 4079
608 3789 78 143 Kaz̲h̲ah 0 608 3789
535 3698 135 147 Shwāk 0 535 3698
491 3938 55 139 Khinjān 0 491 3938
443 3625 87 116 Jānī_Khēl 0 443 3625
315 3604 119 74 Sāyagaz 0 315 3604
318 3806 98 142 Panjāb 0 318 3806
743 4156 113 73 Khamyāb 0 743 4156
319 3635 140 88 Khākirān 0 319 3635
466 3644 62 125 Yaḩyá_Khēl 0 466 3644
585 3743 144 116 Tsapêraī 0 585 3743
244 4101 137 73 Mingajik 0 244 4101
465 3709 72 136 Rāmak 0 465 3709
495 3567 127 87 Markaz-e_Ḩukūmat-e_Sulţān-e_Bakwāh 0 495 3567
430 3795 80 119 Injīl 0 430 3795
414 3983 133 106 Langar 0 414 3983
747 3591 99 142 Dê_Nārkhēl_Kêlay 0 747 3591
572 4139 71 50 Chāh_Āb 0 572 4139
534 3648 131 53 Stêr_Giyān 0 534 3648
261 4092 74 66 Khandūd 0 261 4092
534 3727 145 77 Wulêswālī_Sayyid_Karam 0 534 3727
591 3789 80 113 Māmā_Khēl 0 591 3789
265 3562 128 96 Mīzān_‘Alāqahdārī 0 265 3562
248 3772 132 130 Quchanghī 0 248 3772
709 4045 80 107 Zaybāk 0 709 4045
575 3740 100 69 Tsamkanī 0 575 3740
701 3968 148 60 Bal_Chirāgh 0 701 3968
624 4102 126 95 Ḩāfiz̧_Moghul 0 624 4102
344 3980 87 68 Dehī 0 344 3980
731 3493 70 138 Pāshmūl 0 731 3493
360 3573 89 52 Kushkak 0 360 3573
521 3886 100 51 Jabal_us_Sarāj 0 521 3886
694 3500 114 148 Kishk-e_Nakhūd 0 694 3500
729 3900 68 57 Nāṟay 0 729 3900
305 3995 128 125 Āq_Kupruk 0 305 3995
487 3677 63 75 Mutā_Khān 0 487 3677
444 3727 140 89 Tōrmay 0 444 3727
504 3845 146 97 Deh-e_Now 0 504 3845
508 3628 82 64 ‘Alāqahdārī_Saṟōbī 0 508 3628
673 3549 97 79 Sangīn 0 673 3549
580 3568 111 51 Wāshēr 0 580 3568
481 4060 96 105 Dowr-e_Rabāţ 0 481 4060
458 3858 73 91 Kushk-e_Kuhnah 0 458 3858
637 4161 96 69 Zīrakī 0 637 4161
748 3711 80 57 Sar-e_Tayghān 0 748 3711
506 3882 100 140 Āb-e_Kamarī 0 506 3882
714 3984 88 89 Darzāb 0 714 3984
674 3921 52 69 Pārūn 0 674 3921
548 4053 149 56 Khānaqāh 0 548 4053
607 4194 105 96 Deh_Khwāhān 0 607 4194
432 3723 106 94 Adraskan 0 432 3723
250 3821 73 132 La‘l 0 250 3821
509 3785 113 104 Muḩammad_Āghah_Wuluswālī 0 509 3785
519 3762 133 79 Khōshī 0 519 3762
416 3859 90 129 Bulōlah 0 416 3859
467 3657 105 143 ‘Alāqahdārī_Yōsuf_Khēl 0 467 3657
584 4070 82 120 Kalafgān 0 584 4070
388 3867 126 65 Qarah_Bāgh 0 388 3867
416 3673 137 103 Qarah_Bāgh 0 416 3673
754 4002 90 116 Şayād 0 754 4002
672 4033 145 128 Dowlatābād 0 672 4033
306 4095 136 134 Dowlatābād 0 306 4095
638 3967 67 75 ‘Alāqahdārī-ye_Almār 0 638 3967
392 3853 56 59 Bāmyān 0 392 3853
515 3856 111 127 Qarah_Bāgh_Bāzār 0 515 3856
474 3670 116 58 Sharan 0 474 3670
620 3774 103 140 Shahrak 0 620 3774
654 4094 84 116 Shahrān 0 654 4094
683 4087 100 56 Qurghān 0 683 4087
534 3898 65 108 ’Unābah 0 534 3898
671 3729 129 147 Pasāband 0 671 3729
248 3998 109 82 Sōzmah_Qal‘ah 0 248 3998
580 3728 150 55 Tītān 0 580 3728
251 3433 54 141 Spīn_Bōldak 0 251 3433
697 4097 52 99 Chahār_Bāgh 0 697 4097
561 3906 94 72 Kirāmān 0 561 3906
507 3854 122 128 Istālif 0 507 3854
604 3880 50 77 Jowand 0 604 3880
450 3865 148 68 Dahan-e_Jarf 0 450 3865
215 3345 99 131 Amānzī 0 215 3345
559 3781 76 145 Ḩukūmatī_Azrah 0 559 3781
564 3685 77 132 Nādir_Shāh_Kōṯ 0 564 3685
494 4115 85 121 Imām_Şāḩib 0 494 4115
505 3849 58 61 Zargarān 0 505 3849
543 3849 94 133 Ḏanḏar 0 543 3849
516 3803 105 117 Ōbêh 0 516 3803
699 3544 57 52 Chinār 0 699 3544
693 3851 95 94 Sar_Kāṉī 0 693 3851
566 3920 100 149 Khinj 0 566 3920
384 3632 130 53 Muqêr 0 384 3632
568 3711 95 129 Zōr_Kōṯ 0 568 3711
682 4077 99 84 Qaram_Qōl 0 682 4077
664 3591 99 53 Mūsá_Qal‘ah 0 664 3591
354 3667 135 105 Sang-e_Māshah 0 354 3667
247 4083 144 93 Khānaqāh 0 247 4083
403 3751 96 91 Ōkak 0 403 3751
623 4080 98 106 Darāyim 0 623 4080
525 3672 111 114 Nīkêh 0 525 3672
648 3521 118 72 Gereshk 0 648 3521
576 4047 61 124 Farkhār 0 576 4047
246 3521 132 101 Shahr-e_Şafā 0 246 3521
645 3835 71 121 Qal‘ah-ye_Shāhī 0 645 3835
573 4109 108 112 Rustāq 0 573 4109
267 3981 92 113 Tukzār 0 267 3981
380 3893 79 58 Khudāydād_Khēl 0 380 3893
614 3824 130 140 Qarghah’ī 0 614 3824
617 3501 94 87 Ḩukūmat-e_Nād_‘Alī 0 617 3501
554 3682 100 100 Dwah_Manḏay 0 554 3682
575 3379 83 77 Khān_Neshīn 0 575 3379
691 3866 72 116 Wuṯahpūr 0 691 3866
572 3723 150 115 Maīdān_Khūlah 0 572 3723
525 3816 138 94 Bagrāmī 0 525 3816
542 3941 85 124 Pul-e_Ḩişār 0 542 3941
486 3596 142 111 Gōmal_Kêlay 0 486 3596
606 3905 68 59 Mandōl 0 606 3905
393 3426 92 133 Zaranj 0 393 3426
749 3961 132 67 Pasnay 0 749 3961
270 3494 143 62 Khūgyāṉī 0 270 3494
669 4096 58 114 Bahārak 0 669 4096
