26
401 4575 55 133 Tirana 0 401 4575
422 4551 101 125 Elbasan 0 422 4551
376 4658 73 122 Shkodër 0 376 4658
369 4575 122 128 Durrës 0 369 4575
371 4480 50 61 Vlorë 0 371 4480
378 4509 92 120 Fier 0 378 4509
481 4496 128 118 Korçë 0 481 4496
411 4506 60 53 Berat 0 411 4506
390 4533 96 59 Lushnjë 0 390 4533
470 4527 61 80 Pogradec 0 470 4527
426 4436 55 76 Gjirokastër 0 426 4436
399 4595 61 95 Krujë 0 399 4595
387 4626 78 148 Lezhë 0 387 4626
452 4658 83 82 Kukës 0 452 4658
417 4606 66 143 Burrel 0 417 4606
414 4414 54 107 Sarandë 0 414 4414
452 4614 104 131 Peshkopi 0 452 4614
434 4484 88 140 Çorovodë 0 434 4484
446 4562 88 80 Librazhd-Katund 0 446 4562
416 4461 53 77 Tepelenë 0 416 4461
431 4524 115 82 Gramsh 0 431 4524
444 4453 134 121 Përmet 0 444 4453
406 4624 68 115 Rrëshen 0 406 4624
423 4689 73 105 Bajram_Curri 0 423 4689
472 4465 57 50 Ersekë 0 472 4465
408 4655 123 137 Pukë 0 408 4655
