60
504 4068 117 74 Algiers 0 504 4068
713 3952 65 114 Oran 0 713 3952
285 4027 86 74 Constantine 0 285 4027
484 4036 113 138 Blida 0 484 4036
390 4084 77 111 Annaba 0 390 4084
350 4003 53 102 Chlef 0 350 4003
686 4069 84 59 Bejaïa 0 686 4069
244 3938 115 97 Batna 0 244 3938
717 4007 73 85 Sétif 0 717 4007
653 3860 51 145 Tlemcen 0 653 3860
313 4083 106 62 Skikda 0 313 4083
715 3896 149 135 Sidi_Bel_Abbès 0 715 3896
749 3859 116 65 Biskra 0 749 3859
237 3980 113 106 Mostaganem 0 237 3980
347 3915 89 106 Tiaret 0 347 3915
301 3692 125 114 El_Oued 0 301 3692
719 3535 128 56 Ouargla 0 719 3535
420 3918 53 101 Tébessa 0 420 3918
524 3836 69 72 Djelfa 0 524 3836
639 3952 68 130 M’Sila 0 639 3952
746 4078 108 136 Jijel 0 746 4078
477 4013 130 98 Médéa 0 477 4013
574 3498 60 115 Béchar 0 574 3498
239 3857 125 137 Saïda 0 239 3857
658 3993 100 63 Bordj_Bou_Arreridj 0 658 3993
405 4016 89 71 Souk_Ahras 0 405 4016
225 3666 61 104 Touggourt 0 225 3666
562 3594 150 138 Ghardaïa 0 562 3594
358 4036 96 60 Guelma 0 358 4036
487 3739 92 117 Laghouat 0 487 3739
580 4025 83 73 Bouira 0 580 4025
240 3920 122 68 Mascara 0 240 3920
329 3971 68 139 Oum_el_Bouaghi 0 329 3971
759 2521 81 50 Tamanrasset 0 759 2521
316 3728 150 146 El_Bayadh 0 316 3728
726 3626 78 85 Aïn_Sefra 0 726 3626
767 3085 137 101 Adrar 0 767 3085
230 3240 72 57 Timimoun 0 230 3240
446 3007 53 147 I-n-Salah 0 446 3007
218 2958 96 102 Reggane 0 218 2958
488 3381 70 50 El_Golea 0 488 3381
584 3061 52 100 Tindouf 0 584 3061
220 3511 66 65 Hassi_Messaoud 0 220 3511
526 3431 127 96 Abadla 0 526 3431
446 2929 142 79 Illizi 0 446 2929
665 3547 100 133 Beni_Ounif 0 665 3547
720 2622 54 89 I-n-Amguel 0 720 2622
549 2715 115 57 Djanet 0 549 2715
553 3102 114 90 I-n-Amenas 0 553 3102
254 4037 93 58 Mila 0 254 4037
331 3922 112 143 Khenchela 0 331 3922
593 4063 54 128 Tizi_Ouzou 0 593 4063
438 4069 81 93 El_Tarf 0 438 4069
407 4013 54 150 Aïn_Defla 0 407 4013
278 3957 130 131 Relizane 0 278 3957
749 3684 135 79 Naama 0 749 3684
542 4068 104 89 Boumerdes 0 542 4068
450 4049 121 107 Tipasa 0 450 4049
392 3941 140 64 Tissemsilt 0 392 3941
669 3907 98 117 Aïn_Temouchent 0 669 3907
