528
368 6169 28 24 Buenos_Aires 0 368 6169
387 6523 26 30 Córdoba 0 387 6523
720 6352 42 18 Rosario 0 720 6352
516 6360 34 28 Mendoza 0 516 6360
279 7031 40 29 San_Miguel_de_Tucumán 0 279 7031
412 6135 36 30 La_Plata 0 412 6135
451 5793 26 28 Mar_del_Plata 0 451 5793
256 7256 40 23 Salta 0 256 7256
718 6498 37 27 Santa_Fe 0 718 6498
544 6510 27 16 San_Juan 0 544 6510
748 6312 47 27 San_Luis 0 748 6312
303 6960 45 18 Resistencia 0 303 6960
609 6972 44 26 Posadas 0 609 6972
375 6924 28 30 Santiago_del_Estero 0 375 6924
318 6958 31 25 Corrientes 0 318 6958
266 7322 44 29 San_Salvador_de_Jujuy 0 266 7322
563 5714 32 25 Bahía_Blanca 0 563 5714
734 6486 34 26 Paraná 0 734 6486
581 5688 42 27 Neuquén 0 581 5688
382 7104 31 23 Formosa 0 382 7104
708 6744 29 29 La_Rioja 0 708 6744
374 6333 34 20 Río_Cuarto 0 374 6333
402 6526 49 24 Concordia 0 402 6526
616 4919 34 23 Comodoro_Rivadavia 0 616 4919
549 6339 39 16 San_Martín 0 549 6339
385 5946 48 26 Santa_Rosa 0 385 5946
561 6169 27 25 San_Rafael 0 561 6169
310 5867 47 18 Tandil 0 310 5867
306 5443 45 22 San_Carlos_de_Bariloche 0 306 5443
312 5208 50 16 Trelew 0 312 5208
477 6414 48 28 Villa_María 0 477 6414
242 6772 33 22 Reconquista 0 242 6772
312 6225 40 30 Zárate 0 312 6225
644 6541 49 20 Rafaela 0 644 6541
724 6247 25 21 Pergamino 0 724 6247
738 5913 38 28 Olavarría 0 738 5913
484 4280 46 20 Río_Gallegos 0 484 4280
688 6171 49 27 Junín 0 688 6171
754 7034 44 15 Presidencia_Roque_Sáenz_Peña 0 754 7034
306 6172 39 19 Luján 0 306 6172
319 6217 33 29 Campana 0 319 6217
348 5732 31 29 Necochea 0 348 5732
358 6346 25 26 Gualeguaychú 0 358 6346
364 7441 44 30 San_Ramón_de_la_Nueva_Orán 0 364 7441
622 5678 45 18 General_Roca 0 622 5678
595 6265 33 19 Venado_Tuerto 0 595 6265
279 6774 31 22 Goya 0 279 6774
357 6522 44 26 Villa_Carlos_Paz 0 357 6522
383 6405 31 28 Concepción_del_Uruguay 0 383 6405
516 6365 39 20 Las_Heras 0 516 6365
333 5262 50 18 Puerto_Madryn 0 333 5262
417 7509 28 17 Tartagal 0 417 7509
500 5481 50 27 Viedma 0 500 5481
587 6522 49 20 San_Francisco 0 587 6522
310 7318 41 29 San_Pedro 0 310 7318
545 3927 28 19 Ushuaia 0 545 3927
580 5696 38 28 Punta_Alta 0 580 5696
431 6053 35 23 General_Pico 0 431 6053
772 6134 43 19 Chivilcoy 0 772 6134
244 5926 36 24 Azul 0 244 5926
394 6439 39 25 Río_Tercero 0 394 6439
277 6162 33 20 Mercedes 0 277 6162
271 6271 39 18 Villa_Mercedes 0 271 6271
317 7366 26 23 Libertador_General_San_Martín 0 317 7366
481 5689 42 15 Cutral-Có 0 481 5689
326 6886 25 15 San_Lorenzo 0 326 6886
737 5749 38 29 Tres_Arroyos 0 737 5749
744 6316 50 28 Empalme_Villa_Constitución 0 744 6316
364 6497 48 21 Alta_Gracia 0 364 6497
529 6390 28 19 Bell_Ville 0 529 6390
692 6075 38 29 Nueve_de_Julio 0 692 6075
731 6163 40 26 Chacabuco 0 731 6163
284 6330 39 26 Gualeguay 0 284 6330
585 4039 43 21 Río_Grande 0 585 4039
395 6771 36 30 Mercedes 0 395 6771
725 6947 39 18 Villa_Ángela 0 725 6947
594 5854 37 22 Coronel_Suárez 0 594 5854
329 5203 42 24 Rawson 0 329 5203
439 5981 50 16 Dolores 0 439 5981
767 6387 36 28 Victoria 0 767 6387
634 6140 39 27 Lincoln 0 634 6140
756 6075 27 15 Veinticinco_de_Mayo 0 756 6075
498 6284 42 19 Tunuyán 0 498 6284
408 6062 29 30 Chascomús 0 408 6062
646 6773 49 26 Chilecito 0 646 6773
310 5246 50 22 Esquel 0 310 5246
292 7270 41 19 General_Martín_Miguel_de_Güemes 0 292 7270
408 5693 35 17 Zapala 0 408 5693
389 5810 35 29 Balcarce 0 389 5810
679 6988 41 26 Charata 0 679 6988
309 6104 39 25 Lobos 0 309 6104
516 6851 47 29 Añatuya 0 516 6851
528 5935 48 28 Mar_de_Ajó 0 528 5935
291 6830 33 22 Frías 0 291 6830
380 7225 49 20 Joaquín_V._González 0 380 7225
637 6575 42 26 Sunchales 0 637 6575
446 6074 48 16 Malargüe 0 446 6074
201 7113 28 22 Cafayate 0 201 7113
405 5683 47 20 Río_Colorado 0 405 5683
248 7244 25 28 Cerrillos 0 248 7244
517 7145 43 19 Monte_Quemado 0 517 7145
259 7431 32 26 Humahuaca 0 259 7431
694 6939 29 20 Belén 0 694 6939
253 5825 32 19 Benito_Juárez 0 253 5825
268 5650 48 18 Choele_Choel 0 268 5650
770 6737 40 23 Vera 0 770 6737
730 6591 40 29 San_Justo 0 730 6591
738 7128 33 17 Castelli 0 738 7128
758 6638 34 22 Chamical 0 758 6638
387 5862 41 19 Chos_Malal 0 387 5862
335 5489 34 27 San_Antonio_Oeste 0 335 5489
694 4420 31 23 El_Calafate 0 694 4420
743 7265 44 30 Las_Lomitas 0 743 7265
521 5885 43 22 Carhué 0 521 5885
527 5627 32 20 Pedro_Luro 0 527 5627
791 7515 46 29 Rinconada 0 791 7515
617 7356 48 21 Ingeniero_Guillermo_N._Juárez 0 617 7356
728 6529 38 19 Chepes 0 728 6529
454 5423 38 15 Ingeniero_Jacobacci 0 454 5423
686 4274 47 24 Veintiocho_de_Noviembre 0 686 4274
494 4951 27 25 Sarmiento 0 494 4951
222 7484 32 20 Abra_Pampa 0 222 7484
281 5989 39 21 Victorica 0 281 5989
634 6296 33 27 La_Paz 0 634 6296
230 7195 49 24 Comandante_Fontana 0 230 7195
320 5342 31 18 El_Maitén 0 320 5342
772 7319 28 29 San_Antonio_de_los_Cobres 0 772 7319
352 4838 26 16 Perito_Moreno 0 352 4838
485 5828 40 20 Darregueira 0 485 5828
283 4707 33 16 Puerto_Deseado 0 283 4707
377 5560 25 16 General_Conesa 0 377 5560
681 7067 26 22 Pampa_del_Infierno 0 681 7067
532 5581 33 24 Villalonga 0 532 5581
769 6805 46 17 Chumbicha 0 769 6805
408 4599 28 22 Gobernador_Gregores 0 408 4599
467 6393 42 24 Uspallata 0 467 6393
592 4537 25 21 San_Julián 0 592 4537
402 4940 26 28 Río_Mayo 0 402 4940
272 7096 37 28 Trancas 0 272 7096
356 5010 36 24 Alto_Río_Senguer 0 356 5010
605 5506 36 21 Sierra_Colorada 0 605 5506
360 6437 49 16 Villa_Rumipal 0 360 6437
380 5735 33 25 Las_Lajas 0 380 5735
540 7390 31 18 Los_Blancos 0 540 7390
769 7409 37 27 Susques 0 769 7409
393 5457 29 26 Comallo 0 393 5457
486 6657 39 18 Rodeo 0 486 6657
641 6894 37 21 Tinogasta 0 641 6894
481 5319 25 19 Gastre 0 481 5319
669 5299 36 23 Telsen 0 669 5299
506 4463 31 22 Comandante_Luis_Piedra_Buena 0 506 4463
268 6866 37 18 El_Alto 0 268 6866
359 6184 38 19 San_Isidro 0 359 6184
804 7570 50 21 Santa_Catalina 0 804 7570
238 6883 25 21 La_Merced 0 238 6883
397 6048 34 28 Trenel 0 397 6048
523 6019 26 28 Trenque_Lauquen 0 523 6019
568 5782 49 28 Tornquist 0 568 5782
246 6924 26 15 La_Cocha 0 246 6924
515 6356 39 26 Godoy_Cruz 0 515 6356
610 6484 35 15 Sastre 0 610 6484
446 6454 49 24 Oliva 0 446 6454
778 6290 26 16 Ramallo 0 778 6290
486 6307 36 27 Tupungato 0 486 6307
269 7031 50 22 Yerba_Buena 0 269 7031
258 7277 45 15 La_Caldera 0 258 7277
299 6548 31 25 San_Carlos 0 299 6548
206 7133 30 18 San_Carlos 0 206 7133
242 6215 48 17 Capitán_Sarmiento 0 242 6215
447 6885 42 27 Garza 0 447 6885
301 7178 39 18 Metán 0 301 7178
666 5970 41 16 Algarrobo_del_Águila 0 666 5970
237 6412 40 17 Nogoyá 0 237 6412
426 5764 46 16 Miramar 0 426 5764
764 6946 34 22 Andalgalá 0 764 6946
351 5883 40 18 Andacollo 0 351 5883
363 6180 44 29 Olivos 0 363 6180
372 6159 37 26 Lanús 0 372 6159
696 7034 40 15 Puerto_Rico 0 696 7034
438 6652 45 24 Monte_Caseros 0 438 6652
406 6875 41 23 Brea_Pozo 0 406 6875
728 6948 27 17 Alba_Posse 0 728 6948
708 6213 26 23 Rojas 0 708 6213
297 6423 35 24 Rosario_del_Tala 0 297 6423
371 6152 36 30 Lomas_de_Zamora 0 371 6152
412 6911 37 25 Fernández 0 412 6911
365 6040 34 20 General_Belgrano 0 365 6040
241 6962 46 21 Aguilares 0 241 6962
272 6888 39 20 Bañado_de_Ovanta 0 272 6888
449 6508 34 30 Villa_del_Rosario 0 449 6508
557 6521 38 18 Villa_del_Salvador 0 557 6521
431 6590 40 21 Villa_del_Totoral 0 431 6590
511 6344 36 30 Luján_de_Cuyo 0 511 6344
267 7019 40 16 San_Isidro_de_Lules 0 267 7019
275 7315 39 15 Palpalá 0 275 7315
389 5990 31 28 Winifreda 0 389 5990
294 6970 48 16 Puerto_Tirol 0 294 6970
247 7175 25 18 Guachipas 0 247 7175
671 6342 48 22 Casilda 0 671 6342
327 6599 44 21 Cruz_del_Eje 0 327 6599
501 5875 31 20 Villa_Gesell 0 501 5875
739 6382 40 18 Villa_General_Roca 0 739 6382
701 7017 42 27 Corzuela 0 701 7017
360 6542 50 24 Cosquín 0 360 6542
295 7108 25 15 La_Candelaria 0 295 7108
485 5986 35 21 Pellegrini 0 485 5986
550 6327 43 15 Rivadavia 0 550 6327
324 6185 33 22 Pilar 0 324 6185
583 6381 44 24 Marcos_Juárez 0 583 6381
331 6149 26 16 Marcos_Paz 0 331 6149
564 6487 43 20 Villa_Santa_Rosa 0 564 6487
575 6756 32 22 Villa_Unión 0 575 6756
646 6610 46 26 San_Agustín_de_Valle_Fértil 0 646 6610
678 7316 27 23 Laguna_Yema 0 678 7316
643 6274 36 20 Melincué 0 643 6274
423 6934 34 30 La_Cañada 0 423 6934
270 7480 34 22 Iruya 0 270 7480
552 5837 41 29 Pigüé 0 552 5837
293 6151 36 25 Buena_Esperanza 0 293 6151
776 7025 37 25 Quitilipi 0 776 7025
650 6367 31 24 Cañada_de_Gómez 0 650 6367
386 6122 43 22 Realicó 0 386 6122
748 6320 46 19 Villa_Constitución 0 748 6320
350 6971 48 29 San_Cosme 0 350 6971
217 7010 39 24 Presidencia_de_la_Plaza 0 217 7010
267 6255 30 22 Baradero 0 267 6255
547 6522 50 15 San_Martín 0 547 6522
310 6012 46 24 Las_Flores 0 310 6012
359 6173 37 17 General_San_Martín 0 359 6173
390 6153 42 16 Berazategui 0 390 6153
622 6911 48 29 Apóstoles 0 622 6911
376 6982 29 15 Itatí 0 376 6982
571 7432 37 17 General_Enrique_Mosconi 0 571 7432
395 6571 26 28 Jesús_María 0 395 6571
295 6797 39 27 San_Antonio 0 295 6797
625 5691 49 17 Monte_Hermoso 0 625 5691
683 6780 28 18 Sañogasta 0 683 6780
663 6945 35 21 Hermoso_Campo 0 663 6945
261 7005 26 24 Famaillá 0 261 7005
644 6799 29 16 Famatina 0 644 6799
592 6706 34 24 Selva 0 592 6706
544 6516 48 23 Chimbas 0 544 6516
357 6161 48 29 San_Justo 0 357 6161
564 6516 27 16 Villa_San_Isidro 0 564 6516
322 6133 34 19 General_Las_Heras 0 322 6133
266 7062 26 27 General_José_de_San_Martín 0 266 7062
487 5905 31 23 General_Juan_Madariaga 0 487 5905
654 5876 41 30 General_La_Madrid 0 654 5876
638 5157 31 29 Las_Plumas 0 638 5157
493 6849 31 27 Herrera 0 493 6849
557 6943 27 21 Quimilí 0 557 6943
447 6952 39 21 Berón_de_Astrada 0 447 6952
434 5804 42 20 Bernasconi 0 434 5804
777 6977 31 29 El_Soberbio 0 777 6977
644 5794 33 27 Coronel_Pringles 0 644 5794
700 6988 30 21 Campo_Grande 0 700 6988
613 5818 34 30 Veinticinco_de_Mayo 0 613 5818
335 6197 27 29 Belén_de_Escobar 0 335 6197
370 6123 43 27 San_Vicente 0 370 6123
756 6978 42 21 Villa_Berthet 0 756 6978
469 6083 48 19 Verónica 0 469 6083
336 6076 49 22 San_Miguel_del_Monte 0 336 6076
240 6192 28 19 Carmen_de_Areco 0 240 6192
339 6119 42 21 Cañuelas 0 339 6119
316 6956 32 26 Termas_de_Río_Hondo 0 316 6956
226 6880 31 18 La_Puerta 0 226 6880
670 5986 29 20 San_Carlos_de_Bolívar 0 670 5986
271 5752 40 25 San_Cayetano 0 271 5752
512 5893 40 22 Pinamar 0 512 5893
370 6461 40 18 San_Agustín 0 370 6461
260 7390 43 22 Tilcara 0 260 7390
449 6009 44 30 Quemú_Quemú 0 449 6009
579 6320 27 23 Santa_Rosa 0 579 6320
454 6749 31 18 Sumampa 0 454 6749
334 5655 36 24 Aluminé 0 334 5655
376 7101 31 19 Nueva_Esperanza 0 376 7101
356 5755 34 25 Cuchillo_Có 0 356 5755
593 6841 34 23 Santo_Tomé 0 593 6841
323 5575 42 19 Junín_de_los_Andes 0 323 5575
539 6498 46 23 Villa_Aberastain 0 539 6498
772 7183 30 24 Molinos 0 772 7183
432 6736 42 23 Villa_Ojo_de_Agua 0 432 6736
457 6910 37 28 Suncho_Corral 0 457 6910
475 5625 36 23 Picún_Leufú 0 475 5625
758 6308 30 24 San_Nicolás_de_los_Arroyos 0 758 6308
235 6857 26 29 San_José 0 235 6857
244 7221 28 24 Chicoana 0 244 7221
380 6068 46 27 Ranchos 0 380 6068
568 6497 39 20 Caucete 0 568 6497
360 6142 50 21 José_María_Ezeiza 0 360 6142
322 6906 50 19 Empedrado 0 322 6906
358 5784 29 27 Loncopué 0 358 5784
357 5862 41 20 General_Acha 0 357 5862
243 6972 36 25 Concepción 0 243 6972
413 6859 47 22 Concepción 0 413 6859
577 6818 41 29 Vinchina 0 577 6818
297 5203 34 19 Gaimán 0 297 5203
292 6419 34 18 Santa_Rosa_del_Conlara 0 292 6419
272 6207 39 24 San_Antonio_de_Areco 0 272 6207
551 5901 40 25 Guaminí 0 551 5901
372 6145 49 16 Florencio_Varela 0 372 6145
786 6566 42 15 Milagro 0 786 6566
326 7067 37 18 Burruyacú 0 326 7067
252 6270 46 29 San_Pedro 0 252 6270
722 6449 27 22 Diamante 0 722 6449
340 6873 49 28 Saladas 0 340 6873
554 6461 29 16 Villa_Media_Agua 0 554 6461
382 5121 35 20 José_de_San_Martín 0 382 5121
503 5932 25 18 Salliqueló 0 503 5932
301 6533 46 30 Salsacate 0 301 6533
453 5830 49 18 Guatraché 0 453 5830
408 5566 33 24 Piedra_del_Águila 0 408 5566
295 6791 40 19 Santa_Lucía 0 295 6791
547 6510 48 16 Santa_Lucía 0 547 6510
398 6703 41 17 Curuzú_Cuatiá 0 398 6703
275 6185 29 23 San_Andrés_de_Giles 0 275 6185
728 6589 26 19 Malanzán 0 728 6589
737 6622 32 26 Tama 0 737 6622
766 5972 47 24 Tapalqué 0 766 5972
356 6187 43 22 San_Fernando 0 356 6187
377 6931 30 16 La_Banda 0 377 6931
263 7303 46 24 San_Antonio 0 263 7303
438 6930 31 15 Nuestra_Señora_del_Rosario_de_Caa_Catí 0 438 6930
544 6507 47 30 Villa_Krause 0 544 6507
275 5482 47 29 Villa_La_Angostura 0 275 5482
683 6915 31 29 San_Javier 0 683 6915
218 6613 34 23 San_Javier 0 218 6613
384 6156 33 26 Quilmes 0 384 6156
462 5970 43 21 Catriló 0 462 5970
690 7002 43 28 Las_Breñas 0 690 7002
552 6083 28 20 Carlos_Tejedor 0 552 6083
712 6374 47 16 San_Lorenzo 0 712 6374
762 6503 43 17 Ulapes 0 762 6503
435 5855 30 16 Coronel_Vidal 0 435 5855
459 6518 47 25 Tamberías 0 459 6518
456 6793 45 16 Los_Telares 0 456 6793
239 7234 50 16 Rosario_de_Lerma 0 239 7234
302 7145 48 28 Rosario_de_la_Frontera 0 302 7145
526 5702 31 20 Médanos 0 526 5702
623 5679 33 21 General_Roca 0 623 5679
599 6036 41 23 Pehuajó 0 599 6036
344 6180 37 15 Los_Polvorines 0 344 6180
740 5490 34 29 Valcheta 0 740 5490
379 6896 30 21 Arraga 0 379 6896
285 5036 46 15 Camarones 0 285 5036
227 6847 32 28 San_Fernando_del_Valle_de_Catamarca 0 227 6847
241 7180 45 17 La_Viña 0 241 7180
736 7077 44 24 Eldorado 0 736 7077
472 6302 40 24 La_Carlota 0 472 6302
696 6460 25 27 Coronda 0 696 6460
347 6163 49 21 Ituzaingó 0 347 6163
531 6949 47 16 Ituzaingó 0 531 6949
383 6024 30 17 Eduardo_Castex 0 383 6024
392 6434 32 19 Colón 0 392 6434
675 6247 34 21 Colón 0 675 6247
524 6654 45 17 San_José_de_Jáchal 0 524 6654
331 6637 42 26 San_José_de_Feliciano 0 331 6637
723 7059 28 25 Montecarlo 0 723 7059
357 6500 41 28 San_Salvador 0 357 6500
353 5182 36 18 Tecka 0 353 5182
379 6897 41 26 Mburucuyá 0 379 6897
522 5433 43 28 Maquinchao 0 522 5433
248 6410 26 22 Libertador_General_San_Martín 0 248 6410
353 6579 44 16 Dolores 0 353 6579
648 5713 27 26 Coronel_Dorrego 0 648 5713
520 6350 33 19 Maipú 0 520 6350
421 5919 42 17 Maipú 0 421 5919
343 7236 49 22 Espinillo 0 343 7236
360 5832 38 27 El_Huecú 0 360 5832
329 5302 29 18 Leleque 0 329 5302
696 6518 39 26 Esperanza 0 696 6518
700 6807 39 27 Aminga 0 700 6807
686 6855 31 22 San_Blas_de_los_Sauces 0 686 6855
430 6691 26 23 Villa_de_María 0 430 6691
496 5143 33 17 Paso_de_Indios 0 496 5143
362 5620 30 21 Las_Coloradas 0 362 5620
367 5887 33 29 Ayacucho 0 367 5887
534 4459 41 20 Puerto_Santa_Cruz 0 534 4459
556 5580 37 16 El_Cuy 0 556 5580
346 6267 35 23 Villa_Paranacito 0 346 6267
354 6190 28 28 Tigre 0 354 6190
297 7538 46 22 Santa_Victoria 0 297 7538
339 6178 28 26 José_C._Paz 0 339 6178
520 5844 43 23 Puan 0 520 5844
356 6169 47 30 Caseros 0 356 6169
346 6956 43 20 San_Luis_del_Palmar 0 346 6956
342 5365 30 25 Ñorquinco 0 342 5365
308 6472 38 21 Villaguay 0 308 6472
491 6712 30 16 Paso_de_los_Libres 0 491 6712
706 5884 44 15 Limay_Mahuida 0 706 5884
266 6982 26 22 Simoca 0 266 6982
354 5446 46 22 Pilcaniyeu 0 354 5446
470 5958 31 24 General_Conesa 0 470 5958
659 7116 32 26 Antofagasta_de_la_Sierra 0 659 7116
349 6171 34 20 Hurlingham 0 349 6171
213 6940 40 30 Charadai 0 213 6940
308 6490 29 30 Villa_Cura_Brochero 0 308 6490
273 6988 29 26 Makallé 0 273 6988
331 7310 27 20 Santa_Clara 0 331 7310
249 7018 36 28 Colonia_Elisa 0 249 7018
726 6979 40 27 San_Bernardo 0 726 6979
244 5774 50 28 Puelches 0 244 5774
488 6267 28 20 La_Consulta 0 488 6267
255 6810 28 28 Ancasti 0 255 6810
615 5982 27 23 Henderson 0 615 5982
370 6633 34 23 Deán_Funes 0 370 6633
252 5826 27 20 Benito_Juárez 0 252 5826
532 6508 48 22 Rivadavia 0 532 6508
511 7324 29 20 Rivadavia 0 511 7324
548 6144 26 19 Ameghino 0 548 6144
440 5889 25 24 Macachín 0 440 5889
463 6223 37 15 Laboulaye 0 463 6223
373 6135 44 20 Guernica 0 373 6135
396 6015 46 21 Pila 0 396 6015
375 6163 27 22 Avellaneda 0 375 6163
429 5944 41 30 General_Guido 0 429 5944
728 6110 47 17 Bragado 0 728 6110
387 6107 33 24 Brandsen 0 387 6107
363 6109 47 22 Parera 0 363 6109
773 6880 40 27 Saujil 0 773 6880
669 6645 37 17 San_Cristóbal 0 669 6645
427 6005 31 17 Castelli 0 427 6005
419 6140 29 20 Berisso 0 419 6140
514 7059 49 27 Campo_Gallo 0 514 7059
548 6332 36 22 Junín 0 548 6332
275 7041 39 29 Tafí_Viejo 0 275 7041
230 7026 36 23 Tafí_del_Valle 0 230 7026
518 5754 32 30 Añelo 0 518 5754
633 6405 35 17 Las_Rosas 0 633 6405
762 6608 36 22 Olta 0 762 6608
304 6983 34 16 Margarita_Belén 0 304 6983
538 6379 47 28 General_Lavalle 0 538 6379
505 5970 49 23 General_Lavalle 0 505 5970
420 6847 33 23 Villa_Atamisqui 0 420 6847
249 7359 44 29 Tumbaya 0 249 7359
748 6120 41 17 Alberti 0 748 6120
414 6569 48 17 Federación 0 414 6569
329 6574 43 28 Federal 0 329 6574
255 6339 33 25 La_Toma 0 255 6339
235 7093 41 23 Bernardo_de_Irigoyen 0 235 7093
619 6765 32 18 Tostado 0 619 6765
633 6181 27 15 Vedia 0 633 6181
595 6896 50 30 Gobernador_Ingeniero_Valentín_Virasoro 0 595 6896
527 5952 30 19 Mar_del_Tuyú 0 527 5952
320 6168 32 18 General_Rodríguez 0 320 6168
427 7203 36 19 Clorinda 0 427 7203
351 6164 36 29 Morón 0 351 6164
576 6791 50 25 Villa_Castelli 0 576 6791
248 6052 50 29 Saladillo 0 248 6052
571 6804 37 15 Bandera 0 571 6804
254 6149 47 20 Suipacha 0 254 6149
284 7030 46 21 Banda_del_Río_Salí 0 284 7030
640 6972 36 20 Santa_Ana 0 640 6972
792 7018 26 18 Machagai 0 792 7018
669 6977 35 29 General_Pinedo 0 669 6977
292 6123 34 20 Navarro 0 292 6123
331 7008 43 26 La_Leonesa 0 331 7008
453 6117 30 20 Magdalena 0 453 6117
732 7120 41 23 Puerto_Esperanza 0 732 7120
501 5483 27 23 Carmen_de_Patagones 0 501 5483
793 7043 43 27 Santa_María 0 793 7043
557 6496 42 15 Nueve_de_Julio 0 557 6496
601 6152 25 19 General_Pinto 0 601 6152
704 6674 30 16 Patquía 0 704 6674
645 6984 32 15 San_Ignacio 0 645 6984
241 6945 34 27 Villa_Alberdi 0 241 6945
300 6844 45 25 Bella_Vista 0 300 6844
271 7008 26 26 Bella_Vista 0 271 7008
313 5928 44 23 Rauch 0 313 5928
301 7402 41 20 Valle_Grande 0 301 7402
756 7084 41 30 Tres_Isletas 0 756 7084
783 7262 31 18 La_Poma 0 783 7262
288 7152 47 29 Pirané 0 288 7152
446 6100 31 28 Intendente_Alvear 0 446 6100
376 5940 46 27 Toay 0 376 5940
611 5948 29 17 Daireaux 0 611 5948
256 6676 43 19 Esquina 0 256 6676
777 6555 40 19 Helvecia 0 777 6555
270 7301 45 23 El_Carmen 0 270 7301
785 7218 26 21 Cachí 0 785 7218
645 6903 30 23 Concepción_de_la_Sierra 0 645 6903
512 5965 30 18 Tres_Lomas 0 512 5965
416 6141 32 29 Ensenada 0 416 6141
648 6056 45 22 Carlos_Casares 0 648 6056
769 6389 45 21 San_Francisco_del_Monte_de_Oro 0 769 6389
337 7096 47 15 San_Francisco_de_Laishí 0 337 7096
259 6939 41 18 Graneros 0 259 6939
520 6746 38 15 Villa_Unión 0 520 6746
754 5786 40 25 González_Chaves 0 754 5786
392 6636 38 20 Villa_Tulumba 0 392 6636
232 7553 37 20 La_Quiaca 0 232 7553
655 6202 38 20 General_Arenales 0 655 6202
619 6128 30 27 General_Alvear 0 619 6128
769 6009 30 25 General_Alvear 0 769 6009
289 6395 45 17 Concarán 0 289 6395
714 7033 47 20 Campo_Largo 0 714 7033
299 5552 32 28 San_Martín_de_los_Andes 0 299 5552
714 6838 37 21 Aimogasta 0 714 6838
461 6553 37 28 Santa_Rosa_de_Río_Primero 0 461 6553
233 6848 42 30 San_Isidro 0 233 6848
246 6595 25 16 La_Paz 0 246 6595
685 6958 48 16 Oberá 0 685 6958
534 6772 43 18 La_Cruz 0 534 6772
277 6747 43 19 Esquiú 0 277 6747
787 7052 31 21 San_Pedro 0 787 7052
286 6906 50 21 San_Pedro 0 286 6906
442 6903 50 22 San_Miguel 0 442 6903
332 6837 34 20 San_Roque 0 332 6837
343 5775 46 22 Lobería 0 343 5775
341 6162 28 29 Merlo 0 341 6162
422 5898 44 30 Buta_Ranquil 0 422 5898
354 6143 33 22 Villa_Huidobro 0 354 6143
752 6201 31 30 Salto 0 752 6201
327 6670 29 15 Sauce 0 327 6670
694 5842 33 25 Laprida 0 694 5842
683 6919 41 18 Santa_Sylvina 0 683 6919
352 6994 32 27 Pozo_Hondo 0 352 6994
767 6226 34 23 Arrecifes 0 767 6226
684 5988 47 17 Santa_Isabel 0 684 5988
543 6781 50 22 Alvear 0 543 6781
288 6080 27 19 Roque_Pérez 0 288 6080
409 6704 41 16 San_Francisco_del_Chañar 0 409 6704
306 6203 47 26 Capilla_del_Señor 0 306 6203
252 6992 47 25 Monteros 0 252 6992
665 6945 45 19 Leandro_N._Alem 0 665 6945
520 6360 28 25 Villa_Nueva 0 520 6360
679 6125 31 18 General_Viamonte 0 679 6125
498 6123 30 27 General_Villegas 0 498 6123
