80
601 5339 28 28 Vienna 0 601 5339
448 5349 25 15 Linz 0 448 5349
534 5212 26 19 Graz 0 534 5212
352 5295 41 30 Salzburg 0 352 5295
681 5237 48 24 Innsbruck 0 681 5237
446 5163 50 25 Klagenfurt 0 446 5163
593 5294 37 25 Wiener_Neustadt 0 593 5294
557 5261 29 23 Bregenz 0 557 5261
613 5300 33 24 Eisenstadt 0 613 5300
555 5251 32 16 Dornbirn 0 555 5251
516 5184 41 23 Deutschlandsberg 0 516 5184
573 5237 40 23 Hartberg 0 573 5237
399 5319 40 27 Vöcklabruck 0 399 5319
474 5223 45 18 Judenburg 0 474 5223
412 5162 40 25 Villach 0 412 5162
364 5245 37 19 Sankt_Johann_im_Pongau 0 364 5245
511 5208 25 21 Voitsberg 0 511 5208
512 5384 32 16 Zwettl 0 512 5384
512 5316 25 27 Scheibbs 0 512 5316
433 5305 28 30 Kirchdorf 0 433 5305
410 5307 43 21 Gmunden 0 410 5307
579 5377 46 15 Hollabrunn 0 579 5377
428 5335 35 23 Wels 0 428 5335
498 5401 31 23 Gmünd 0 498 5401
472 5167 38 24 Völkermarkt 0 472 5167
302 5258 35 15 Kitzbühel 0 302 5258
463 5371 42 15 Freistadt 0 463 5371
577 5353 39 29 Tulln 0 577 5353
703 5245 40 28 Schwaz 0 703 5245
408 5220 44 23 Tamsweg 0 408 5220
616 5380 48 23 Mistelbach 0 616 5380
332 5242 42 15 Zell_am_See 0 332 5242
547 5338 26 18 Sankt_Pölten 0 547 5338
547 5388 43 25 Horn 0 547 5388
541 5181 32 23 Leibnitz 0 541 5181
472 5344 28 19 Perg 0 472 5344
490 5329 37 26 Amstetten 0 490 5329
598 5356 26 22 Korneuburg 0 598 5356
424 5379 30 20 Rohrbach 0 424 5379
329 5188 30 17 Lienz 0 329 5188
375 5165 26 15 Hermagor 0 375 5165
629 5260 49 29 Reutte 0 629 5260
521 5251 36 18 Bruck_an_der_Mur 0 521 5251
631 5319 41 27 Bruck_an_der_Leitha 0 631 5319
631 5232 31 16 Imst 0 631 5232
507 5247 45 15 Leoben 0 507 5247
451 5179 31 19 Sankt_Veit_an_der_Glan 0 451 5179
627 5355 46 28 Gänserndorf 0 627 5355
523 5340 35 25 Melk 0 523 5340
357 5282 30 24 Hallein 0 357 5282
604 5287 50 17 Mattersburg 0 604 5287
431 5174 29 19 Feldkirchen 0 431 5174
436 5217 44 23 Murau 0 436 5217
567 5200 30 27 Feldbach 0 567 5200
561 5222 32 30 Bludenz 0 561 5222
544 5362 30 21 Krems_an_der_Donau 0 544 5362
595 5326 30 18 Mödling 0 595 5326
597 5350 47 29 Klosterneuburg 0 597 5350
456 5322 46 29 Steyr 0 456 5322
636 5310 38 22 Neusiedl_am_See 0 636 5310
581 5285 48 27 Neunkirchen 0 581 5285
488 5187 50 27 Wolfsberg 0 488 5187
618 5221 49 30 Landeck 0 618 5221
427 5351 28 21 Eferding 0 427 5351
546 5229 44 17 Weiz 0 546 5229
385 5184 48 15 Spittal_an_der_Drau 0 385 5184
520 5407 38 28 Waidhofen_an_der_Thaya 0 520 5407
624 5295 28 21 Rust 0 624 5295
591 5318 32 26 Baden 0 591 5318
442 5268 42 16 Liezen 0 442 5268
590 5237 49 20 Oberwart 0 590 5237
388 5341 37 24 Ried_im_Innkreis 0 388 5341
614 5261 46 19 Oberpullendorf 0 614 5261
601 5213 27 26 Güssing 0 601 5213
413 5342 40 17 Grieskirchen 0 413 5342
384 5367 49 22 Schärding 0 384 5367
547 5318 34 27 Lilienfeld 0 547 5318
587 5199 41 17 Jennersdorf 0 587 5199
286 5273 42 30 Kufstein 0 286 5273
354 5347 35 27 Braunau_am_Inn 0 354 5347
