219
334 6251 143 122 Sydney 0 334 6251
321 5810 125 89 South_Melbourne 0 321 5810
502 6961 135 116 Brisbane 0 502 6961
392 6464 117 139 Perth 0 392 6464
280 6132 71 140 Adelaide 0 280 6132
386 6356 116 60 Newcastle 0 386 6356
542 6902 57 131 Gold_Coast 0 542 6902
349 5781 98 92 Cranbourne 0 349 5781
694 6094 63 122 Canberra 0 694 6094
306 6188 127 113 Wollongong 0 306 6188
268 5773 84 135 Geelong 0 268 5773
368 8128 60 102 Cairns 0 368 8128
479 7869 58 56 Townsville 0 479 7869
493 6007 51 66 Albury 0 493 6007
280 6137 134 54 Nowra 0 280 6137
699 8622 112 128 Darwin 0 699 8622
396 6951 137 135 Toowoomba 0 396 6951
752 5838 59 82 Ballarat 0 752 5838
257 5928 141 127 Bendigo 0 257 5928
527 5252 147 136 Hobart 0 527 5252
726 7663 95 88 North_Mackay 0 726 7663
379 6400 61 63 Mandurah 0 379 6400
511 5412 88 62 Launceston 0 511 5412
245 7412 115 122 Rockhampton 0 245 7412
510 6648 129 148 Coffs_Harbour 0 510 6648
532 6112 144 84 Wagga_Wagga 0 532 6112
434 7249 112 125 Bundaberg 0 434 7249
491 6522 124 71 Port_Macquarie 0 491 6522
607 6216 79 130 Mildura 0 607 6216
448 6469 55 109 Taree 0 448 6469
695 6315 58 118 Orange 0 695 6315
513 7036 62 99 Caloundra 0 513 7036
300 6556 92 141 West_Tamworth 0 300 6556
353 6597 51 56 Kalgoorlie 0 353 6597
356 5972 108 73 Shepparton 0 356 5972
343 7707 70 132 Mount_Isa 0 343 7707
553 6883 53 55 Tweed_Heads 0 553 6883
702 6085 63 140 Queanbeyan 0 702 6085
287 5826 138 109 Melton 0 287 5826
651 6431 141 150 Dubbo 0 651 6431
495 7004 127 50 Caboolture 0 495 7004
527 6814 150 127 North_Lismore 0 527 6814
322 7361 92 68 Gladstone 0 322 7361
629 5750 57 82 Warrnambool 0 629 5750
299 5838 110 137 Sunbury 0 299 5838
386 7378 102 129 Alice_Springs 0 386 7378
267 6814 133 137 Geraldton 0 267 6814
373 6311 61 115 Bunbury 0 373 6311
579 6126 51 97 Albany 0 579 6126
487 7202 138 85 Hervey_Bay 0 487 7202
480 5812 106 131 Mount_Gambier 0 480 5812
372 6624 119 129 Armidale 0 372 6624
739 6342 57 54 Whyalla 0 739 6342
505 5781 104 150 Sale 0 505 5781
250 6266 105 119 Katoomba 0 250 6266
749 6151 142 106 Goulburn 0 749 6151
470 7175 111 78 Maryborough 0 470 7175
385 6433 110 88 Kwinana 0 385 6433
407 5454 73 93 Burnie 0 407 5454
297 5998 92 71 Echuca 0 297 5998
445 5441 90 75 Devonport 0 445 5441
515 7703 143 84 Roebourne 0 515 7703
367 6375 62 130 East_Maitland 0 367 6375
459 5772 117 124 Traralgon 0 459 5772
342 6112 62 62 Murray_Bridge 0 342 6112
454 6439 130 88 Forster 0 454 6439
542 6463 128 138 Broken_Hill 0 542 6463
483 7706 113 89 Karratha 0 483 7706
293 6168 131 141 Gawler 0 293 6168
412 6205 51 114 Griffith 0 412 6205
525 5240 82 57 Kingston_Beach 0 525 5240
668 7753 62 95 Port_Hedland 0 668 7753
555 6806 129 96 Ballina 0 555 6806
439 5976 120 147 Wangaratta 0 439 5976
758 6402 80 72 Port_Augusta_West 0 758 6402
288 6281 144 98 Richmond_North 0 288 6281
327 6395 96 67 Singleton 0 327 6395
515 7004 70 131 Bongaree 0 515 7004
580 6156 57 66 Port_Lincoln 0 580 6156
419 8014 92 91 Broome 0 419 8014
607 5936 54 77 Horsham 0 607 5936
221 6323 60 76 Port_Pirie 0 221 6323
405 6878 87 125 Warwick 0 405 6878
483 6561 76 71 Kempsey 0 483 6561
552 5754 149 146 Portland 0 552 5754
464 7100 143 56 Gympie_South 0 464 7100
301 6428 104 98 Muswellbrook 0 301 6428
609 6332 72 55 Parkes 0 609 6332
233 6291 58 99 Lithgow 0 233 6291
557 5812 99 76 Bairnsdale_East 0 557 5812
630 7786 75 77 Bowen 0 630 7786
268 7440 62 115 Yeppoon 0 268 7440
244 6044 123 135 Batemans_Bay 0 244 6044
303 6161 101 108 Kiama 0 303 6161
346 6275 96 106 Busselton 0 346 6275
397 8062 105 81 Innisfail 0 397 8062
204 8399 130 66 Katherine 0 204 8399
606 7567 141 130 Moranbah 0 606 7567
495 6714 75 140 South_Grafton 0 495 6714
327 6992 87 61 Dalby 0 327 6992
422 7779 147 51 Charters_Towers 0 422 7779
618 7398 90 100 Emerald 0 618 7398
731 6086 110 128 Swan_Hill 0 731 6086
270 6084 71 132 Ulladulla 0 270 6084
725 5753 99 107 Colac 0 725 5753
542 7835 137 141 Ayr 0 542 7835
590 5822 120 114 Hamilton 0 590 5822
384 7063 106 149 Kingaroy 0 384 7063
317 6704 101 143 Inverell 0 317 6704
775 6737 54 109 Moree 0 775 6737
314 6065 90 88 Deniliquin 0 314 6065
396 6252 71 148 Esperance 0 396 6252
284 6063 143 74 Victor_Harbor 0 284 6063
619 6202 80 60 Young 0 619 6202
768 7245 90 69 Carnarvon 0 768 7245
445 6176 57 104 Leeton 0 445 6176
238 6569 87 113 Gunnedah 0 238 6569
764 6641 150 96 Narrabri_West 0 764 6641
743 5896 74 69 Maryborough 0 743 5896
658 5897 144 134 Stawell 0 658 5897
337 8090 95 86 Atherton 0 337 8090
656 6254 90 148 Cowra 0 656 6254
559 6831 53 127 Byron_Bay 0 559 6831
611 6092 135 83 Tumut 0 611 6092
691 5987 80 127 Cooma 0 691 5987
756 5909 103 56 Pambula 0 756 5909
247 7299 111 109 Biloela 0 247 7299
412 7937 120 55 South_Ingham 0 412 7937
740 6299 50 127 Bathurst 0 740 6299
670 5871 93 90 Ararat 0 670 5871
377 5726 76 67 Wonthaggi 0 377 5726
469 6498 135 125 Northam 0 469 6498
472 8255 97 103 Kununurra 0 472 8255
678 7060 85 139 Roma 0 678 7060
742 6390 77 131 Mudgee 0 742 6390
778 7410 149 122 Newman 0 778 7410
729 8611 132 133 McMinns_Lagoon 0 729 8611
593 6305 93 139 Forbes 0 593 6305
463 6206 86 101 Berri 0 463 6206
377 6023 95 90 Cobram 0 377 6023
298 6452 146 91 Scone 0 298 6452
236 6839 136 144 Goondiwindi 0 236 6839
421 6210 66 134 Manjimup 0 421 6210
516 6356 138 71 Narrogin 0 516 6356
341 5476 96 82 Smithton 0 341 5476
664 7743 66 84 Proserpine 0 664 7743
551 6272 149 124 Katanning 0 551 6272
334 5900 119 136 Seymour 0 334 5900
278 6253 90 82 Clare 0 278 6253
348 6299 133 68 Central_Coast 0 348 6299
336 8176 131 76 Port_Douglas 0 336 8176
218 7404 89 76 Longreach 0 218 7404
595 8604 98 121 Weipa 0 595 8604
743 6241 107 67 Wallaroo 0 743 6241
580 7490 62 51 Tom_Price 0 580 7490
621 6516 124 56 Merredin 0 621 6516
479 5981 123 94 Bordertown 0 479 5981
398 6670 77 120 Bourke 0 398 6670
546 5447 114 87 North_Scottsdale 0 546 5447
380 5340 84 91 Queenstown 0 380 5340
424 7079 117 64 Charleville 0 424 7079
534 6743 137 147 Yamba 0 534 6743
601 6195 56 146 Tumby_Bay 0 601 6195
561 6167 66 101 Mount_Barker 0 561 6167
298 6349 108 110 Peterborough 0 298 6349
531 6314 102 76 Wagin 0 531 6314
375 6445 80 54 Ceduna 0 375 6445
220 6931 95 56 Kalbarri 0 220 6931
485 5863 110 94 Penola 0 485 5863
349 6049 122 122 Meningie 0 349 6049
395 6531 85 129 Gingin 0 395 6531
620 6118 139 125 Ouyen 0 620 6118
297 6758 89 129 Port_Denison 0 297 6758
358 7984 89 62 Halls_Creek 0 358 7984
449 7710 67 92 Cloncurry 0 449 7710
530 5316 140 57 Oatlands 0 530 5316
710 7523 137 96 Winton 0 710 7523
225 6280 51 109 Ravensthorpe 0 225 6280
203 7571 97 57 Exmouth 0 203 7571
324 7394 53 76 Barcaldine 0 324 7394
426 6370 126 142 Streaky_Bay 0 426 6370
384 6436 137 113 Norseman 0 384 6436
699 7206 129 124 Yulara 0 699 7206
769 7975 65 100 Georgetown 0 769 7975
429 7606 72 134 Pannawonica 0 429 7606
806 8470 75 92 Pine_Creek 0 806 8470
648 7057 80 83 Meekatharra 0 648 7057
632 6332 146 85 Kimba 0 632 6332
388 7465 128 85 Boulia 0 388 7465
304 7606 126 136 Onslow 0 304 7606
228 7053 122 91 Quilpie 0 228 7053
678 6271 106 55 Cowell 0 678 6271
707 6629 118 78 Andamooka 0 707 6629
311 7192 122 116 Eidsvold 0 311 7192
674 6546 59 79 Woomera 0 674 6546
725 6505 108 127 Wilcannia 0 725 6505
583 6895 63 88 Mount_Magnet 0 583 6895
208 7692 54 123 Hughenden 0 208 7692
441 6833 108 118 Laverton 0 441 6833
723 7705 88 132 Richmond 0 723 7705
334 7134 75 144 Birdsville 0 334 7134
247 6356 77 132 Ivanhoe 0 247 6356
403 6767 128 61 Morawa 0 403 6767
204 7237 143 62 Theodore 0 204 7237
728 8535 93 61 Adelaide_River 0 728 8535
337 6803 82 104 Leonora 0 337 6803
397 5923 103 84 Kingston_South_East 0 397 5923
777 6900 119 150 Thargomindah 0 777 6900
346 8037 125 66 Burketown 0 346 8037
379 6732 69 55 Three_Springs 0 379 6732
721 6542 102 62 Southern_Cross 0 721 6542
198 7794 57 57 Camooweal 0 198 7794
607 5362 75 147 Bicheno 0 607 5362
482 8066 149 119 Karumba 0 482 8066
666 7187 70 107 Windorah 0 666 7187
344 7304 81 122 Bedourie 0 344 7304
528 6581 136 132 Kingoonya 0 528 6581
320 5812 111 81 Melbourne 0 320 5812
743 5576 101 122 Currie 0 743 5576
