73
405 4472 91 75 Baku 0 405 4472
614 4504 98 148 Gəncə 0 614 4504
387 4494 69 108 Sumqayıt 0 387 4494
538 4339 129 65 Hacıvar 0 538 4339
682 4562 112 120 Şəki 0 682 4562
312 4291 51 84 Lənkəran 0 312 4291
681 4497 143 54 Yevlax 0 681 4497
731 4503 117 114 Göyçay 0 731 4503
552 4538 63 148 Tovuz 0 552 4538
739 4540 132 96 Qəbələ 0 739 4540
568 4491 108 58 Gədəbəy 0 568 4491
651 4497 128 78 Goranboy 0 651 4497
707 4549 144 68 Oğuz 0 707 4549
637 4610 69 135 Zaqatala 0 637 4610
673 4514 147 55 Mingəçevir 0 673 4514
338 4530 64 83 Xızı 0 338 4530
394 4478 99 66 Xırdalan 0 394 4478
487 4397 123 114 Heydərabad 0 487 4397
642 4327 116 117 Zəngilan 0 642 4327
537 4551 125 62 Ağstafa 0 537 4551
724 4488 101 102 Ucar 0 724 4488
611 4493 87 104 Göygöl 0 611 4493
680 4407 83 68 Xocavənd 0 680 4407
316 4592 149 141 Xaçmaz 0 316 4592
589 4440 73 50 Kəlbəcər 0 589 4440
260 4310 113 112 Yardımlı 0 260 4310
591 4486 96 104 Daşkəsən 0 591 4486
258 4469 143 63 Kürdəmir 0 258 4469
324 4434 131 129 Hacıqabul 0 324 4434
660 4586 104 132 Qax 0 660 4586
530 4549 122 140 Qazax 0 530 4549
664 4467 54 64 Tərtər 0 664 4467
288 4370 120 98 Biləsuvar 0 288 4370
585 4520 134 61 Şəmkir 0 585 4520
636 4356 71 115 Qubadlı 0 636 4356
292 4581 77 56 Quba 0 292 4581
285 4589 119 112 Qusar 0 285 4589
538 4334 143 135 Babək 0 538 4334
684 4385 69 135 Füzuli 0 684 4385
674 4363 118 54 Cəbrayıl 0 674 4363
326 4384 122 59 Salyan 0 326 4384
653 4419 136 113 Xocalı 0 653 4419
314 4258 91 135 Astara 0 314 4258
554 4311 65 132 Culfa 0 554 4311
709 4502 80 135 Ağdaş 0 709 4502
275 4294 134 125 Lerik 0 275 4294
298 4322 132 134 Masallı 0 298 4322
546 4528 82 77 Ağdam 0 546 4528
724 4406 114 83 Beyləqan 0 724 4406
279 4494 89 78 Ağsu 0 279 4494
324 4489 107 102 Qobustan 0 324 4489
680 4471 82 97 Bərdə 0 680 4471
588 4307 146 134 Ordubad 0 588 4307
616 4620 58 76 Balakən 0 616 4620
259 4518 81 100 İsmayıllı 0 259 4518
649 4402 114 102 Şuşa 0 649 4402
618 4513 120 110 Samux 0 618 4513
709 4436 133 84 Ağcabədi 0 709 4436
664 4428 122 53 Ağdam 0 664 4428
331 4563 57 118 Dəvəçi 0 331 4563
248 4417 54 126 İmişli 0 248 4417
275 4423 124 84 Saatlı 0 275 4423
535 4340 77 143 Naxçıvan 0 535 4340
341 4549 148 129 Siyəzən 0 341 4549
549 4362 86 53 Şahbuz 0 549 4362
283 4343 119 109 Cəlilabad 0 283 4343
284 4431 96 79 Sabirabad 0 284 4431
349 4360 148 138 Neftçala 0 349 4360
632 4389 118 70 Laçın 0 632 4389
654 4485 111 113 Naftalan 0 654 4485
730 4455 142 120 Zərdab 0 730 4455
498 4378 120 124 Şərur 0 498 4378
509 4361 100 128 Qıvraq 0 509 4361
