66
480 8033 134 137 Santa_Cruz 0 480 8033
590 8175 122 106 La_Paz 0 590 8175
802 8075 122 85 Cochabamba 0 802 8075
695 8010 104 57 Oruro 0 695 8010
789 8074 104 61 Quillacollo 0 789 8074
262 7892 95 142 Sucre 0 262 7892
211 7832 90 138 Potosí 0 211 7832
321 7618 97 117 Tarija 0 321 7618
473 8082 75 90 Montero 0 473 8082
295 8359 59 59 Trinidad 0 295 8359
820 8781 66 78 Riberalta 0 820 8781
526 8781 101 115 Cobija 0 526 8781
232 7555 58 71 Villazón 0 232 7555
362 7485 103 146 Bermejo 0 362 7485
239 8805 115 90 Guayaramerín 0 239 8805
574 8159 123 71 Viacha 0 574 8159
218 7626 102 140 Tupiza 0 218 7626
755 7961 145 135 Llallagua 0 755 7961
445 7784 113 117 Camiri 0 445 7784
199 8058 147 107 Punata 0 199 8058
718 8189 78 54 San_Ignacio_de_Velasco 0 718 8189
415 7904 52 122 Puerto_Suárez 0 415 7904
731 8360 112 126 San_Borja 0 731 8360
451 7648 61 137 Villamontes 0 451 7648
188 8053 137 50 Cliza 0 188 8053
491 8264 64 127 Ascensión 0 491 8264
726 7735 119 119 Uyuni 0 726 7735
654 8400 53 136 Rurrenabaque 0 654 8400
458 8081 128 75 Portachuelo 0 458 8081
418 8033 133 132 Puerto_Quijarro 0 418 8033
209 7970 77 90 Roboré 0 209 7970
734 7908 85 107 Challapata 0 734 7908
537 8225 113 145 Avichaca 0 537 8225
383 7955 128 64 Vallegrande 0 383 7955
269 7986 65 60 Aiquile 0 269 7986
674 8416 88 68 Reyes 0 674 8416
314 8530 66 52 San_Ramón 0 314 8530
420 8076 149 84 San_Carlos 0 420 8076
350 8189 112 98 San_Matías 0 350 8189
242 7836 147 112 Betanzos 0 242 7836
756 7956 79 144 Uncia 0 756 7956
269 7716 143 104 Camargo 0 269 7716
553 8201 56 146 San_Javier 0 553 8201
562 8372 94 107 Apolo 0 562 8372
686 8115 58 148 Quime 0 686 8115
479 7811 76 80 Charagua 0 479 7811
318 7630 144 105 San_Lorenzo 0 318 7630
407 7989 85 96 Samaipata 0 407 7989
363 7864 104 135 Padilla 0 363 7864
378 7619 114 122 Entre_Ríos 0 378 7619
298 7878 139 148 Tarabuco 0 298 7878
436 8498 107 120 Baures 0 436 8498
635 8210 96 55 Coroico 0 635 8210
539 8256 54 113 Sorata 0 539 8256
558 8101 94 149 Corocoro 0 558 8101
310 8136 139 72 Puerto_Villarroel 0 310 8136
759 8146 101 129 San_Rafael 0 759 8146
473 8282 58 145 Puerto_Acosta 0 473 8282
634 8083 149 71 Sicasica 0 634 8083
445 7738 74 147 Cuevo 0 445 7738
566 7897 69 54 Sabaya 0 566 7897
578 7804 81 120 Llica 0 578 7804
450 8054 73 88 Charaña 0 450 8054
625 8489 53 60 Piso_Firme 0 625 8489
538 8617 132 66 Puerto_Heath 0 538 8617
482 8031 112 135 Santa_Cruz_de_la_Sierra 0 482 8031
