138
289 4858 59 127 Sarajevo 0 289 4858
673 4960 84 96 Banja_Luka 0 673 4960
731 4902 113 74 Heca 0 731 4902
727 4802 116 130 Mostar 0 727 4802
314 4934 130 137 Tuzla 0 314 4934
635 4982 51 62 Prijedor 0 635 4982
315 4899 126 94 Kladanj 0 315 4899
328 4907 101 148 Šekovići 0 328 4907
681 4975 99 135 Laktaši 0 681 4975
328 4944 116 133 Lopare 0 328 4944
609 4892 117 140 Bosansko_Grahovo 0 609 4892
290 4945 131 131 Petrovo 0 290 4945
608 4934 113 80 Bosanski_Petrovac 0 608 4934
300 4992 114 108 Šamac 0 300 4992
347 4892 127 56 Milići 0 347 4892
344 4824 124 141 Čajniče 0 344 4824
298 4861 105 141 Hreša 0 298 4861
568 4962 67 105 Bihać 0 568 4962
275 4855 107 104 Hadžići 0 275 4855
336 4882 91 101 Han_Pijesak 0 336 4882
323 4867 67 131 Sokolac 0 323 4867
340 4929 104 142 Sapna 0 340 4929
287 4981 51 99 Modriča 0 287 4981
688 4943 134 66 Kotor_Varoš 0 688 4943
335 4894 149 117 Vlasenica 0 335 4894
682 4873 76 104 Kupres 0 682 4873
366 4893 50 117 Bratunac 0 366 4893
648 4878 72 88 Glamoč 0 648 4878
303 4935 82 144 Lukavac 0 303 4935
363 4885 110 137 Srebrenica 0 363 4885
314 4979 86 108 Donji_Žabar 0 314 4979
732 4871 114 119 Fojnica 0 732 4871
734 4953 137 91 Omanjska 0 734 4953
341 4838 66 71 Kopači 0 341 4838
736 4944 134 140 Tešanj 0 736 4944
343 4947 63 145 Ugljevik 0 343 4947
672 4883 84 69 Novo_Selo 0 672 4883
672 4912 148 130 Jezero 0 672 4912
327 4970 104 137 Brčko 0 327 4970
706 4785 81 94 Ljubuški 0 706 4785
581 4989 82 108 Bužim 0 581 4989
679 4843 129 127 Tomislavgrad 0 679 4843
665 4920 123 91 Mrkonjić_Grad 0 665 4920
281 4870 136 115 Ilijaš 0 281 4870
692 4916 89 145 Dobratići 0 692 4916
312 4924 128 97 Živinice 0 312 4924
707 4868 78 118 Gornji_Vakuf 0 707 4868
264 4923 121 121 Žepče 0 264 4923
321 4829 57 59 Ustikolina 0 321 4829
712 4900 139 89 Travnik 0 712 4900
709 4855 52 140 Prozor 0 709 4855
368 4830 138 102 Rudo 0 368 4830
680 4912 55 71 Jajce 0 680 4912
710 4971 134 107 Prnjavor 0 710 4971
289 4855 149 132 Lukavica 0 289 4855
265 4869 148 85 Kiseljak 0 265 4869
740 4774 143 105 Stolac 0 740 4774
273 4925 91 91 Zavidovići 0 273 4925
610 4914 125 138 Drvar 0 610 4914
666 4905 103 61 Šipovo 0 666 4905
712 4894 76 147 Novi_Travnik 0 712 4894
742 4752 140 56 Ravno 0 742 4752
563 5003 133 69 Velika_Kladuša 0 563 5003
629 4916 119 133 Potoci 0 629 4916
280 4877 129 143 Breza 0 280 4877
718 4777 82 134 Čapljina 0 718 4777
326 4954 92 107 Čelić 0 326 4954
266 4952 59 133 Matuzići 0 266 4952
339 4851 110 110 Rogatica 0 339 4851
574 4979 81 114 Cazin 0 574 4979
299 4782 52 120 Gacko 0 299 4782
309 4992 124 66 Domaljevac 0 309 4992
358 4957 55 112 Bijeljina 0 358 4957
286 4864 87 122 Vogošća 0 286 4864
710 4806 121 121 Široki_Brijeg 0 710 4806
726 4943 149 96 Teslić 0 726 4943
644 4919 67 84 Gornji_Ribnik 0 644 4919
719 4789 70 106 Čitluk 0 719 4789
318 4989 129 121 Orašje 0 318 4989
269 4936 104 116 Maglaj 0 269 4936
269 4775 95 96 Berkovići 0 269 4775
362 4849 113 114 Višegrad 0 362 4849
306 4888 128 85 Olovo 0 306 4888
689 4929 93 138 Kneževo 0 689 4929
713 4755 123 89 Neum 0 713 4755
348 4916 93 109 Zvornik 0 348 4916
616 4929 71 54 Drinić 0 616 4929
734 5002 133 61 Brod 0 734 5002
590 4970 110 145 Bosanska_Krupa 0 590 4970
608 4989 107 120 Novi_Grad 0 608 4989
282 4856 97 126 Ilidža 0 282 4856
723 4892 101 78 Vitez 0 723 4892
661 4854 91 96 Livno 0 661 4854
604 4971 73 50 Donji_Dubovik 0 604 4971
290 4750 106 61 Bileća 0 290 4750
333 4922 109 143 Kalesija 0 333 4922
732 4898 88 142 Zenica 0 732 4898
631 4968 70 60 Oštra_Luka 0 631 4968
320 4819 129 136 Foča 0 320 4819
286 4953 86 124 Gračanica 0 286 4953
339 4940 53 54 Teočak 0 339 4940
288 4989 76 109 Odžak 0 288 4989
294 4837 128 61 Trnovo 0 294 4837
722 4837 141 67 Jablanica 0 722 4837
336 4836 51 141 Goražde 0 336 4836
683 4956 52 112 Čelinac 0 683 4956
303 4919 132 121 Banovići 0 303 4919
738 4837 124 140 Konjic 0 738 4837
334 4918 55 119 Osmaci 0 334 4918
694 4806 73 134 Grude 0 694 4806
309 4974 78 115 Pelagićevo 0 309 4974
265 4793 130 66 Nevesinje 0 265 4793
620 5008 143 96 Kostajnica 0 620 5008
677 5001 65 122 Gradiška 0 677 5001
642 5004 86 143 Kozarska_Dubica 0 642 5004
262 4861 86 122 Kreševo 0 262 4861
641 4932 62 81 Ključ 0 641 4932
301 4953 104 50 Srebrenik 0 301 4953
304 4854 94 98 Pale 0 304 4854
286 4893 127 128 Vareš 0 286 4893
691 4890 121 119 Donji_Vakuf 0 691 4890
289 4988 108 100 Vukosavlje 0 289 4988
688 4815 91 52 Posušje 0 688 4815
293 4820 106 136 Kalinovik 0 293 4820
282 4732 109 95 Trebinje 0 282 4732
729 4984 64 138 Derventa 0 729 4984
320 4848 148 145 Prača 0 320 4848
273 4874 121 118 Visoko 0 273 4874
269 4890 83 116 Kakanj 0 269 4890
696 4881 125 117 Bugojno 0 696 4881
698 4996 137 125 Srbac 0 698 4996
723 4958 64 71 Stanari 0 723 4958
277 4957 81 91 Klokotnica 0 277 4957
269 4957 95 132 Doboj 0 269 4957
296 4972 68 103 Gradačac 0 296 4972
631 4958 134 88 Sanski_Most 0 631 4958
730 4886 129 142 Busovača 0 730 4886
262 4759 108 106 Ljubinje 0 262 4759
