25
389 7273 72 88 Gaborone 0 389 7273
552 7658 59 130 Francistown 0 552 7658
367 7210 76 143 Lobatse 0 367 7210
347 7299 95 84 Molepolole 0 347 7299
480 7444 78 57 Mahalapye 0 480 7444
752 7788 74 82 Maun 0 752 7788
470 7524 132 91 Serowe 0 470 7524
331 7237 143 146 Kanye 0 331 7237
413 7299 128 107 Mochudi 0 413 7299
512 7506 54 87 Palapye 0 512 7506
645 7117 123 97 Tshabong 0 645 7117
303 8029 87 75 Kasane 0 303 8029
414 7764 128 63 Nata 0 414 7764
280 7656 142 96 Mopipi 0 280 7656
588 7349 70 88 Lehututu 0 588 7349
632 7824 149 129 Nokaneng 0 632 7824
584 7327 102 120 Lokwabe 0 584 7327
651 7771 50 93 Tsau 0 651 7771
584 7976 90 118 Muhembo 0 584 7976
419 7725 139 61 Sowa_Town 0 419 7725
546 7719 80 147 Masunga 0 546 7719
586 7569 106 52 Selibe_Phikwe 0 586 7569
581 7614 63 56 Ghanzi 0 581 7614
385 7248 147 139 Ramotswa 0 385 7248
269 7277 114 107 Jwaneng 0 269 7277
