382
332 7392 34 25 São_Paulo 0 332 7392
676 7469 34 28 Rio_de_Janeiro 0 676 7469
608 7799 39 15 Belo_Horizonte 0 608 7799
480 6677 27 28 Porto_Alegre 0 480 6677
187 8252 31 18 Brasília 0 187 8252
290 9109 48 16 Recife 0 290 9109
550 9586 37 15 Fortaleza 0 550 9586
552 8564 36 26 Salvador 0 552 8564
676 7187 26 17 Curitiba 0 676 7187
287 7465 49 17 Campinas 0 287 7465
781 9840 26 27 Belém 0 781 9840
684 8152 37 22 Goiânia 0 684 8152
830 9655 50 19 Manaus 0 830 9655
362 7350 49 22 Santos 0 362 7350
359 7751 48 22 Vitória 0 359 7751
695 7467 28 19 Niterói 0 695 7467
366 7751 31 23 Vila_Velha 0 366 7751
474 355 31 25 Vila_Velha 0 474 355
201 8931 45 29 Maceió 0 201 8931
255 9358 25 22 Natal 0 255 9358
578 9720 44 27 São_Luís 0 578 9720
739 6945 25 16 Florianópolis 0 739 6945
716 7089 46 25 Joinvile 0 716 7089
800 9227 31 26 Natal 0 800 9227
293 9212 31 16 João_Pessoa 0 293 9212
296 9113 28 30 Olinda 0 296 9113
743 9435 27 15 Teresina 0 743 9435
487 6716 26 29 Novo_Hamburgo 0 487 6716
596 8275 33 18 Cuiabá 0 596 8275
748 7736 25 27 Campo_Grande 0 748 7736
410 7435 27 19 São_José_dos_Campos 0 410 7435
277 9102 37 28 Jaboatão 0 277 9102
711 8792 31 22 Aracaju 0 711 8792
680 7174 49 29 São_José_dos_Pinhais 0 680 7174
345 7381 37 26 Santo_André 0 345 7381
482 6688 47 23 Canoas 0 482 6688
787 7906 42 18 Uberlândia 0 787 7906
248 7398 28 24 Sorocaba 0 248 7398
209 7655 37 17 Ribeirão_Prêto 0 209 7655
484 7423 50 17 Londrina 0 484 7423
308 7433 41 28 Jundiaí 0 308 7433
493 3 30 21 Macapá 0 493 3
503 8645 47 23 Feira_de_Santana 0 503 8645
260 7481 25 22 Americana 0 260 7481
670 7592 47 30 Juiz_de_Fora 0 670 7592
591 7510 27 16 Volta_Redonda 0 591 7510
742 7171 37 30 Foz_do_Iguaçu 0 742 7171
182 9200 40 27 Campina_Grande 0 182 9200
757 7845 29 28 Ipatinga 0 757 7845
443 7453 46 26 Taubaté 0 443 7453
258 7592 41 16 Campos 0 258 7592
482 6773 32 26 Caxias_do_Sul 0 482 6773
668 7697 40 17 São_José_do_Rio_Prêto 0 668 7697
228 7484 30 26 Piracicaba 0 228 7484
697 7530 28 20 Bauru 0 697 7530
621 8149 33 21 Montes_Claros 0 621 8149
406 7410 47 15 Maringá 0 406 7410
735 7018 27 30 Itajaí 0 735 7018
373 6484 40 21 Pelotas 0 373 6484
265 7425 34 15 Itu 0 265 7425
718 8193 34 16 Anápolis 0 718 8193
301 8356 45 23 Vitória_da_Conquista 0 301 8356
401 9030 38 15 Pôrto_Velho 0 401 9030
250 7726 46 30 Franca 0 250 7726
689 7021 49 22 Blumenau 0 689 7021
585 7225 40 21 Ponta_Grossa 0 585 7225
253 7502 41 16 Limeira 0 253 7502
688 7510 49 21 Petrópolis 0 688 7510
454 9200 32 20 Crato 0 454 9200
496 9172 42 30 Crato 0 496 9172
804 7465 50 18 Cabo_Frio 0 804 7465
334 8961 37 22 Petrolina 0 334 8961
192 7812 50 20 Uberaba 0 192 7812
631 8898 42 17 Rio_Branco 0 631 8898
250 7238 48 29 Cascavel 0 250 7238
189 7911 33 19 Governador_Valadares 0 189 7911
592 8269 35 30 Várzea_Grande 0 592 8269
229 6713 31 22 Santa_Maria 0 229 6713
172 9083 50 17 Caruaru 0 172 9083
792 8874 34 28 Palmas 0 792 8874
758 312 37 18 Boa_Vista 0 758 312
494 8365 46 24 Ilhéus 0 494 8365
754 9730 27 21 Santarém 0 754 9730
465 9202 38 16 Juazeiro_do_Norte 0 465 9202
470 8365 33 29 Itabuna 0 470 8365
225 9389 29 26 Imperatriz 0 225 9389
608 7543 40 22 Marília 0 608 7543
462 7554 37 18 Presidente_Prudente 0 462 7554
201 7562 48 28 São_Carlos 0 201 7562
659 6826 27 22 Criciúma 0 659 6826
479 7476 28 28 Guaratinguetá 0 479 7476
740 9436 38 27 Timon 0 740 9436
683 9425 30 20 Mossoró 0 683 9425
580 7848 42 26 Sete_Lagoas 0 580 7848
511 7771 43 23 Divinópolis 0 511 7771
397 6455 46 15 Rio_Grande 0 397 6455
756 8921 37 25 Arapiraca 0 756 8921
279 7692 27 20 Cachoeiro_de_Itapemirim 0 279 7692
236 7519 35 15 Rio_Claro 0 236 7519
362 6872 39 22 Passo_Fundo 0 362 6872
754 7533 48 17 Nova_Friburgo 0 754 7533
560 7655 29 21 Araçatuba 0 560 7655
585 7506 40 17 Barra_Mansa 0 585 7506
711 9409 29 29 Marabá 0 711 9409
251 9132 27 27 Carpina 0 251 9132
567 6923 31 22 Lajes 0 567 6923
726 7541 37 27 Dourados 0 726 7541
341 7001 36 27 Chapecó 0 341 7001
187 8950 32 30 Rio_Largo 0 187 8950
500 8657 45 28 Barreiras 0 500 8657
349 9592 48 28 Sobral 0 349 9592
751 8177 27 30 Rondonópolis 0 751 8177
454 7192 34 21 Guarapuava 0 454 7192
338 7589 42 16 Poços_de_Caldas 0 338 7589
214 7522 25 30 Macaé 0 214 7522
746 7175 33 16 Paranaguá 0 746 7175
191 9678 48 21 Parnaíba 0 191 9678
174 9856 30 15 Castanhal 0 174 9856
382 8467 25 29 Jequié 0 382 8467
681 9461 32 15 Caxias 0 681 9461
453 7464 31 26 Pindamonhangaba 0 453 7464
692 7069 45 29 Jaraguá_do_Sul 0 692 7069
339 7461 42 18 Bragança_Paulista 0 339 7461
802 7388 30 15 Itapetininga 0 802 7388
562 8658 31 16 Alagoinhas 0 562 8658
491 6708 50 27 Uruguaiana 0 491 6708
493 8181 39 16 Pôrto_Seguro 0 493 8181
627 7652 43 15 Barbacena 0 627 7652
751 7532 26 26 Jaú 0 751 7532
403 7541 33 29 Pouso_Alegre 0 403 7541
762 7467 31 19 Botucatu 0 762 7467
361 6711 41 24 Santa_Cruz_do_Sul 0 361 6711
626 7714 29 17 Conselheiro_Lafaiete 0 626 7714
775 9016 30 22 Garanhuns 0 775 9016
710 7661 25 15 Catanduva 0 710 7661
450 7395 45 16 Apucarana 0 450 7395
775 6529 44 25 Bagé 0 775 6529
388 7855 37 23 Linhares 0 388 7855
753 7725 28 25 Barretos 0 753 7725
234 8022 36 15 Teófilo_Otoni 0 234 8022
332 7707 50 16 Passos 0 332 7707
713 7663 46 23 Ubá 0 713 7663
616 7458 39 19 Ourinhos 0 616 7458
660 8158 43 29 Trindade 0 660 8158
454 7413 49 20 Arapongas 0 454 7413
796 7935 50 26 Araguari 0 796 7935
431 7897 28 27 Corumbá 0 431 7897
373 6942 30 29 Erechim 0 373 6942
334 8958 27 30 Juazeiro 0 334 8958
631 7507 43 19 Ponta_Porã 0 631 7507
449 6773 28 30 Bento_Gonçalves 0 449 6773
208 7415 47 27 Tatuí 0 208 7415
690 9223 32 19 Patos 0 690 9223
609 9533 43 18 Itaituba 0 609 9533
694 6847 27 15 Tubarão 0 694 6847
773 7660 36 23 Muriaé 0 773 7660
318 7324 50 27 Itanhaém 0 318 7324
641 6582 40 28 Santana_do_Livramento 0 641 6582
620 7789 41 30 Nova_Lima 0 620 7789
707 7000 27 24 Brusque 0 707 7000
559 7493 26 20 Assis 0 559 7493
585 8956 27 18 Paulo_Afonso 0 585 8956
662 7900 34 26 Ituiutaba 0 662 7900
481 9995 33 26 Santana 0 481 9995
622 9507 28 30 Codó 0 622 9507
296 7832 36 27 Araxá 0 296 7832
500 7651 48 23 Lavras 0 500 7651
713 7443 28 26 Avaré 0 713 7443
249 8281 29 28 Formosa 0 249 8281
688 7963 44 17 Itumbiara 0 688 7963
735 9809 49 25 Abaetetuba 0 735 9809
425 7699 48 22 Três_Lagoas 0 425 7699
577 7662 37 24 São_João_del_Rei 0 577 7662
544 7779 25 16 Itaúna 0 544 7779
409 7929 36 20 São_Mateus 0 409 7929
423 8022 31 29 Jataí 0 423 8022
314 7568 50 21 São_João_da_Boa_Vista 0 314 7568
647 9583 31 17 Tucuruí 0 647 9583
361 7339 38 26 Campo_Mourão 0 361 7339
316 6676 36 23 Cachoeira_do_Sul 0 316 6676
524 9532 46 29 Bacabal 0 524 9532
491 7096 39 20 Pôrto_União 0 491 7096
279 9163 45 28 Goiana 0 279 9163
214 6856 47 23 Ijuí 0 214 6856
365 9645 35 27 Altamira 0 365 9645
300 8095 40 19 Paracatu 0 300 8095
466 9296 28 22 Iguatu 0 466 9296
223 9671 32 25 Paragominas 0 223 9671
241 8805 45 16 Guajará-Mirim 0 241 8805
778 7647 26 17 Jabuticabal 0 778 7647
385 9167 25 21 Balsas 0 385 9167
458 9594 38 22 Santa_Inês 0 458 9594
621 7113 33 16 Rio_Negro 0 621 7113
768 6866 38 20 Santo_Ângelo 0 768 6866
612 8802 36 27 Ji-Paraná 0 612 8802
710 8702 27 23 Gurupi 0 710 8702
529 9708 27 19 Parintins 0 529 9708
560 7925 50 26 Curvelo 0 560 7925
500 7037 38 27 Caçador 0 500 7037
187 8748 39 19 Irecê 0 187 8748
188 7987 44 18 Catalão 0 188 7987
811 8590 50 30 Vilhena 0 811 8590
492 8521 39 23 Valença 0 492 8521
716 7346 46 20 Itapeva 0 716 7346
551 7574 27 28 Tupã 0 551 7574
580 7758 27 26 Fernandópolis 0 580 7758
518 6752 49 29 Canela 0 518 6752
250 7565 32 26 Piraçununga 0 250 7565
507 8083 27 16 Pirapora 0 507 8083
799 7809 25 23 Caratinga 0 799 7809
365 8313 38 16 Itapetinga 0 365 8313
597 6830 41 21 São_Borja 0 597 6830
323 6868 29 18 Caràzinho 0 323 6868
747 6915 45 16 Santa_Rosa 0 747 6915
763 9635 32 21 Manacapuru 0 763 9635
538 7309 47 21 Telêmaco_Borba 0 538 7309
739 8426 48 20 Guanambi 0 739 8426
495 8904 42 18 Ariquemes 0 495 8904
244 9169 42 26 Timbaúba 0 244 9169
227 9216 31 20 Picos 0 227 9216
712 9069 36 20 Arcoverde 0 712 9069
303 9883 34 15 Bragança 0 303 9883
764 9155 26 24 Cruzeiro_do_Sul 0 764 9155
500 8710 42 23 Serrinha 0 500 8710
506 6846 38 15 Vacaria 0 506 6846
681 8252 48 27 Janaúba 0 681 8252
455 7737 36 30 Formiga 0 455 7737
460 8021 25 28 Nova_Viçosa 0 460 8021
435 9613 38 16 Itapipoca 0 435 9613
671 8754 37 24 Estância 0 671 8754
757 6641 45 19 São_Gabriel 0 757 6641
399 6987 48 25 Concórdia 0 399 6987
603 9718 49 22 São_José_de_Ribamar 0 603 9718
710 9285 40 20 Caicó 0 710 9285
596 7633 43 30 Penápolis 0 596 7633
484 9547 32 29 Coari 0 484 9547
211 7288 47 17 Registro 0 211 7288
421 6586 30 22 Camaquã 0 421 6586
315 9428 26 30 Crateús 0 315 9428
460 7688 36 26 Andradina 0 460 7688
365 8243 50 26 Barra_do_Garças 0 365 8243
230 7687 46 21 Batatais 0 230 7687
339 9652 43 24 Itacoatiara 0 339 9652
311 9628 31 28 Tefé 0 311 9628
808 9204 33 22 Araguaína 0 808 9204
498 9451 46 23 Quixadá 0 498 9451
473 9391 27 22 Barra_do_Corda 0 473 9391
718 9250 31 25 Floriano 0 718 9250
369 8843 33 17 Senhor_do_Bonfim 0 369 8843
508 8032 41 21 Rio_Verde 0 508 8032
719 7741 48 18 Ponte_Nova 0 719 7741
322 7643 33 16 Guaxupé 0 322 7643
702 8304 43 18 Goianésia 0 702 8304
257 9867 28 27 Capanema 0 257 9867
443 8115 31 28 Itamaraju 0 443 8115
471 7689 27 27 Campo_Belo 0 471 7689
358 8614 35 30 Itaberaba 0 358 8614
557 9814 39 21 Breves 0 557 9814
744 7617 28 20 Leopoldina 0 744 7617
535 7183 32 21 Irati 0 535 7183
666 9751 38 23 Cametá 0 666 9751
191 9527 42 21 Piripiri 0 191 9527
294 9679 48 17 Camocim 0 294 9679
636 9495 34 19 Aracati 0 636 9495
660 8190 42 18 Inhumas 0 660 8190
728 6874 48 15 Imbituba 0 728 6874
647 6798 28 28 Araranguá 0 647 6798
465 9518 46 29 Canindé 0 465 9518
486 9107 28 17 Salgueiro 0 486 9107
765 8861 47 30 Penedo 0 765 8861
601 7258 32 15 Castro 0 601 7258
211 8427 27 27 Brumado 0 211 8427
560 7104 39 19 Canoinhas 0 560 7104
395 8503 48 27 Jaguaquara 0 395 8503
638 7542 25 29 Garça 0 638 7542
760 8958 45 19 Palmeira_dos_Índios 0 760 8958
240 9932 49 15 Salinópolis 0 240 9932
715 7784 36 29 Frutal 0 715 7784
683 9587 41 20 Chapadinha 0 683 9587
625 7736 39 24 Aquidauana 0 625 7736
671 8534 33 21 Bom_Jesus_da_Lapa 0 671 8534
716 6847 40 30 Laguna 0 716 6847
614 9453 30 17 Russas 0 614 9453
400 7068 29 15 Palmas 0 400 7068
335 8056 39 16 Mineiros 0 335 8056
491 9720 35 15 Pinheiro 0 491 9720
450 6995 44 20 Joaçaba 0 450 6995
820 8935 37 27 Remanso 0 820 8935
357 8026 25 28 Nanuque 0 357 8026
646 7982 27 26 Diamantina 0 646 7982
700 6651 48 26 Rosário_do_Sul 0 700 6651
222 8144 48 30 Cristalina 0 222 8144
779 7335 29 16 Guaíra 0 779 7335
736 7093 41 22 São_Francisco_do_Sul 0 736 7093
731 9383 43 19 Açu 0 731 9383
626 9805 41 17 Oriximiná 0 626 9805
259 9024 46 27 Barreiros 0 259 9024
748 8802 46 23 Xique-Xique 0 748 8802
601 7441 46 18 Barreirinho 0 601 7441
571 9624 43 15 Itapecuru_Mirim 0 571 9624
568 8287 31 24 Januária 0 568 8287
570 6693 41 24 Osório 0 570 6693
700 8038 31 17 Morrinhos 0 700 8038
597 9543 27 23 Coroatá 0 597 9543
270 9806 40 27 Capitão_Poço 0 270 9806
420 9625 47 18 Maués 0 420 9625
480 7824 40 26 Paranaíba 0 480 7824
626 8107 29 20 Bocaiúva 0 626 8107
699 6856 29 22 São_Luís_Gonzaga 0 699 6856
814 9465 39 15 Campo_Maior 0 814 9465
428 9307 34 26 Jacareacanga 0 428 9307
479 8334 39 26 Barra_do_Bugres 0 479 8334
523 8787 36 18 Tucano 0 523 8787
556 9415 27 26 Presidente_Dutra 0 556 9415
374 9356 37 26 Grajaú 0 374 9356
684 7625 37 30 Novo_Horizonte 0 684 7625
584 7817 45 24 Iturama 0 584 7817
276 6394 49 26 Jaguarão 0 276 6394
248 8315 47 19 Pontes_e_Lacerda 0 248 8315
318 8210 28 16 Almenara 0 318 8210
357 9336 35 27 Tauá 0 357 9336
375 9681 49 24 Acaraú 0 375 9681
465 8417 34 22 Ubaitaba 0 465 8417
516 9292 27 21 Icó 0 516 9292
487 8182 43 18 Iporá 0 487 8182
281 6288 36 16 Santa_Vitória_do_Palmar 0 281 6288
830 9310 37 28 Santa_Cruz 0 830 9310
664 9789 34 23 Óbidos 0 664 9789
774 8398 33 24 Niquelândia 0 774 8398
669 8802 32 16 Colíder 0 669 8802
690 9086 30 15 Conceição_do_Araguaia 0 690 9086
760 8985 30 21 Aripuanã 0 760 8985
500 9644 40 18 Viana 0 500 9644
790 7629 45 28 Miracema 0 790 7629
310 9521 31 30 Ipu 0 310 9521
505 8266 25 22 Canavieiras 0 505 8266
751 9784 47 22 Alenquer 0 751 9784
536 8997 44 18 Sena_Madureira 0 536 8997
296 9654 32 27 Granja 0 296 9654
696 8708 30 17 Pimenta_Bueno 0 696 8708
628 7149 28 21 Lapa 0 628 7149
408 6529 46 30 São_Lourenço_do_Sul 0 408 6529
583 9333 27 27 Colinas 0 583 9333
789 8084 50 28 Pires_do_Rio 0 789 8084
633 8703 40 17 Rolim_de_Moura 0 633 8703
241 7265 31 19 Iguape 0 241 7265
588 7625 27 18 Jardim 0 588 7625
716 7921 36 21 Guanhães 0 716 7921
325 8314 25 24 Itambé 0 325 8314
586 8519 31 23 Santa_Maria_da_Vitória 0 586 8519
552 6638 36 15 Quaraí 0 552 6638
231 9283 31 20 Nova_Cruz 0 231 9283
691 7606 43 15 Maracaju 0 691 7606
512 9521 45 17 Baturité 0 512 9521
627 8227 44 20 Itaberaí 0 627 8227
813 8133 46 17 Araçuaí 0 813 8133
403 9263 26 23 Eirunepé 0 403 9263
800 9530 31 23 Barras 0 800 9530
689 9357 35 27 Manicoré 0 689 9357
520 9785 49 30 Portel 0 520 9785
685 9432 40 24 Itupiranga 0 685 9432
496 9622 48 18 Paracuru 0 496 9622
497 8200 42 22 Santa_Cruz_Cabrália 0 497 8200
373 9867 37 15 Viseu 0 373 9867
650 8306 40 17 Ceres 0 650 8306
633 9373 40 20 Apodi 0 633 9373
824 9721 37 16 Fonte_Boa 0 824 9721
713 9986 31 29 São_Gabriel_da_Cachoeira 0 713 9986
543 9494 36 25 Pedreiras 0 543 9494
508 9892 31 29 Barcelos 0 508 9892
707 202 40 20 Caracaraí 0 707 202
704 8619 25 25 Alvorada 0 704 8619
783 8815 50 26 Porto_Nacional 0 783 8815
728 9709 34 16 Novo_Airão 0 728 9709
662 8688 49 15 Sinop 0 662 8688
232 9299 27 28 Tocantinópolis 0 232 9299
583 9674 35 21 Rosário 0 583 9674
632 9682 42 19 Tonantins 0 632 9682
616 9215 33 24 Xinguara 0 616 9215
523 228 29 28 Amapá 0 523 228
238 8926 37 21 Abunã 0 238 8926
345 8625 39 29 Príncipe_da_Beira 0 345 8625
