39
689 4728 141 146 Sofia 0 689 4728
314 4668 131 72 Plovdiv 0 314 4668
574 4785 136 109 Varna 0 574 4785
538 4706 95 129 Burgas 0 538 4706
417 4856 139 118 Ruse 0 417 4856
388 4698 91 65 Stara_Zagora 0 388 4698
307 4809 140 77 Pleven 0 307 4809
445 4726 72 75 Sliven 0 445 4726
567 4824 143 79 Dobrich 0 567 4824
494 4791 139 132 Shumen 0 494 4791
666 4718 106 85 Pernik 0 666 4718
381 4644 81 124 Haskovo 0 381 4644
708 4787 126 135 Vratsa 0 708 4787
639 4682 102 97 Kyustendil 0 639 4682
680 4809 50 125 Montana 0 680 4809
314 4778 60 147 Lovech 0 314 4778
460 4820 131 88 Razgrad 0 460 4820
274 4618 110 149 Borino 0 274 4618
328 4596 78 107 Madan 0 328 4596
340 4582 129 122 Zlatograd 0 340 4582
279 4675 116 97 Pazardzhik 0 279 4675
307 4606 72 132 Smolyan 0 307 4606
673 4653 104 149 Blagoevgrad 0 673 4653
339 4591 128 86 Nedelino 0 339 4591
320 4595 137 115 Rudozem 0 320 4595
283 4624 100 56 Devin 0 283 4624
390 4771 136 101 Veliko_Tarnovo 0 390 4771
650 4872 66 100 Vidin 0 650 4872
363 4576 147 50 Kirkovo 0 363 4576
387 4591 68 68 Krumovgrad 0 387 4591
358 4595 107 132 Dzhebel 0 358 4595
521 4884 147 108 Silistra 0 521 4884
252 4625 133 139 Sarnitsa 0 252 4625
298 4616 72 86 Shiroka_Laka 0 298 4616
458 4703 117 106 Yambol 0 458 4703
263 4614 88 143 Dospat 0 263 4614
363 4612 128 96 Kardzhali 0 363 4612
363 4748 109 102 Gabrovo 0 363 4748
466 4789 138 71 Targovishte 0 466 4789
