52
660 1367 47 23 Ouagadougou 0 660 1367
358 1235 40 24 Bobo-Dioulasso 0 358 1235
569 1354 25 28 Koudougou 0 569 1354
562 1501 50 16 Ouahigouya 0 562 1501
306 1175 42 15 Banfora 0 306 1175
449 1377 37 16 Dédougou 0 449 1377
707 1448 29 16 Kaya 0 707 1448
786 1303 44 15 Tenkodogo 0 786 1303
821 1549 30 19 Torodi 0 821 1549
557 1361 44 17 Réo 0 557 1361
212 1334 30 19 Fada_Ngourma 0 212 1334
788 1347 26 16 Koupéla 0 788 1347
681 1333 28 30 Kombissiri 0 681 1333
406 1407 34 16 Nouna 0 406 1407
480 1142 45 19 Gaoua 0 480 1142
597 1227 36 20 Léo 0 597 1227
368 1334 33 15 Diapaga 0 368 1334
759 1355 38 28 Zorgo 0 759 1355
580 1432 38 30 Yako 0 580 1432
648 1559 25 27 Djibo 0 648 1559
290 1214 46 28 Orodara 0 290 1214
702 1235 45 28 Pô 0 702 1235
492 1445 39 25 Tougan 0 492 1445
763 1401 44 26 Boulsa 0 763 1401
710 1290 36 19 Manga 0 710 1290
472 1211 39 17 Diébougou 0 472 1211
684 1391 36 24 Ziniaré 0 684 1391
809 1435 25 17 Bogandé 0 809 1435
798 1598 34 17 Gorom-Gorom 0 798 1598
633 1277 42 15 Sapouy 0 633 1277
232 1486 31 30 Sebba 0 232 1486
745 1615 30 17 Déou 0 745 1615
493 1232 33 22 Dano 0 493 1232
262 1179 37 16 Sindou 0 262 1179
773 1623 48 25 Oursi 0 773 1623
507 1298 33 28 Boromo 0 507 1298
509 1092 28 20 Batié 0 509 1092
443 1271 37 20 Houndé 0 443 1271
381 1346 32 22 Salanso 0 381 1346
249 1244 39 19 Pama 0 249 1244
805 1656 38 20 Tin-Akoff 0 805 1656
658 1473 25 15 Kongoussi 0 658 1473
820 1553 49 20 Dori 0 820 1553
179 1273 26 19 Ouargaye 0 179 1273
600 1522 44 27 Titao 0 600 1522
472 1138 35 19 Gaoua 0 472 1138
288 1211 44 24 Orodara 0 288 1211
730 1574 25 25 Aribinda 0 730 1574
227 1399 25 28 Gayéri 0 227 1399
620 1399 37 21 Boussé 0 620 1399
569 1460 34 26 Gourcy 0 569 1460
510 1410 48 15 Toma 0 510 1410
