25
762 9625 35 27 Bujumbura 0 762 9625
198 9687 47 21 Mugongora 0 198 9687
194 9615 25 30 Ruyigi 0 194 9615
825 9620 25 23 Gitega 0 825 9620
814 9678 29 28 Ngozi 0 814 9678
167 9565 31 19 Rutana 0 167 9565
798 9562 43 22 Bururi 0 798 9562
811 9542 40 22 Makamba 0 811 9542
786 9675 38 22 Yanza 0 786 9675
791 9638 27 25 Muramvya 0 791 9638
762 9655 34 25 Rutana 0 762 9655
184 9656 33 19 Karuzi 0 184 9656
229 9644 48 26 Cankuzo 0 229 9644
177 9713 34 20 Kirundo 0 177 9713
800 9611 33 27 Mwaro 0 800 9611
832 9565 41 22 Rutana 0 832 9565
790 9563 36 24 Bururi 0 790 9563
228 9643 45 25 Cankuzo 0 228 9643
765 9659 26 19 Bubanza 0 765 9659
792 9676 44 19 Kayanza 0 792 9676
770 9560 36 22 Rumonge 0 770 9560
204 9685 39 17 Muyinga 0 204 9685
776 9629 43 26 Isale 0 776 9629
736 9680 43 16 Cibitoke 0 736 9680
789 9638 28 22 Muramvya 0 789 9638
