73
490 1278 122 128 Phnom_Penh 0 490 1278
304 1449 113 124 Battambang 0 304 1449
376 1477 98 84 Siem_Reap 0 376 1477
550 1325 89 69 Kampong_Cham 0 550 1325
463 1354 69 82 Kampong_Chhnang 0 463 1354
535 1269 107 70 Prey_Veng 0 535 1269
382 1386 143 147 Pursat 0 382 1386
280 1502 106 117 Sisŏphŏn 0 280 1502
410 1173 95 67 Kampot 0 410 1173
447 1266 90 142 Kampong_Speu 0 447 1266
280 1284 51 141 Koh_Kong 0 280 1284
604 1495 141 66 Stung_Treng 0 604 1495
497 1526 70 80 Tbêng_Méanchey 0 497 1526
587 1225 91 145 Svay_Rieng 0 587 1225
610 1380 73 105 Kratie 0 610 1380
487 1405 135 72 Kampong_Thom 0 487 1405
714 1491 117 69 Lumphăt 0 714 1491
476 1214 73 54 Takeo 0 476 1214
737 1377 63 141 Sênmônoŭrôm 0 737 1377
571 1316 105 93 Suŏng 0 571 1316
308 1455 117 105 Aek_Phnum 0 308 1455
437 1299 123 53 Thpong 0 437 1299
303 1506 85 97 Preah_Netr_Preah 0 303 1506
267 1395 90 95 Samlout 0 267 1395
217 1463 132 139 Phnum_Proek 0 217 1463
270 1465 125 132 Bavel 0 270 1465
418 1172 143 59 Kampot 0 418 1172
440 1197 85 124 Chhuk 0 440 1197
366 1365 55 142 Phnum_Kravanh 0 366 1365
309 1446 105 53 Sangkae 0 309 1446
486 1175 50 100 Kiri_Vongs 0 486 1175
494 1265 98 87 Ta_Khmau 0 494 1265
425 1158 71 119 Krong_Kep 0 425 1158
338 1174 140 150 Mittakpheap 0 338 1174
289 1541 108 122 Thma_Puok 0 289 1541
293 1467 56 110 Bat_Dambang 0 293 1467
464 1217 51 94 Tram_Kak 0 464 1217
449 1232 131 83 Basedth 0 449 1232
441 1167 82 51 Kampong_Trach 0 441 1167
430 1568 114 78 Trapeang_Prasat 0 430 1568
436 1207 74 89 Chum_Kiri 0 436 1207
240 1421 126 93 Pailin 0 240 1421
279 1527 120 133 Svay_Chek 0 279 1527
277 1279 84 122 Bak_Khlang 0 277 1279
339 1285 61 137 Thma_Bang 0 339 1285
286 1497 84 81 Mongkol_Borei 0 286 1497
714 1519 64 108 Ban_Lŭng 0 714 1519
276 1285 96 136 Mondul_Seima 0 276 1285
280 1283 141 76 Smach_Meanchey 0 280 1283
363 1229 61 141 Srae_Ambel 0 363 1229
400 1573 66 147 Anlong_Veaeng 0 400 1573
406 1463 132 147 Soutr_Nikom 0 406 1463
379 1226 94 56 Kampong_Seila 0 379 1226
339 1529 144 99 Srei_Snam 0 339 1529
431 1258 126 92 Phnum_Sruoch 0 431 1258
481 1261 108 113 Kandal_Stueng 0 481 1261
310 1410 132 67 Koas_Krala 0 310 1410
238 1509 101 70 Ou_Chrov 0 238 1509
494 1269 82 144 Ta_Khmau 0 494 1269
333 1237 133 98 Botum_Sakor 0 333 1237
240 1433 138 94 Sala_Krau 0 240 1433
430 1164 150 138 Damnak_Chang’aeur 0 430 1164
332 1416 117 112 Ta_Loas 0 332 1416
293 1360 85 80 Veal_Veaeng 0 293 1360
451 1179 141 79 Banteay_Meas 0 451 1179
331 1412 98 147 Moung_Ruessei 0 331 1412
336 1176 67 94 Sihanoukville 0 336 1176
215 1486 56 106 Sampov_Lun 0 215 1486
227 1448 126 92 Kamrieng 0 227 1448
320 1520 54 145 Phnum_Srok 0 320 1520
328 1504 54 77 Kralanh 0 328 1504
298 1431 145 62 Banan 0 298 1431
340 1568 52 112 Sâmraông 0 340 1568
