27
505 1338 49 27 N’Djamena 0 505 1338
540 1136 26 26 Bongor 0 540 1136
213 1011 28 17 Sagh 0 213 1011
480 1527 37 30 Abéché 0 480 1527
619 947 45 23 Moundou 0 619 947
588 1029 34 25 Kelo 0 588 1029
496 1033 34 28 Pala_Oua 0 496 1033
421 1219 32 24 Am_Timan 0 421 1219
703 956 30 16 Doba 0 703 956
248 1348 48 22 Mongo 0 248 1348
211 1462 40 21 Ati 0 211 1462
642 1038 44 17 Laï 0 642 1038
358 1470 46 30 Oum_Hadjer 0 358 1470
533 1561 48 21 Mao 0 533 1561
491 1606 39 17 Biltine 0 491 1606
469 1487 48 25 Bol 0 469 1487
561 1900 28 26 Fada 0 561 1900
659 2262 47 15 Zouar 0 659 2262
661 1508 29 15 Moussoro 0 661 1508
489 1035 28 24 Pala 0 489 1035
627 1260 34 21 Massenya 0 627 1260
579 1436 40 24 Massakory 0 579 1436
299 1982 45 18 Faya 0 299 1982
780 986 45 22 Koumra 0 780 986
544 1351 49 30 Goz_Beïda 0 544 1351
707 2362 36 22 Bardaï 0 707 2362
697 1777 34 22 Am_Djarass 0 697 1777
