71
603 513 97 132 Bogotá 0 603 513
437 691 50 136 Medellín 0 437 691
330 380 133 126 Cali 0 330 380
522 1211 108 106 Barranquilla 0 522 1211
707 788 97 99 Bucaramanga 0 707 788
443 1149 88 58 Cartagena 0 443 1149
774 873 73 131 Cúcuta 0 774 873
525 1206 136 82 Soledad 0 525 1206
422 532 132 51 Pereira 0 422 532
587 1242 118 81 Santa_Marta 0 587 1242
474 490 83 106 Ibagué 0 474 490
246 134 135 120 Pasto 0 246 134
442 560 121 136 Manizales 0 442 560
652 457 126 85 Villavicencio 0 652 457
468 323 142 132 Neiva 0 468 323
424 501 58 130 Armenia 0 424 501
691 1157 71 110 Valledupar 0 691 1157
403 967 54 138 Montería 0 403 967
456 1028 142 85 Sincelejo 0 456 1028
320 270 95 138 Popayán 0 320 270
274 429 81 148 Buenaventura 0 274 429
626 781 68 100 Barrancabermeja 0 626 781
367 451 100 83 Tuluá 0 367 451
680 612 95 117 Tunja 0 680 612
398 524 139 128 Cartago 0 398 524
728 1277 140 145 Ríohacha 0 728 1277
582 1216 133 54 Ciénaga 0 582 1216
432 178 105 134 Florencia 0 432 178
521 475 101 57 Girardot 0 521 475
728 632 103 57 Sogamoso 0 728 632
206 96 60 56 Pupiales 0 206 96
717 644 131 88 Duitama 0 717 644
526 1021 53 70 Magangué 0 526 1021
316 629 150 68 Quibdó 0 316 629
743 198 54 84 Tumaco 0 743 198
681 910 118 87 Ocaña 0 681 910
306 783 144 102 Arauca 0 306 783
508 1175 61 147 Sabanalarga 0 508 1175
788 590 89 112 Yopal 0 788 590
486 1074 141 64 El_Carmen_de_Bolívar 0 486 1074
395 9534 137 141 Leticia 0 395 9534
423 1391 69 54 San_Andrés 0 423 1391
430 242 58 105 Garzón 0 430 242
612 995 102 121 El_Banco 0 612 995
630 620 89 101 Chiquinquirá 0 630 620
759 815 134 98 Pamplona 0 759 815
410 1021 62 123 Lorica 0 410 1021
309 895 136 116 Turbo 0 309 895
462 1133 115 107 Arjona 0 462 1133
529 575 103 125 Honda 0 529 575
434 777 52 73 Yarumal 0 434 777
565 717 127 134 Puerto_Berrío 0 565 717
208 120 92 98 Túquerres 0 208 120
197 714 104 54 Tame 0 197 714
436 1052 61 113 Tolú 0 436 1052
692 715 114 88 Socorro 0 692 715
484 918 80 135 Ayapel 0 484 918
464 296 150 140 Campoalegre 0 464 296
761 284 119 54 San_José_del_Guaviare 0 761 284
316 127 139 99 Mocoa 0 316 127
465 631 116 85 Sonsón 0 465 631
726 451 56 142 Puerto_López 0 726 451
649 406 124 125 San_Marcos 0 649 406
179 284 86 102 Guapi 0 179 284
667 684 58 106 Puerto_Carreño 0 667 684
362 139 118 103 Mitú 0 362 139
240 530 78 101 Orocué 0 240 530
248 631 127 123 Nuquí 0 248 631
195 786 89 53 Juradó 0 195 786
526 234 100 59 San_Vicente_del_Caguán 0 526 234
619 427 142 110 Inírida 0 619 427
