85
534 9521 91 79 Kinshasa 0 534 9521
552 8709 105 90 Lubumbashi 0 552 8709
788 9321 131 92 Mbuji-Mayi 0 788 9321
656 9348 148 127 Kananga 0 656 9348
258 9442 138 134 Kikwit 0 258 9442
298 56 68 118 Kisangani 0 298 56
704 9724 118 122 Bukavu 0 704 9724
471 8785 80 80 Likasi 0 471 8785
332 8814 117 122 Kolwezi 0 332 8814
775 54 54 118 Beni 0 775 54
754 14 51 95 Butembo 0 754 14
195 5 137 68 Mbandaka 0 195 5
477 9290 129 85 Tshikapa 0 477 9290
380 9674 50 134 Kindu 0 380 9674
329 9354 53 135 Matadi 0 329 9354
742 9345 124 88 Kalemie 0 742 9345
363 360 140 81 Gemena 0 363 360
485 9418 79 109 Ngungu 0 485 9418
770 9224 129 82 Mwene-Ditu 0 770 9224
284 9354 147 90 Boma 0 284 9354
737 9624 63 111 Uvira 0 737 9624
663 241 62 90 Bumba 0 663 241
568 306 87 91 Isiro 0 568 306
826 9253 60 69 Gandajika 0 826 9253
208 9344 134 143 Moanda 0 208 9344
610 237 50 84 Wamba 0 610 237
747 9814 118 73 Goma 0 747 9814
279 9033 86 149 Kamina 0 279 9033
764 9633 140 60 Bandundu 0 764 9633
527 8699 104 150 Kipushi 0 527 8699
454 9521 80 56 Ilebo 0 454 9521
500 9404 73 63 Kongolo 0 500 9404
194 172 99 133 Bunia 0 194 172
557 238 131 116 Lisala 0 557 238
444 262 77 69 Binga 0 444 262
453 9499 72 123 Kasongo 0 453 9499
221 9320 99 88 Kabinda 0 221 9320
809 303 60 93 Aketi 0 809 303
366 134 57 108 Basankusu 0 366 134
562 9463 105 95 Mweka 0 562 9463
500 472 65 147 Gbadolite 0 500 472
274 9192 53 100 Kahemba 0 274 9192
234 9497 59 137 Bulungu 0 234 9497
544 9193 75 121 Manono 0 544 9193
247 308 119 138 Buta 0 247 308
786 141 117 134 Basayo 0 786 141
361 9404 97 91 Lubao 0 361 9404
771 9449 99 62 Lusambo 0 771 9449
198 9786 145 145 Inongo 0 198 9786
272 9447 138 104 Tshela 0 272 9447
374 8982 130 55 Bukama 0 374 8982
333 9555 83 76 Ipanga 0 333 9555
463 9602 102 111 Kampene 0 463 9602
456 8797 104 94 Kambove 0 456 8797
188 9161 133 145 Kaniama 0 188 9161
216 86 51 114 Yangambi 0 216 86
546 9408 60 52 Luebo 0 546 9408
487 369 146 66 Businga 0 487 369
713 9666 126 99 Mushie 0 713 9666
486 9968 62 72 Boende 0 486 9968
490 9330 105 143 Kabalo 0 490 9330
518 9493 85 69 Kasangulu 0 518 9493
641 9759 96 123 Ngebolobo 0 641 9759
237 404 144 53 Libenge 0 237 404
781 336 132 128 Watsa 0 781 336
798 422 127 105 Bondo 0 798 422
640 9392 97 91 Demba 0 640 9392
689 9283 124 81 Kasongo-Lunda 0 689 9283
233 480 145 150 Zongo 0 233 480
612 9341 133 51 Nyunzu 0 612 9341
374 462 81 77 Bosodongo 0 374 462
765 8851 143 52 Kasaji 0 765 8851
437 9388 132 133 Kimpese 0 437 9388
802 9216 147 52 Moba 0 802 9216
646 8818 70 112 Dilolo 0 646 8818
508 166 120 85 Bongandanga 0 508 166
170 215 58 56 Mangbwalu 0 170 215
660 9665 72 58 Mwenga 0 660 9665
453 9917 101 130 Lubutu 0 453 9917
665 9915 145 141 Buluko 0 665 9915
687 9036 118 97 Luanza 0 687 9036
708 9283 69 131 Dibaya 0 708 9283
717 9463 125 92 Kenge 0 717 9463
667 9383 148 69 Lusanga 0 667 9383
531 120 81 80 Bafwazana 0 531 120
