119
386 591 30 21 Adjamé 0 386 591
276 850 28 23 Bouaké 0 276 850
784 762 37 29 Déraouan 0 784 762
762 525 38 20 San-Pédro 0 762 525
248 754 40 27 Yamoussoukro 0 248 754
211 1046 43 22 Korhogo 0 211 1046
659 819 50 15 Man 0 659 819
238 645 35 23 Divo 0 238 645
173 678 26 17 Gagnoa 0 173 678
764 640 31 25 Soubré 0 764 640
445 743 48 21 Abengourou 0 445 743
365 655 32 21 Agboville 0 365 655
418 576 25 26 Grand-Bassam 0 418 576
347 588 47 16 Dabou 0 347 588
311 735 45 23 Dimbokro 0 311 735
259 1061 38 23 Ferkessédougou 0 259 1061
196 773 35 24 Bouaflé 0 196 773
522 888 29 26 Bondoukou 0 522 888
756 880 29 25 Séguéla 0 756 880
657 1051 44 15 Odienné 0 657 1051
666 723 47 19 Guiglo 0 666 723
276 725 43 16 Toumodi 0 276 725
823 547 39 30 Sassandra 0 823 547
477 604 45 20 Aboisso 0 477 604
645 915 27 26 Touba 0 645 915
565 727 29 21 Toulépleu 0 565 727
246 824 46 22 Sakassou 0 246 824
482 619 40 16 Ayamé 0 482 619
215 849 32 16 Béoumi 0 215 849
268 900 25 29 Katiola 0 268 900
426 608 42 26 Alépé 0 426 608
801 989 43 24 Dianra 0 801 989
481 862 42 30 Tanda 0 481 862
427 683 38 15 Yakassé-Attobrou 0 427 683
706 1034 45 23 Séguélon 0 706 1034
325 626 40 15 Sikensi 0 325 626
187 862 31 26 Kounahiri 0 187 862
472 827 47 26 Koun-Fao 0 472 827
343 575 31 23 Jacqueville 0 343 575
251 610 29 23 Guitry 0 251 610
781 760 42 27 Daloa 0 781 760
663 1085 48 23 Kaniasso 0 663 1085
361 588 44 24 Songon 0 361 588
497 567 25 21 Tiapoum 0 497 567
387 586 30 30 Abidjan 0 387 586
809 891 50 23 Mankono 0 809 891
627 1105 28 15 Minignan 0 627 1105
380 622 41 30 Azaguié 0 380 622
682 489 31 22 Tabou 0 682 489
366 735 34 18 Bongouanou 0 366 735
784 1094 40 26 Kouto 0 784 1094
277 580 29 15 Grand-Lahou 0 277 580
652 855 48 17 Biankouma 0 652 855
766 639 49 28 Soubré 0 766 639
433 582 38 27 Bonoua 0 433 582
593 802 42 27 Danané 0 593 802
254 791 37 21 Tiébissou 0 254 791
427 1061 46 19 Téhini 0 427 1061
232 706 32 26 Oumé 0 232 706
245 868 41 15 Botro 0 245 868
247 957 32 23 Niakaramandougou 0 247 957
763 937 32 30 Kani 0 763 937
323 1011 37 19 Kong 0 323 1011
667 775 34 18 Bangolo 0 667 775
500 1024 34 19 Bouna 0 500 1024
736 747 49 20 Zoukougbeu 0 736 747
770 597 38 17 Méagui 0 770 597
498 834 41 15 Transua 0 498 834
624 910 44 21 Ouaninou 0 624 910
393 780 39 15 Daoukro 0 393 780
595 1059 26 19 Gbéléban 0 595 1059
334 780 37 16 Bocanda 0 334 780
462 1084 46 30 Doropo 0 462 1084
404 675 40 15 Adzopé 0 404 675
314 811 35 17 Kouassi-Kouassikro 0 314 811
587 764 26 23 Zouan-Hounien 0 587 764
599 869 36 19 Sipilou 0 599 869
721 694 44 29 Buyo 0 721 694
392 737 29 18 Arrah 0 392 737
824 629 43 19 Guéyo 0 824 629
679 817 41 18 Facobly 0 679 817
202 647 28 22 Lakota 0 202 647
298 652 26 28 Tiassalé 0 298 652
238 1060 50 17 Sinématiali 0 238 1060
178 732 40 26 Sinfra 0 178 732
383 607 30 27 Anyama 0 383 607
682 745 43 26 Duekoué 0 682 745
264 1102 40 17 Ouangolodougou 0 264 1102
401 592 30 29 Bingerville 0 401 592
390 845 43 29 Prikro 0 390 845
477 788 41 15 Agnibilékrou 0 477 788
778 816 44 27 Vavoua 0 778 816
454 671 45 19 Béttié 0 454 671
215 562 42 25 Fresco 0 215 562
657 1085 40 29 Samatiguila 0 657 1085
669 945 35 22 Koro 0 669 945
466 584 31 28 Adiaké 0 466 584
195 1003 38 22 Dikodougou 0 195 1003
290 788 47 22 Didiévi 0 290 788
725 1063 45 16 Madinani 0 725 1063
266 685 35 24 Taabo 0 266 685
436 879 35 29 Sandégué 0 436 879
266 717 30 20 Djékanou 0 266 717
825 822 26 30 Zuénoula 0 825 822
352 824 31 23 M’Bahiakro 0 352 824
671 649 32 15 Taï 0 671 649
767 718 44 28 Issia 0 767 718
610 726 47 25 Bloléquin 0 610 726
694 802 50 21 Kouibly 0 694 802
395 661 40 28 Agou 0 395 661
349 715 48 16 M’Batto 0 349 715
448 934 41 27 Nassian 0 448 934
783 1159 34 26 Tengréla 0 783 1159
775 1053 25 25 Boundiali 0 775 1053
182 1107 47 17 M’Bengué 0 182 1107
342 924 42 24 Dabakala 0 342 924
401 705 43 30 Akoupé 0 401 705
496 598 25 23 Maféré 0 496 598
266 749 42 15 Attiégouakro 0 266 749
