556
577 5072 28 20 Zagreb 0 577 5072
617 4818 33 23 Split 0 617 4818
453 5021 38 23 Rijeka 0 453 5021
265 5005 34 19 Slavonski_Brod 0 265 5005
319 5046 40 22 Osijek 0 319 5046
519 4885 43 19 Zadar 0 519 4885
409 4968 45 16 Pula 0 409 4968
542 5037 45 25 Karlovac 0 542 5037
572 4841 27 17 Šibenik 0 572 4841
261 4726 49 23 Dubrovnik 0 261 4726
563 5090 44 16 Luka 0 563 5090
687 5082 36 25 Lukač 0 687 5082
634 4791 44 22 Bol 0 634 4791
318 5075 48 23 Popovac 0 318 5075
636 5098 40 16 Zrinski_Topolovac 0 636 5098
736 4741 46 24 Slano 0 736 4741
278 5007 39 16 Garčin 0 278 5007
716 5026 37 15 Jakšić 0 716 5026
677 4807 40 25 Podbablje 0 677 4807
274 4997 28 27 Klakar 0 274 4997
536 4865 49 20 Biograd_na_Moru 0 536 4865
596 4768 50 16 Vis 0 596 4768
540 5055 36 30 Krašić 0 540 5055
484 5027 37 24 Delnice 0 484 5027
634 5089 45 25 Rovišće 0 634 5089
392 4992 25 26 Rovinj 0 392 4992
430 4993 29 23 Labin 0 430 4993
573 4847 38 20 Bilice 0 573 4847
718 5055 40 26 Mikleuš 0 718 5055
517 5012 32 19 Ogulin 0 517 5012
533 5066 47 15 Žumberak 0 533 5066
619 4821 28 25 Solin 0 619 4821
309 5044 30 15 Čepin 0 309 5044
519 4875 32 15 Kukljica 0 519 4875
709 4734 48 22 Babino_Polje 0 709 4734
509 4910 37 16 Povljana 0 509 4910
396 5017 38 30 Kaštelir 0 396 5017
693 5014 49 29 Rešetari 0 693 5014
567 5042 45 17 Lasinja 0 567 5042
531 4879 32 18 Galovac 0 531 4879
313 5030 46 15 Šodolovci 0 313 5030
663 5099 48 26 Kalinovac 0 663 5099
613 5138 44 26 Pribislavec 0 613 5138
311 5063 35 28 Jagodnjak 0 311 5063
282 5037 45 19 Podgorač 0 282 5037
615 5132 31 22 Orehovica 0 615 5132
287 5007 31 30 Donji_Andrijevci 0 287 5007
629 4826 37 26 Dugopolje 0 629 4826
624 5132 27 22 Prelog 0 624 5132
574 5092 45 27 Donja_Stubica 0 574 5092
506 4905 46 15 Vir 0 506 4905
600 5032 50 30 Petrinja 0 600 5032
568 4905 41 29 Gračac 0 568 4905
671 5033 30 15 Pakrac 0 671 5033
586 4866 37 20 Oklaj 0 586 4866
554 5019 42 23 Vojnić 0 554 5019
547 5020 48 30 Krnjak 0 547 5020
656 5058 32 18 Hercegovac 0 656 5058
537 4981 29 24 Saborsko 0 537 4981
557 5112 33 15 Pregrada 0 557 5112
333 5001 31 19 Otok 0 333 5001
605 5153 48 18 Sveti_Martin_na_Muri 0 605 5153
703 5022 39 18 Brestovac 0 703 5022
414 4999 38 23 Žminj 0 414 4999
589 4766 45 20 Komiža 0 589 4766
599 4830 29 16 Prgomet 0 599 4830
677 4777 26 23 Sućuraj 0 677 4777
707 5008 47 20 Nova_Kapela 0 707 5008
612 4863 32 23 Vrlika 0 612 4863
265 5012 45 21 Podcrkavlje 0 265 5012
451 5032 42 19 Klana 0 451 5032
318 5040 37 30 Antunovac 0 318 5040
490 4933 38 17 Novalja 0 490 4933
576 5015 49 21 Topusko 0 576 5015
633 5126 39 29 Mali_Bukovec 0 633 5126
510 4983 40 15 Brinje 0 510 4983
563 4845 47 27 Vodice 0 563 4845
699 4781 27 27 Otrić-Seoci 0 699 4781
698 4769 35 21 Ploče 0 698 4769
600 4852 30 22 Ružić 0 600 4852
602 5087 46 17 Rakovec 0 602 5087
557 5102 29 28 Tuhelj 0 557 5102
608 5108 31 29 Gornja_Rijeka 0 608 5108
323 4990 36 21 Bošnjaci 0 323 4990
594 5133 32 24 Petrijanec 0 594 5133
596 5059 35 26 Orle 0 596 5059
599 4873 47 23 Biskupija 0 599 4873
582 5111 30 18 Lobor 0 582 5111
551 5110 31 30 Desinić 0 551 5110
654 4813 43 17 Šestanovac 0 654 4813
577 4870 50 30 Kistanje 0 577 4870
575 5114 34 24 Novi_Golubovec 0 575 5114
536 5050 26 15 Ozalj 0 536 5050
645 5117 42 28 Peteranec 0 645 5117
617 4798 42 23 Milna 0 617 4798
716 5005 36 16 Oriovac 0 716 5005
679 5012 25 21 Dragalić 0 679 5012
698 5054 33 22 Voćin 0 698 5054
279 5071 44 17 Donji_Miholjac 0 279 5071
676 4754 36 29 Lumbarda 0 676 4754
652 5077 43 21 Severin 0 652 5077
596 5089 50 22 Sveti_Ivan_Zelina 0 596 5089
395 5029 36 18 Buje 0 395 5029
392 5026 25 23 Brtonigla 0 392 5026
627 4798 36 29 Nerežišće 0 627 4798
608 4833 42 18 Lećevica 0 608 4833
607 4991 38 29 Dvor 0 607 4991
447 5023 27 25 Matulji 0 447 5023
629 5138 48 15 Goričan 0 629 5138
705 4763 29 23 Vlaka 0 705 4763
600 5076 31 24 Brckovljani 0 600 5076
616 5013 26 16 Donji_Kukuruzari 0 616 5013
666 5094 28 22 Kloštar_Podravski 0 666 5094
610 5066 25 22 Kloštar_Ivanić 0 610 5066
320 5055 39 16 Darda 0 320 5055
673 5050 41 20 Daruvar 0 673 5050
533 4966 50 21 Vrhovine 0 533 4966
651 5073 31 24 Nova_Rača 0 651 5073
392 5017 31 23 Tar 0 392 5017
530 4883 43 27 Zemunik_Donji 0 530 4883
622 4824 28 30 Klis 0 622 4824
307 5070 48 15 Petlovac 0 307 5070
390 5000 45 28 Vrsar 0 390 5000
621 5145 33 15 Dekanovec 0 621 5145
269 5047 33 17 Ðurđenovac 0 269 5047
660 5100 32 17 Ðurđevac 0 660 5100
626 5067 36 20 Čazma 0 626 5067
595 5065 42 20 Rugvica 0 595 5065
419 5028 26 22 Buzet 0 419 5028
686 5017 36 23 Cernik 0 686 5017
279 5021 30 15 Levanjska_Varoš 0 279 5021
319 5001 33 27 Gradište 0 319 5001
710 5024 25 22 Požega 0 710 5024
543 5025 36 26 Barilović 0 543 5025
424 5006 27 24 Pićan 0 424 5006
350 5010 35 30 Tompojevci 0 350 5010
607 5127 46 26 Trnovec_Bartolovečki 0 607 5127
592 5107 47 17 Budinšćina 0 592 5107
723 5054 25 18 Čačinci 0 723 5054
405 4975 32 24 Fažana 0 405 4975
575 5120 34 16 Bednja 0 575 5120
596 5098 28 29 Bedenica 0 596 5098
679 4812 50 15 Imotski 0 679 4812
530 4944 36 24 Perušić 0 530 4944
629 4846 32 27 Hrvace 0 629 4846
565 5067 37 15 Gornji_Stupnik 0 565 5067
602 5112 38 23 Novi_Marof 0 602 5112
324 5052 39 23 Bilje 0 324 5052
552 5102 45 22 Kumrovec 0 552 5102
602 5122 26 21 Sveti_Ilija 0 602 5122
610 5151 33 24 Mursko_Središće 0 610 5151
715 4770 48 20 Metković 0 715 4770
594 5048 30 29 Lekenik 0 594 5048
318 4994 37 16 Županja 0 318 4994
628 4815 35 28 Podstrana 0 628 4815
474 4991 30 17 Vrbnik 0 474 4991
631 5115 47 25 Rasinja 0 631 5115
631 5128 42 24 Veliki_Bukovec 0 631 5128
465 5006 45 17 Omišalj 0 465 5006
554 4915 46 29 Lovinac 0 554 4915
384 5031 43 15 Umag 0 384 5031
270 4722 31 19 Srebreno 0 270 4722
662 5048 33 26 Dežanovac 0 662 5048
415 4963 47 27 Medulin 0 415 4963
725 5046 36 19 Orahovica 0 725 5046
480 4979 31 19 Baška 0 480 4979
639 5037 47 19 Kutina 0 639 5037
530 5021 28 20 Generalski_Stol 0 530 5021
583 5062 42 19 Velika_Gorica 0 583 5062
302 4993 32 26 Slavonski_Šamac 0 302 4993
632 4811 29 24 Dugi_Rat 0 632 4811
488 5018 37 23 Mrkopalj 0 488 5018
343 5023 26 22 Vukovar 0 343 5023
570 5094 38 24 Oroslavje 0 570 5094
637 5132 39 17 Donji_Vidovec 0 637 5132
480 5022 44 26 Lokve 0 480 5022
457 4930 50 30 Mali_Lošinj 0 457 4930
306 4998 32 15 Babina_Greda 0 306 4998
559 4844 36 17 Tribunj 0 559 4844
282 5003 36 20 Oprisavci 0 282 5003
408 5026 49 20 Oprtalj 0 408 5026
697 5011 36 15 Staro_Petrovo_Selo 0 697 5011
461 5016 42 28 Kostrena 0 461 5016
594 4831 47 27 Primorski_Dolac 0 594 4831
602 5104 47 18 Visoko 0 602 5104
555 5072 34 26 Samobor 0 555 5072
546 4897 41 29 Jesenice 0 546 4897
641 5005 41 24 Hrvatska_Dubica 0 641 5005
609 5118 37 22 Varaždinske_Toplice 0 609 5118
603 5128 39 22 Varaždin 0 603 5128
652 5060 35 29 Velika_Trnovitica 0 652 5060
564 5113 44 15 Petrovsko 0 564 5113
514 4897 35 30 Nin 0 514 4897
666 4807 26 27 Zagvozd 0 666 4807
556 4862 34 24 Stankovci 0 556 4862
678 4808 34 27 Zmijavci 0 678 4808
297 5034 42 20 Punitovci 0 297 5034
527 4903 46 16 Ražanac 0 527 4903
649 5014 26 20 Jasenovac 0 649 5014
404 4988 26 17 Bale 0 404 4988
685 4764 49 16 Trpanj 0 685 4764
372 5008 41 18 Ilok 0 372 5008
504 4921 46 28 Pag 0 504 4921
575 4883 33 26 Ervenik 0 575 4883
330 5006 35 19 Privlaka 0 330 5006
640 5071 39 30 Ivanska 0 640 5071
496 4926 26 29 Kolan 0 496 4926
647 5028 35 30 Lipovljani 0 647 5028
298 5059 40 30 Valpovo 0 298 5059
320 5027 35 27 Markušica 0 320 5027
574 4852 37 20 Skradin 0 574 4852
576 4933 44 30 Donji_Lapac 0 576 4933
618 5137 33 18 Mala_Subotica 0 618 5137
618 5124 46 15 Martijanec 0 618 5124
411 5003 43 28 Sveti_Petar_u_Šumi 0 411 5003
547 4852 47 30 Murter 0 547 4852
671 5096 46 26 Podravske_Sesvete 0 671 5096
602 5142 36 20 Gornji_Mihaljevec 0 602 5142
728 5064 36 25 Crnac 0 728 5064
598 5102 35 24 Breznica 0 598 5102
614 5085 30 19 Gradec 0 614 5085
656 4803 25 27 Brela 0 656 4803
559 5079 41 22 Brdovec 0 559 5079
571 5112 26 20 Radoboj 0 571 5112
594 5107 29 25 Hrašćina 0 594 5107
307 5017 47 16 Stari_Mikanovci 0 307 5017
578 4819 33 22 Rogoznica 0 578 4819
318 5017 36 19 Ivankovo 0 318 5017
636 4811 35 19 Omiš 0 636 4811
637 4780 27 26 Jelsa 0 637 4780
549 5105 40 15 Zagorska_Sela 0 549 5105
538 5030 36 20 Duga_Resa 0 538 5030
632 4840 43 22 Sinj 0 632 4840
307 5025 39 15 Semeljci 0 307 5025
271 5070 50 24 Viljevo 0 271 5070
297 5061 38 22 Belišće 0 297 5061
302 5003 48 21 Gundinci 0 302 5003
330 4971 32 30 Gunja 0 330 4971
618 5057 48 18 Križ 0 618 5057
577 5099 41 17 Bedekovčina 0 577 5099
557 5059 48 24 Klinča_Sela 0 557 5059
560 4931 45 26 Udbina 0 560 4931
322 5010 34 23 Andrijaševci 0 322 5010
430 4998 42 17 Nedeščina 0 430 4998
606 5136 40 23 Nedelišće 0 606 5136
534 4868 42 30 Sveti_Filip_i_Jakov 0 534 4868
288 5047 32 16 Koška 0 288 5047
580 5105 36 22 Mače 0 580 5105
630 4782 39 27 Starigrad 0 630 4782
728 5008 33 29 Sibinj 0 728 5008
608 5062 50 16 Ivanić-Grad 0 608 5062
640 4839 48 21 Otok 0 640 4839
720 5018 34 29 Pleternica 0 720 5018
678 5080 35 15 Špišić-Bukovica 0 678 5080
722 4997 39 23 Bebrina 0 722 4997
651 5048 27 24 Garešnica 0 651 5048
546 4995 26 17 Slunj 0 546 4995
515 4880 45 23 Preko 0 515 4880
310 5036 35 17 Vladislavci 0 310 5036
570 5097 48 23 Zabok 0 570 5097
625 5089 41 22 Sveti_Ivan_Žabno 0 625 5089
589 4818 50 16 Marina 0 589 4818
579 5117 46 21 Lepoglava 0 579 5117
625 4804 47 16 Supetar 0 625 4804
657 4818 26 21 Cista_Provo 0 657 4818
527 5047 43 17 Ribnik 0 527 5047
506 5023 34 27 Vrbovsko 0 506 5023
575 5109 26 25 Mihovljan 0 575 5109
554 4852 36 26 Pirovac 0 554 4852
598 5106 27 27 Breznički_Hum 0 598 5106
336 4982 42 17 Vrbanja 0 336 4982
585 5128 25 15 Donja_Voća 0 585 5128
389 5008 28 24 Poreč 0 389 5008
601 4818 40 18 Trogir 0 601 4818
441 5009 41 20 Mošćenička_Draga 0 441 5009
592 4857 39 28 Drniš 0 592 4857
647 5111 27 21 Koprivnički_Bregi 0 647 5111
611 5148 44 25 Vratišinec 0 611 5148
522 5003 30 23 Josipdol 0 522 5003
267 5042 42 27 Donja_Motičina 0 267 5042
538 4895 29 16 Posedarje 0 538 4895
567 5112 31 27 Krapina 0 567 5112
565 5104 46 17 Krapinske_Toplice 0 565 5104
670 5101 35 28 Ferdinandovac 0 670 5101
586 5135 33 29 Cestica 0 586 5135
272 5041 33 15 Našice 0 272 5041
619 4804 50 23 Sutivan 0 619 4804
633 5073 30 20 Štefanje 0 633 5073
551 4983 27 16 Rakovica 0 551 4983
658 5117 31 19 Gola 0 658 5117
556 4954 50 17 Korenica 0 556 4954
689 5059 49 25 Ðulovac 0 689 5059
448 5024 37 21 Kastav 0 448 5024
605 5122 38 16 Gornji_Kneginec 0 605 5122
556 5099 31 15 Klanjec 0 556 5099
668 4789 37 25 Podgora 0 668 4789
612 5103 40 24 Sveti_Petar_Orehovec 0 612 5103
677 4761 45 27 Orebić 0 677 4761
607 5035 50 17 Sisak 0 607 5035
570 5103 26 21 Sveti_Križ_Začretje 0 570 5103
323 5068 50 17 Kneževi_Vinogradi 0 323 5068
653 5103 32 30 Virje 0 653 5103
685 5078 44 27 Virovitica 0 685 5078
560 5085 46 27 Donja_Pušća 0 560 5085
734 5026 38 16 Čaglin 0 734 5026
494 5024 50 22 Ravna_Gora 0 494 5024
417 4978 34 17 Marčana 0 417 4978
505 4930 40 18 Karlobag 0 505 4930
542 5037 28 26 Karlovac 0 542 5037
672 5090 36 25 Pitomača 0 672 5090
518 4968 47 22 Otočac 0 518 4968
676 5001 39 22 Stara_Gradiška 0 676 5001
694 5080 46 28 Gradina 0 694 5080
417 4964 25 17 Ližnjan 0 417 4964
430 5028 32 23 Lanišće 0 430 5028
301 5024 47 26 Viškovci 0 301 5024
606 5113 44 29 Ljubešćica 0 606 5113
666 4793 25 25 Tučepi 0 666 4793
294 5025 25 20 Satnica_Ðakovačka 0 294 5025
595 4843 32 25 Unešić 0 595 4843
615 4822 40 18 Kaštel_Sućurac 0 615 4822
549 4875 26 17 Benkovac 0 549 4875
295 5003 34 29 Velika_Kopanica 0 295 5003
657 5108 47 21 Molve 0 657 5108
668 5055 40 25 Končanica 0 668 5055
330 5022 40 20 Nuštar 0 330 5022
525 4877 29 22 Sukošan 0 525 4877
655 4736 30 15 Lastovo 0 655 4736
387 5019 35 27 Novigrad 0 387 5019
312 5016 49 21 Vođinci 0 312 5016
617 4780 46 18 Hvar 0 617 4780
612 4867 28 25 Civljane 0 612 4867
622 5024 47 23 Sunja 0 622 5024
493 5030 39 20 Skrad 0 493 5030
624 5123 47 15 Ludbreg 0 624 5123
408 5021 50 29 Motovun 0 408 5021
585 5021 45 15 Glina 0 585 5021
668 5063 34 22 Grubišno_Polje 0 668 5063
408 5007 30 30 Tinjan 0 408 5007
658 4802 39 26 Baška_Voda 0 658 4802
328 5078 44 17 Draž 0 328 5078
632 4803 27 30 Postire 0 632 4803
566 5089 40 18 Jakovlje 0 566 5089
582 5124 30 18 Klenovnik 0 582 5124
692 4786 40 17 Vrgorac 0 692 4786
568 5022 34 23 Gvozd 0 568 5022
582 5100 46 25 Zlatar_Bistrica 0 582 5100
399 5014 43 28 Višnjan 0 399 5014
318 5061 36 27 Čeminac 0 318 5061
558 5000 28 28 Cetingrad 0 558 5000
327 5026 37 28 Tordinci 0 327 5026
642 5066 34 22 Berek 0 642 5066
600 5122 49 26 Beretinec 0 600 5122
667 4814 46 16 Lokvičič 0 667 4814
400 5025 37 16 Grožnjan 0 400 5025
651 5113 28 19 Hlebine 0 651 5113
335 4976 25 25 Drenovci 0 335 4976
422 4990 41 15 Barban 0 422 4990
556 5088 50 20 Dubravica 0 556 5088
596 4877 40 21 Knin 0 596 4877
694 5074 42 19 Suhopolje 0 694 5074
522 5027 30 17 Bosiljevo 0 522 5027
713 4763 46 24 Mlinište 0 713 4763
681 4805 29 21 Runović 0 681 4805
532 5039 45 30 Netretić 0 532 5039
307 5053 46 20 Petrijevci 0 307 5053
613 5124 32 29 Jalžabet 0 613 5124
690 4775 44 21 Gradac 0 690 4775
650 4795 32 25 Selca 0 650 4795
697 4998 33 15 Davor 0 697 4998
429 5022 30 27 Lupoglav 0 429 5022
604 4805 32 17 Grohote 0 604 4805
631 5107 45 30 Sokolovac 0 631 5107
432 5002 43 28 Kršan 0 432 5002
300 4998 34 16 Sikirevci 0 300 4998
412 4993 35 21 Svetvinčenat 0 412 4993
598 5131 49 28 Sračinec 0 598 5131
322 5020 25 15 Jarmina 0 322 5020
620 4842 49 15 Donji_Muć 0 620 4842
686 5014 32 26 Nova_Gradiška 0 686 5014
416 5010 45 20 Pazin 0 416 5010
591 5126 40 26 Maruševec 0 591 5126
568 5083 36 24 Poljanica_Bistranska 0 568 5083
713 5034 32 29 Kaptol 0 713 5034
471 5049 49 18 Čabar 0 471 5049
720 5005 31 28 Brodski_Stupnik 0 720 5005
562 4868 27 21 Lišane_Ostrovičke 0 562 4868
649 5088 26 29 Veliko_Trojstvo 0 649 5088
565 5094 29 26 Veliko_Trgovišće 0 565 5094
672 5014 49 26 Okučani 0 672 5014
287 5028 28 23 Drenje 0 287 5028
712 4767 41 20 Kula_Norinska 0 712 4767
478 4964 39 15 Lopar 0 478 4964
639 5135 25 22 Kotoriba 0 639 5135
529 4932 30 24 Gospić 0 529 4932
551 4850 30 29 Tisno 0 551 4850
730 5052 46 28 Zdenci 0 730 5052
556 5085 38 16 Marija_Gorica 0 556 5085
675 5014 42 19 Gornji_Bogičevci 0 675 5014
546 5049 32 30 Draganići 0 546 5049
466 5013 27 27 Kraljevica 0 466 5013
556 5092 49 28 Kraljevec_na_Sutli 0 556 5092
468 4997 38 18 Dobrinj 0 468 4997
564 5116 25 16 Ðurmanec 0 564 5116
623 5126 31 28 Sveti_Ðurđ 0 623 5126
722 5069 31 23 Čađavica 0 722 5069
676 5043 43 17 Sirač 0 676 5043
698 4755 28 30 Janjina 0 698 4755
297 5011 48 21 Strizivojna 0 297 5011
269 5004 38 26 Gornja_Vrba 0 269 5004
643 5123 49 30 Ðelekovec 0 643 5123
402 5020 50 17 Vižinada 0 402 5020
271 4718 33 20 Cavtat 0 271 4718
459 5022 40 17 Čavle 0 459 5022
294 5030 48 16 Gorjani 0 294 5030
666 5106 45 25 Novo_Virje 0 666 5106
445 5020 48 24 Opatija 0 445 5020
627 5081 41 16 Farkaševac 0 627 5081
647 5118 37 20 Drnje 0 647 5118
659 5068 37 24 Veliki_Grđevac 0 659 5068
596 5073 29 26 Dugo_Selo 0 596 5073
297 5020 37 23 Ðakovo 0 297 5020
516 4878 39 30 Kali 0 516 4878
390 5003 41 18 Funtana 0 390 5003
713 5075 37 30 Sopje 0 713 5075
453 4978 33 26 Cres 0 453 4978
598 5150 49 28 Štrigova 0 598 5150
610 5082 43 29 Vrbovec 0 610 5082
518 4901 34 28 Vrsi 0 518 4901
606 5143 42 27 Lopatinec 0 606 5143
663 4795 34 25 Makarska 0 663 4795
725 5034 27 20 Kutjevo 0 725 5034
526 5011 46 18 Tounj 0 526 5011
616 5140 38 22 Belica 0 616 5140
715 5060 41 26 Nova_Bukovica 0 715 5060
708 5036 26 24 Velika 0 708 5036
544 4892 29 25 Novigrad 0 544 4892
651 5104 43 17 Novigrad_Podravski 0 651 5104
570 5117 43 22 Gornje_Jesenje 0 570 5117
634 5132 25 15 Sveta_Marija 0 634 5132
560 5071 45 23 Sveta_Nedjelja 0 560 5071
641 5113 47 19 Koprivnica 0 641 5113
626 5047 28 27 Popovača 0 626 5047
475 5002 36 15 Crikvenica 0 475 5002
610 5137 45 17 Čakovec 0 610 5137
608 4873 39 24 Kijevo 0 608 4873
690 5006 48 18 Vrbje 0 690 5006
528 4991 26 18 Plaški 0 528 4991
654 4754 28 17 Smokvica 0 654 4754
656 5085 42 24 Šandrovac 0 656 5085
427 4992 38 26 Raša 0 427 4992
335 5031 36 23 Trpinja 0 335 5031
643 5094 31 17 Kapela 0 643 5094
341 5029 49 19 Borovo 0 341 5029
577 5037 35 28 Pokupsko 0 577 5037
356 5009 34 28 Lovas 0 356 5009
513 4865 25 19 Sali 0 513 4865
574 4826 41 26 Primošten 0 574 4826
463 5017 31 22 Bakar 0 463 5017
607 5048 47 17 Martinska_Ves 0 607 5048
289 5060 37 17 Marjanci 0 289 5060
595 5126 41 23 Vidovec 0 595 5126
571 5090 33 20 Stubičke_Toplice 0 571 5090
674 4815 37 29 Donji_Proložac 0 674 4815
443 5015 34 29 Lovran 0 443 5015
661 4818 34 15 Lovreć 0 661 4818
401 5003 30 23 Sveti_Lovreč_Pazenatički 0 401 5003
612 5109 42 15 Kalnik 0 612 5109
314 4996 48 18 Štitar 0 314 4996
483 4997 50 22 Novi_Vinodolski 0 483 4997
639 4830 44 20 Trilj 0 639 4830
269 5007 25 26 Bukovlje 0 269 5007
642 5128 47 17 Legrad 0 642 5128
627 4832 42 21 Kraj 0 627 4832
509 4901 29 24 Privlaka 0 509 4901
527 5049 40 21 Žakanje 0 527 5049
530 4867 48 23 Pašman 0 530 4867
498 5034 30 19 Brod_Moravice 0 498 5034
622 5143 33 29 Domašinec 0 622 5143
640 4800 30 20 Pučišće 0 640 4800
354 5002 38 16 Tovarnik 0 354 5002
674 4758 28 27 Korčula 0 674 4758
720 4746 40 25 Ston 0 720 4746
710 5064 37 27 Slatina 0 710 5064
598 4816 33 18 Okrug_Gornji 0 598 4816
337 5022 25 16 Bogdanovci 0 337 5022
599 4818 41 29 Donji_Seget 0 599 4818
481 4955 36 16 Rab 0 481 4955
530 5053 43 26 Kamanje 0 530 5053
408 4997 25 24 Kanfanar 0 408 4997
422 5014 37 18 Cerovlje 0 422 5014
582 5105 50 15 Zlatar 0 582 5105
640 5118 50 15 Koprivnički_Ivanec 0 640 5118
627 5136 26 29 Donji_Kraljevec 0 627 5136
470 4984 42 21 Punat 0 470 4984
619 5077 42 21 Dubrava 0 619 5077
668 5030 43 21 Lipik 0 668 5030
313 5071 42 25 Beli_Manastir 0 313 5071
554 4894 39 28 Obrovac 0 554 4894
550 5057 33 16 Jastrebarsko 0 550 5057
581 5048 43 24 Kravarsko 0 581 5048
342 5015 35 17 Negoslavci 0 342 5015
730 5074 29 24 Podravska_Moslavina 0 730 5074
451 5025 40 26 Viškovo 0 451 5025
281 5060 49 26 Magadenovac 0 281 5060
732 5046 34 28 Feričanci 0 732 5046
652 4810 45 20 Zadvarje 0 652 4810
643 5084 40 18 Bjelovar 0 643 5084
336 5014 42 17 Stari_Jankovci 0 336 5014
535 4904 47 19 Starigrad 0 535 4904
607 5091 46 18 Preseka 0 607 5091
348 5043 47 30 Erdut 0 348 5043
457 5025 36 21 Jelenje 0 457 5025
608 5136 30 16 Strahoninec 0 608 5136
609 5140 48 15 Šenkovec 0 609 5140
654 5022 35 29 Novska 0 654 5022
524 4879 38 21 Bibinje 0 524 4879
619 5097 38 26 Križevci 0 619 5097
477 5016 49 19 Fužine 0 477 5016
646 4755 25 20 Blato 0 646 4755
536 4882 35 25 Škabrnje 0 536 4882
301 5051 43 19 Bizovac 0 301 5051
580 5090 25 26 Gornja_Stubica 0 580 5090
640 4758 36 26 Vela_Luka 0 640 4758
327 5017 39 15 Vinkovci 0 327 5017
586 5095 41 19 Marija_Bistrica 0 586 5095
462 4996 45 21 Malinska 0 462 4996
466 4985 44 23 Krk 0 466 4985
530 4891 45 30 Poličnik 0 530 4891
540 4862 48 18 Pakoštane 0 540 4862
562 5078 34 20 Zaprešić 0 562 5078
624 5050 49 17 Velika_Ludina 0 624 5050
553 5117 42 22 Hum_na_Sutli 0 553 5117
492 4981 31 20 Senj 0 492 4981
345 5000 47 24 Nijemci 0 345 5000
284 5015 33 28 Trnava 0 284 5015
662 5074 43 27 Velika_Pisanica 0 662 5074
407 5017 33 22 Karojba 0 407 5017
709 4765 49 19 Opuzen 0 709 4765
422 5007 42 18 Gračišće 0 422 5007
296 5009 47 15 Vrpolje 0 296 5009
590 5100 32 23 Konjšćina 0 590 5100
607 5150 35 29 Selnica 0 607 5150
304 5034 29 17 Vuka 0 304 5034
588 5132 36 21 Vinica 0 588 5132
639 5130 50 27 Donja_Dubrava 0 639 5130
409 4979 28 24 Vodnjan 0 409 4979
620 5012 27 23 Majur 0 620 5012
620 5009 41 18 Hrvatska_Kostajnica 0 620 5009
316 5035 45 21 Ernestinovo 0 316 5035
541 4874 50 20 Polača 0 541 4874
567 5048 48 24 Pisarovina 0 567 5048
586 5119 29 24 Ivanec 0 586 5119
481 5000 26 29 Bribir 0 481 5000
618 5146 37 29 Podturen 0 618 5146
318 5005 41 18 Cerna 0 318 5005
