137
360 2558 124 55 Havana 0 360 2558
413 2214 77 141 Santiago_de_Cuba 0 413 2214
197 2367 87 78 Camagüey 0 197 2367
368 2310 137 149 Holguín 0 368 2310
478 2227 105 108 Guantánamo 0 478 2227
606 2478 83 131 Santa_Clara 0 606 2478
297 2319 97 96 Las_Tunas 0 297 2319
328 2253 86 142 Bayamo 0 328 2253
222 2481 109 94 Pinar_del_Río 0 222 2481
558 2449 132 95 Cienfuegos 0 558 2449
440 2548 134 63 Matanzas 0 440 2548
731 2416 114 98 Ciego_de_Ávila 0 731 2416
278 2250 112 119 Manzanillo 0 278 2250
660 2425 62 70 Sancti_Spíritus 0 660 2425
396 2235 105 143 Palma_Soriano 0 396 2235
394 2525 79 131 Güines 0 394 2525
319 2524 141 141 Artemisa 0 319 2524
744 2446 117 130 Morón 0 744 2446
509 2512 53 72 Colón 0 509 2512
594 2522 88 53 Sagua_la_Grande 0 594 2522
638 2467 54 85 Placetas 0 638 2467
265 2384 89 86 Nuevitas 0 265 2384
424 2318 90 86 Banes 0 424 2318
346 2532 139 103 San_Antonio_de_los_Baños 0 346 2532
657 2491 139 56 Caibarién 0 657 2491
313 2421 58 79 Nueva_Gerona 0 313 2421
411 2232 130 81 San_Luis 0 411 2232
215 2466 112 98 San_Luis 0 215 2466
300 2274 131 75 Río_Cauto 0 300 2274
765 2428 120 128 Primero_de_Enero 0 765 2428
774 2444 57 123 Bolivia 0 774 2444
326 2536 148 60 Guanajay 0 326 2536
230 2218 113 140 Niquero 0 230 2218
753 2405 114 119 Gaspar 0 753 2405
396 2548 58 84 Jaruco 0 396 2548
269 2499 52 97 Los_Palacios 0 269 2499
706 2425 104 52 Majagua 0 706 2425
214 2403 134 68 Cubitas 0 214 2403
360 2524 131 144 Quivicán 0 360 2524
797 2419 114 107 Esmeralda 0 797 2419
728 2405 51 143 Venezuela 0 728 2405
737 2436 106 89 Ciro_Redondo 0 737 2436
381 2539 98 144 San_José_de_las_Lajas 0 381 2539
357 2536 134 144 Bejucal 0 357 2536
538 2219 51 97 Imías 0 538 2219
429 2284 125 62 Mayarí 0 429 2284
261 2238 63 66 Campechuela 0 261 2238
486 2491 67 143 Jagüey_Grande 0 486 2491
572 2478 135 88 Lajas 0 572 2478
604 2411 83 146 Trinidad 0 604 2411
393 2294 117 50 Báguanos 0 393 2294
562 2459 63 121 Palmira 0 562 2459
396 2325 99 50 Santa_Lucía 0 396 2325
333 2344 67 136 Puerto_Padre 0 333 2344
787 2382 89 146 Florida 0 787 2382
542 2541 57 58 Corralillo 0 542 2541
552 2249 106 124 Baracoa 0 552 2249
289 2513 149 135 San_Cristóbal 0 289 2513
605 2449 116 149 Manicaragua 0 605 2449
229 2378 145 69 Minas 0 229 2378
381 2278 82 113 San_Germán 0 381 2278
506 2284 82 81 Moa 0 506 2284
528 2513 54 141 Los_Arabos 0 528 2513
471 2284 123 135 Cayo_Mambí 0 471 2284
587 2474 139 127 Ranchuelo 0 587 2474
508 2537 107 146 Martí 0 508 2537
241 2490 74 124 Consolación_del_Sur 0 241 2490
382 2334 59 65 Gibara 0 382 2334
474 2275 81 128 Sagua_de_Tánamo 0 474 2275
336 2538 140 71 Caimito 0 336 2538
262 2313 71 69 Jobabo 0 262 2313
457 2538 98 103 Limonar 0 457 2538
519 2217 142 62 San_Antonio_del_Sur 0 519 2217
278 2534 135 132 Bahía_Honda 0 278 2534
649 2488 150 88 Remedios 0 649 2488
655 2442 113 70 Cabaiguán 0 655 2442
296 2231 109 139 Bartolomé_Masó 0 296 2231
299 2357 62 120 Manatí 0 299 2357
795 2353 114 119 Vertientes 0 795 2353
631 2484 108 104 Camajuaní 0 631 2484
470 2513 121 146 Pedro_Betancourt 0 470 2513
369 2245 108 75 Contramaestre 0 369 2245
345 2521 71 148 Güira_de_Melena 0 345 2521
320 2543 87 56 Mariel 0 320 2543
346 2340 117 73 Jesús_Menéndez 0 346 2340
422 2517 130 78 Nueva_Paz 0 422 2517
498 2518 135 83 Perico 0 498 2518
679 2408 74 51 La_Sierpe 0 679 2408
689 2427 118 66 Jatibonico 0 689 2427
214 2332 136 52 Najasa 0 214 2332
515 2475 105 75 Aguada_de_Pasajeros 0 515 2475
709 2450 55 145 Florencia 0 709 2450
406 2519 96 55 San_Nicolás 0 406 2519
316 2231 67 70 Buey_Arriba 0 316 2231
207 2466 118 94 San_Juan_y_Martínez 0 207 2466
503 2251 124 63 Palenque 0 503 2251
412 2533 100 142 Madruga 0 412 2533
256 2202 83 147 Pilón 0 256 2202
247 2322 85 66 Colombia 0 247 2322
576 2520 135 131 Quemado_de_Güines 0 576 2520
341 2542 146 91 Bauta 0 341 2542
361 2293 141 96 Cacocum 0 361 2293
545 2470 108 143 Rodas 0 545 2470
381 2520 56 86 Melena_del_Sur 0 381 2520
351 2252 72 96 Jiguaní 0 351 2252
255 2329 79 127 Guáimaro 0 255 2329
598 2504 54 137 Cifuentes 0 598 2504
305 2314 67 93 Calixto 0 305 2314
509 2491 118 106 Calimete 0 509 2491
580 2232 87 114 La_Máquina 0 580 2232
296 2243 66 61 Yara 0 296 2243
715 2455 88 73 Chambas 0 715 2455
423 2303 113 148 Antilla 0 423 2303
339 2240 127 93 Guisa 0 339 2240
616 2501 105 135 Encrucijada 0 616 2501
237 2518 110 113 La_Palma 0 237 2518
444 2520 77 93 Unión_de_Reyes 0 444 2520
197 2500 91 64 Minas_de_Matahambre 0 197 2500
405 2560 121 83 Santa_Cruz_del_Norte 0 405 2560
582 2449 150 147 Cumanayagua 0 582 2449
478 2547 92 66 Cárdenas 0 478 2547
681 2470 96 139 Yaguajay 0 681 2470
480 2521 126 59 Jovellanos 0 480 2521
237 2350 145 77 Sibanicú 0 237 2350
577 2497 66 139 Santo_Domingo 0 577 2497
337 2522 135 145 Alquízar 0 337 2522
245 2229 124 72 Media_Luna 0 245 2229
679 2434 77 123 Taguasco 0 679 2434
206 2351 140 92 Jimaguayú 0 206 2351
187 2293 100 64 Santa_Cruz_del_Sur 0 187 2293
631 2444 132 77 Fomento 0 631 2444
367 2512 70 92 Batabanó 0 367 2512
231 2304 84 93 Amancio 0 231 2304
221 2503 111 142 Viñales 0 221 2503
781 2388 60 143 Carlos_Manuel_de_Céspedes 0 781 2388
575 2470 69 111 Cruces 0 575 2470
298 2516 97 146 Candelaria 0 298 2516
