99
347 6171 33 22 Copenhagen 0 347 6171
576 6223 25 19 Aarhus 0 576 6223
588 6139 36 28 Odense 0 588 6139
553 6317 37 21 Skalborg 0 553 6317
465 6147 29 19 Esbjerg 0 465 6147
534 6173 47 26 Vejle 0 534 6173
316 6169 42 20 Roskilde 0 316 6169
524 6256 45 28 Viborg 0 524 6256
601 6102 45 30 Svendborg 0 601 6102
332 6201 31 23 Hillerød 0 332 6201
592 6367 35 16 Frederikshavn 0 592 6367
659 6145 43 27 Borød 0 659 6145
614 6130 31 21 Nyborg 0 614 6130
341 6170 32 17 Hvidovre 0 341 6170
554 6191 49 30 Horsens 0 554 6191
352 6167 35 15 Kastrup 0 352 6167
590 6083 34 20 Ærøskøbing 0 590 6083
548 6277 35 28 Hobro 0 548 6277
531 6122 47 15 Haderslev 0 531 6122
662 6199 32 29 Højby 0 662 6199
353 6163 32 26 Dragør 0 353 6163
456 6265 25 17 Lemvig 0 456 6265
684 6072 46 30 Nykøbing_Falster 0 684 6072
490 6294 50 23 Nykøbing_Mors 0 490 6294
662 6146 47 30 Sorø 0 662 6146
529 6149 25 15 Kolding 0 529 6149
559 6369 31 26 Hjørring 0 559 6369
343 6178 48 19 Søborg 0 343 6178
557 6321 35 30 Aalborg 0 557 6321
344 6198 47 23 Kokkedal 0 344 6198
550 6085 25 23 Sønderborg 0 550 6085
332 6171 25 19 Albertslund 0 332 6171
563 6257 32 17 Randers 0 563 6257
324 6157 27 16 Solrød_Strand 0 324 6157
508 6148 27 29 Vejen 0 508 6148
593 6123 39 25 Ringe 0 593 6123
339 6178 37 27 Herlev 0 339 6178
572 6204 25 20 Odder 0 572 6204
677 6123 40 15 Næstved 0 677 6123
343 6183 35 25 Kongens_Lyngby 0 343 6183
325 6211 38 15 Helsinge 0 325 6211
558 6209 50 18 Skanderborg 0 558 6209
340 6173 44 18 Rødovre 0 340 6173
344 6173 50 16 Frederiksberg 0 344 6173
349 6211 34 29 Helsingør 0 349 6211
334 6194 37 30 Allerød 0 334 6194
502 6268 26 26 Skive 0 502 6268
336 6172 32 18 Glostrup 0 336 6172
331 6166 28 16 Ishøj 0 331 6166
337 6170 34 29 Brøndby 0 337 6170
316 6192 26 20 Frederikssund 0 316 6192
670 6177 28 15 Holbæk 0 670 6177
610 6089 44 17 Rudkøbing 0 610 6089
680 6164 50 21 Kirke_Hvalsø 0 680 6164
491 6088 31 20 Tønder 0 491 6088
688 6134 34 18 Haslev 0 688 6134
341 6188 36 20 Holte 0 341 6188
509 6221 48 30 Ikast 0 509 6221
330 6170 28 30 Taastrup 0 330 6170
591 6240 31 15 Rønde 0 591 6240
481 6106 34 20 Rønne 0 481 6106
550 6305 39 25 Støvring 0 550 6305
335 6166 37 17 Vallensbæk_Strand 0 335 6166
568 6158 25 20 Bogense 0 568 6158
685 6099 43 29 Vordingborg 0 685 6099
600 6188 31 23 Tranebjerg 0 600 6188
649 6142 29 28 Slagelse 0 649 6142
545 6334 50 27 Aabybro 0 545 6334
526 6098 35 27 Aabenraa 0 526 6098
467 6164 44 20 Varde 0 467 6164
677 6147 25 27 Ringsted 0 677 6147
620 6347 50 25 Byrum 0 620 6347
333 6178 45 21 Ballerup 0 333 6178
531 6295 25 17 Aars 0 531 6295
453 6215 47 25 Ringkøbing 0 453 6215
565 6236 32 20 Hinnerup 0 565 6236
604 6146 42 27 Kerteminde 0 604 6146
334 6188 43 27 Farum 0 334 6188
326 6164 26 20 Greve 0 326 6164
498 6220 41 17 Herning 0 498 6220
475 6260 44 29 Struer 0 475 6260
494 6178 48 17 Grindsted 0 494 6178
616 6253 50 24 Grenaa 0 616 6253
548 6159 38 26 Fredericia 0 548 6159
334 6132 47 18 Store_Heddinge 0 334 6132
343 6195 37 26 Hørsholm 0 343 6195
557 6125 28 18 Assens 0 557 6125
660 6072 42 27 Maribo 0 660 6072
321 6149 38 18 Køge 0 321 6149
314 6206 33 30 Frederiksværk 0 314 6206
324 6183 32 16 Stenløse 0 324 6183
481 6312 40 20 Thisted 0 481 6312
632 6172 48 21 Kalundborg 0 632 6172
476 6246 36 30 Holstebro 0 476 6246
348 6181 42 16 Charlottenlund 0 348 6181
557 6347 42 21 Brønderslev 0 557 6347
535 6225 32 16 Silkeborg 0 535 6225
543 6180 44 16 Hedensted 0 543 6180
547 6150 40 18 Middelfart 0 547 6150
