34
404 2042 73 140 Santo_Domingo 0 404 2042
321 2151 122 63 Santiago 0 321 2151
468 2041 61 112 San_Pedro_de_Macorís 0 468 2041
502 2037 114 67 La_Romana 0 502 2037
339 2126 136 132 La_Vega 0 339 2126
382 2036 132 75 San_Cristóbal 0 382 2036
368 2134 117 62 San_Francisco_de_Macorís 0 368 2134
530 2057 106 89 Higüey 0 530 2057
323 2188 57 71 Puerto_Plata 0 323 2188
277 2014 65 100 Barahona 0 277 2014
351 2094 108 107 Bonao 0 351 2094
264 2080 80 96 San_Juan 0 264 2080
359 2021 82 128 Baní 0 359 2021
339 2145 109 124 Moca 0 339 2145
316 2041 73 94 Azua 0 316 2041
281 2163 104 78 Mao 0 281 2163
351 2143 124 135 Salcedo 0 351 2143
219 2090 121 141 El_Pino 0 219 2090
379 2107 99 104 Cotuí 0 379 2107
472 2074 52 92 Hato_Mayor 0 472 2074
410 2142 133 76 Nagua 0 410 2142
244 2045 89 95 Neiba 0 244 2045
495 2074 78 133 El_Seibo 0 495 2074
223 2196 54 54 Monte_Cristi 0 223 2196
215 2163 116 80 Dajabón 0 215 2163
254 2155 63 109 Sabaneta 0 254 2155
417 2079 65 115 Monte_Plata 0 417 2079
464 2123 80 66 Samaná 0 464 2123
209 1996 104 127 Pedernales 0 209 1996
199 2046 108 85 Jimaní 0 199 2046
559 2067 100 111 Bávaro 0 559 2067
341 2051 87 102 San_José_de_Ocoa 0 341 2051
409 2044 90 132 Santo_Domingo_Este 0 409 2044
215 2089 86 58 Comendador 0 215 2089
