41
621 9756 29 23 Guayaquil 0 621 9756
779 9978 34 22 Quito 0 779 9978
721 9679 31 18 Cuenca 0 721 9679
764 9861 44 18 Ambato 0 764 9861
560 9883 39 23 Portoviejo 0 560 9883
615 9639 49 21 Machala 0 615 9639
531 9893 34 30 Manta 0 531 9893
784 9963 40 20 Sangolquí 0 784 9963
649 107 38 29 Esmeraldas 0 649 107
761 9815 40 15 Riobamba 0 761 9815
820 38 49 15 Ibarra 0 820 38
699 9557 43 16 Loja 0 699 9557
656 9764 45 27 Milagro 0 656 9764
765 9896 32 20 Latacunga 0 765 9896
197 89 38 16 Tulcán 0 197 89
663 9800 33 19 Babahoyo 0 663 9800
739 9696 37 27 Azogues 0 739 9696
600 9922 46 23 Chone 0 600 9922
503 9756 27 28 Salinas 0 503 9756
546 9850 50 27 Jipijapa 0 546 9850
186 9890 44 16 Tena 0 186 9890
817 4 28 15 Cayambe 0 817 4
722 9823 31 16 Guaranda 0 722 9823
833 9835 36 29 Puyo 0 833 9835
821 9744 44 22 Macas 0 821 9744
740 142 47 30 San_Lorenzo_de_Esmeraldas 0 740 142
646 9593 26 21 Piñas 0 646 9593
184 65 27 15 San_Gabriel 0 184 65
727 9550 47 26 Zamora 0 727 9550
739 9756 27 25 Alausí 0 739 9756
609 67 42 15 Muisne 0 609 67
617 9515 42 30 Macará 0 617 9515
724 138 30 27 Valdez 0 724 138
805 9941 26 29 Santa_Cruz 0 805 9941
210 9897 38 27 Puerto_Baquerizo_Moreno 0 210 9897
726 9894 27 28 Puerto_Villamil 0 726 9894
173 9684 32 30 Yaupi 0 173 9684
515 9753 25 15 Santa_Elena 0 515 9753
703 9972 27 28 Santo_Domingo_de_los_Colorados 0 703 9972
278 9948 49 26 Puerto_Francisco_de_Orellana 0 278 9948
289 10 44 29 Nueva_Loja 0 289 10
