43
334 3328 57 103 Cairo 0 334 3328
781 3457 68 84 Alexandria 0 781 3457
327 3321 107 64 Al_Jīzah 0 327 3321
430 3385 60 63 Ismailia 0 430 3385
431 3458 94 59 Port_Said 0 431 3458
464 2842 122 79 Luxor 0 464 2842
369 2938 135 62 Sūhāj 0 369 2938
345 3434 148 120 Al_Manşūrah 0 345 3434
454 3315 117 142 Suez 0 454 3315
278 3111 57 150 Al_Minyā 0 278 3111
254 3436 90 90 Ib‘ādīyat_Damanhūr 0 254 3436
314 3217 55 91 Banī_Suwayf 0 314 3217
320 3007 114 138 Asyūţ 0 320 3007
308 3407 141 88 Ţanţā 0 308 3407
290 3244 130 53 Al_Fayyūm 0 290 3244
490 2664 116 75 Aswān 0 490 2664
472 2893 136 69 Qinā 0 472 2893
287 3069 135 86 Mallawī 0 287 3069
575 3444 71 107 Al_‘Arīsh 0 575 3444
325 3371 117 105 Banhā 0 325 3371
276 3134 71 89 Ma‘şarat_Samālūţ 0 276 3134
303 3444 77 70 Kafr_ash_Shaykh 0 303 3444
389 2913 54 50 Jirjā 0 389 2913
523 3468 126 119 Marsá_Maţrūḩ 0 523 3468
455 2797 84 61 Isnā 0 455 2797
284 3154 84 127 Banī_Mazār 0 284 3154
253 2817 147 72 Al_Khārijah 0 253 2817
593 2956 68 123 Būr_Safājah 0 593 2956
561 3123 119 135 Aţ_Ţūr 0 561 3123
356 3231 141 134 Sīwah 0 356 3231
637 3433 148 72 Aḑ_Ḑab‘ah 0 637 3433
686 3412 55 142 Al_‘Alamayn 0 686 3412
325 3492 106 50 As_Sallūm 0 325 3492
596 2993 68 78 Qaşr_al_Farāfirah 0 596 2993
689 2843 60 117 Al_Qaşr 0 689 2843
580 3014 97 106 Al_Ghardaqah 0 580 3014
500 3431 102 64 Bi’r_al_‘Abd 0 500 3431
617 3462 93 132 Rafaḩ 0 617 3462
258 3436 116 63 Damanhūr 0 258 3436
309 3381 122 86 Shibīn_al_Kawm 0 309 3381
387 3476 79 109 Damietta 0 387 3476
605 3454 134 137 Ash_Shaykh_Zuwayd 0 605 3454
356 3384 53 50 Az_Zaqāzīq 0 356 3384
