35
472 997 31 29 Addis_Ababa 0 472 997
529 945 29 28 Nazrēt 0 529 945
814 1061 26 15 Dire_Dawa 0 814 1061
323 1282 36 25 Bahir_Dar 0 323 1282
569 1230 26 23 Desē 0 569 1230
183 1030 48 28 Harar 0 183 1030
333 1393 31 24 Gonder 0 333 1393
441 779 35 20 Āwasa 0 441 779
260 848 43 16 Jīma 0 260 848
388 943 36 21 Giyon 0 388 943
455 795 40 27 Shashemenē 0 455 795
549 1578 47 22 Ādīgrat 0 549 1578
551 1492 30 21 Mekele 0 551 1492
376 838 40 16 Hosa’ina 0 376 838
514 878 35 22 Āsela 0 514 878
230 1004 35 26 Nek’emtē 0 230 1004
361 1144 37 25 Debre_Mark’os 0 361 1144
339 667 39 28 Ārba_Minch’ 0 339 667
361 762 34 16 Sodo 0 361 762
558 1070 49 20 Debre_Birhan 0 558 1070
258 1034 26 25 Jijiga 0 258 1034
470 1561 42 27 Āksum 0 470 1561
424 709 31 26 Dīla 0 424 709
373 993 29 20 Hāgere_Hiywet 0 373 993
435 746 38 24 Yirga_‘Alem 0 435 746
608 775 25 15 Goba 0 608 775
811 1014 42 30 Gīmbī 0 811 1014
668 1113 36 15 Āsosa 0 668 1113
698 943 48 24 Dembī_Dolo 0 698 943
611 1237 27 20 Batī 0 611 1237
176 462 42 15 Dolo_Bay 0 176 462
564 587 42 21 Negēlē 0 564 587
779 901 28 23 Gorē 0 779 901
740 1272 49 22 Semera 0 740 1272
674 912 49 17 Gambēla 0 674 912
