324
385 6672 133 61 Helsinki 0 385 6672
646 6821 98 77 Tampere 0 646 6821
570 6702 130 84 Turku 0 570 6702
427 7211 69 136 Oulu 0 427 7211
427 6759 53 123 Lahti 0 427 6759
434 6900 116 106 Jyväskylä 0 434 6900
534 6974 71 143 Kuopio 0 534 6974
541 6816 84 91 Pori 0 541 6816
563 6770 63 52 Lappeenranta 0 563 6770
530 6996 113 115 Vaasa 0 530 6996
642 6944 63 121 Joensuu 0 642 6944
362 6765 80 71 Hämeenlinna 0 362 6765
604 7080 80 121 Kokkola 0 604 7080
513 6838 105 134 Mikkeli 0 513 6838
442 7376 95 91 Rovaniemi 0 442 7376
483 6747 141 100 Kouvola 0 483 6747
599 6860 60 127 Savonlinna 0 599 6860
388 7292 85 97 Kemi 0 388 7292
426 6696 50 75 Porvoo 0 426 6696
484 7476 118 50 Kirkonkylä 0 484 7476
518 7394 67 53 Kemijärvi 0 518 7394
482 7477 129 63 Sodankylä 0 482 7477
344 6818 97 55 Kangasala 0 344 6818
547 6909 68 123 Varkaus 0 547 6909
599 7317 88 140 Kuusamo 0 599 7317
537 6928 106 111 Teuva 0 537 6928
411 6955 107 72 Saarijärvi 0 411 6955
449 6661 93 60 Lemland 0 449 6661
626 6813 85 51 Simpele 0 626 6813
413 7191 74 76 Lumijoki 0 413 7191
636 6774 78 95 Urjala 0 636 6774
436 6694 128 110 Geta 0 436 6694
445 6921 68 109 Laukaa 0 445 6921
333 6660 111 87 Ingå 0 333 6660
537 6749 135 110 Laitila 0 537 6749
351 6888 75 145 Kitee 0 351 6888
634 7047 106 149 Kaustinen 0 634 7047
566 6872 90 67 Honkajoki 0 566 6872
561 6923 109 123 Kauhajoki 0 561 6923
350 7024 74 74 Lieksa 0 350 7024
525 7059 76 97 Sonkajärvi 0 525 7059
506 6942 78 71 Suonenjoki 0 506 6942
608 7587 125 59 Enontekiö 0 608 7587
442 6757 73 72 Nastola 0 442 6757
376 6991 74 88 Kyyjärvi 0 376 6991
465 6678 139 98 Vårdö 0 465 6678
549 7464 63 55 Savukoski 0 549 7464
404 6693 143 74 Sipoo 0 404 6693
533 6995 93 114 Siilinjärvi 0 533 6995
576 6966 66 86 Tuusniemi 0 576 6966
560 6715 102 104 Masku 0 560 6715
478 7310 58 126 Ranua 0 478 7310
601 6981 62 137 Lapua 0 601 6981
400 7089 102 144 Nivala 0 400 7089
352 6691 146 119 Nummela 0 352 6691
522 7443 73 92 Pelkosenniemi 0 522 7443
502 6697 81 106 Brändö 0 502 6697
445 7127 118 58 Pulkkila 0 445 7127
496 7251 65 89 Pudasjärvi 0 496 7251
417 7070 65 56 Haapajärvi 0 417 7070
560 6798 126 65 Harjavalta 0 560 6798
387 6972 135 70 Karstula 0 387 6972
374 6677 88 133 Kauniainen 0 374 6677
510 6961 130 60 Korsnäs 0 510 6961
598 6795 56 75 Ruokolahti 0 598 6795
442 6668 109 136 Jomala 0 442 6668
607 6749 76 53 Loimaa 0 607 6749
451 7186 89 94 Muhos 0 451 7186
491 6944 88 73 Rautalampi 0 491 6944
564 7040 100 56 Rautavaara 0 564 7040
338 6682 89 77 Lohja 0 338 6682
556 6779 116 65 Taipalsaari 0 556 6779
595 6782 146 59 Imatra 0 595 6782
589 6854 60 139 Jämijärvi 0 589 6854
647 6652 106 136 Raseborg 0 647 6652
345 6714 126 76 Karkkila 0 345 6714
642 7128 83 65 Kalajoki 0 642 7128
562 6822 69 130 Puumala 0 562 6822
522 6740 51 107 Uusikaupunki 0 522 6740
358 6973 150 114 Soini 0 358 6973
428 7029 81 107 Pihtipudas 0 428 7029
654 6784 61 84 Toijala 0 654 6784
543 6768 112 90 Lemi 0 543 6768
537 6785 114 133 Savitaipale 0 537 6785
581 6890 104 148 Karvia 0 581 6890
580 6956 125 51 Ilmajoki 0 580 6956
431 6741 149 116 Orimattila 0 431 6741
591 6747 146 77 Oripää 0 591 6747
574 6852 55 130 Kankaanpää 0 574 6852
381 6686 85 128 Vantaa 0 381 6686
487 7011 143 120 Pielavesi 0 487 7011
600 7067 62 108 Kronoby 0 600 7067
404 7000 123 67 Kivijärvi 0 404 7000
544 6863 64 80 Juva 0 544 6863
620 6971 70 121 Polvijärvi 0 620 6971
568 6921 53 67 Polvijärvi 0 568 6921
457 6722 55 87 Lappträsk 0 457 6722
532 6801 60 110 Luvia 0 532 6801
557 7272 73 103 Taivalkoski 0 557 7272
624 6742 125 76 Ypäjä 0 624 6742
453 6844 88 95 Joutsa 0 453 6844
528 6978 61 150 Malax 0 528 6978
554 6726 98 80 Mynämäki 0 554 6726
608 6849 69 67 Ikaalinen 0 608 6849
472 6818 113 71 Pertunmaa 0 472 6818
395 6704 86 121 Järvenpää 0 395 6704
642 7089 113 61 Kannus 0 642 7089
379 6705 89 118 Nurmijärvi 0 379 6705
481 6666 74 118 Sottunga 0 481 6666
616 6835 123 72 Hämeenkyrö 0 616 6835
443 6685 50 121 Ödkarby 0 443 6685
650 6743 83 100 Tammela 0 650 6743
385 6922 109 94 Multia 0 385 6922
500 7069 120 100 Vieremä 0 500 7069
424 7188 54 67 Liminka 0 424 7188
481 7058 114 68 Kiuruvesi 0 481 7058
605 6998 52 134 Kauhava 0 605 6998
383 6723 123 110 Hyvinkää 0 383 6723
603 6957 83 84 Outokumpu 0 603 6957
519 6905 139 62 Kristinestad 0 519 6905
562 6720 147 129 Nousiainen 0 562 6720
509 7048 110 113 Iisalmi 0 509 7048
430 6676 109 129 Hammarland 0 430 6676
506 6907 137 73 Pieksämäki 0 506 6907
573 7172 103 122 Hyrynsalmi 0 573 7172
632 7010 138 78 Lappajärvi 0 632 7010
594 7198 52 140 Suomussalmi 0 594 7198
391 6699 111 64 Tuusula 0 391 6699
511 6916 78 98 Kaskinen 0 511 6916
470 6917 85 137 Hankasalmi 0 470 6917
613 7539 77 132 Muonio 0 613 7539
515 7002 125 81 Maaninka 0 515 7002
423 6674 127 121 Eckerö 0 423 6674
582 6923 117 104 Heinävesi 0 582 6923
411 6983 65 92 Kannonkoski 0 411 6983
595 6730 140 141 Kyrö 0 595 6730
357 6667 124 133 Kirkkonummi 0 357 6667
588 7070 99 102 Larsmo 0 588 7070
423 6711 124 56 Askola 0 423 6711
643 6745 55 128 Forssa 0 643 6745
376 6880 62 135 Mänttä 0 376 6880
500 7752 127 60 Utsjoki 0 500 7752
357 6771 111 112 Parola 0 357 6771
434 6941 52 78 Äänekoski 0 434 6941
358 7040 100 56 Halsua 0 358 7040
393 6950 143 109 Ilomantsi 0 393 6950
634 6941 130 140 Alavus 0 634 6941
532 6714 86 117 Taivassalo 0 532 6714
383 7047 57 96 Lestijärvi 0 383 7047
420 7112 60 99 Haapavesi 0 420 7112
613 6777 76 104 Punkalaidun 0 613 6777
420 6930 110 56 Uurainen 0 420 6930
366 7151 75 118 Pyhäjoki 0 366 7151
572 6776 112 68 Köyliö 0 572 6776
410 7507 66 58 Kittilä 0 410 7507
589 7053 55 107 Bennäs 0 589 7053
410 7284 51 61 Simo 0 410 7284
591 6784 127 144 Huittinen 0 591 6784
347 6875 140 140 Ruovesi 0 347 6875
468 7006 58 96 Keitele 0 468 7006
584 6656 135 98 Dalsbruk 0 584 6656
360 6733 122 76 Loppi 0 360 6733
524 6757 51 56 Pyhäranta 0 524 6757
579 6707 150 71 Lieto 0 579 6707
429 7200 103 84 Kempele 0 429 7200
585 6719 109 66 Aura 0 585 6719
378 6737 126 109 Riihimäki 0 378 6737
519 6712 66 82 Kustavi 0 519 6712
621 6935 51 53 Liperi 0 621 6935
572 6791 62 84 Kokemäki 0 572 6791
431 6850 116 51 Luhanka 0 431 6850
637 7040 105 117 Veteli 0 637 7040
464 6943 128 74 Konnevesi 0 464 6943
370 7012 51 124 Perho 0 370 7012
566 6711 147 127 Rusko 0 566 6711
553 6804 66 89 Nakkila 0 553 6804
395 7056 93 65 Reisjärvi 0 395 7056
444 6677 77 82 Godby 0 444 6677
405 6860 86 53 Jämsä 0 405 6860
562 7002 121 121 Vörå 0 562 7002
418 6763 131 79 Hollola 0 418 6763
634 6744 108 86 Jokioinen 0 634 6744
517 6926 73 88 Närpes 0 517 6926
593 6964 76 137 Seinäjoki 0 593 6964
406 6903 105 116 Petäjävesi 0 406 6903
526 6777 73 95 Rauma 0 526 6777
423 7244 65 146 Ii 0 423 7244
572 6767 60 83 Säkylä 0 572 6767
480 6872 99 134 Kangasniemi 0 480 6872
344 6675 96 106 Siuntio 0 344 6675
510 6714 84 98 Hamina 0 510 6714
353 6802 109 55 Pälkäne 0 353 6802
439 7093 121 139 Kärsämäki 0 439 7093
627 6965 76 64 Kuortane 0 627 6965
641 7005 74 147 Vimpeli 0 641 7005
617 6725 135 58 Koski_Tl 0 617 6725
465 6751 77 97 Kausala 0 465 6751
452 6680 81 83 Björby 0 452 6680
368 7118 135 74 Alavieska 0 368 7118
429 6819 80 83 Sysmä 0 429 6819
400 7330 113 134 Tervola 0 400 7330
533 7123 86 134 Kajaani 0 533 7123
567 6882 127 146 Rantasalmi 0 567 6882
609 6634 142 119 Hanko 0 609 6634
601 6801 78 141 Sastamala 0 601 6801
407 6723 93 63 Mäntsälä 0 407 6723
524 7615 134 57 Ivalo 0 524 7615
632 6826 61 84 Parikkala 0 632 6826
571 6685 146 87 Pargas 0 571 6685
543 6859 111 68 Siikainen 0 543 6859
489 6833 114 61 Hirvensalmi 0 489 6833
403 6827 121 78 Kuhmoinen 0 403 6827
590 6931 121 125 Jalasjärvi 0 590 6931
371 6755 70 145 Turenki 0 371 6755
495 6703 99 94 Kotka 0 495 6703
624 7028 64 109 Evijärvi 0 624 7028
566 6986 136 131 Isokyrö 0 566 6986
447 6828 56 146 Hartola 0 447 6828
422 6784 84 140 Vääksy 0 422 6784
492 7160 127 102 Vaala 0 492 7160
644 6903 62 139 Virrat 0 644 6903
380 6906 137 75 Keuruu 0 380 6906
371 7305 81 147 Tornio 0 371 7305
411 6704 130 118 Pornainen 0 411 6704
421 6724 141 111 Pukkila 0 421 6724
550 6887 135 101 Isojoki 0 550 6887
630 7409 87 83 Pello 0 630 7409
572 6943 59 101 Kurikka 0 572 6943
406 6749 64 50 Järvelä 0 406 6749
376 7132 82 141 Merijärvi 0 376 7132
363 6897 128 118 Tohmajärvi 0 363 6897
364 7073 150 136 Toholampi 0 364 7073
430 6889 81 133 Muurame 0 430 6889
377 7088 71 134 Sievi 0 377 7088
556 6701 110 78 Naantali 0 556 6701
458 6664 141 118 Lumparland 0 458 6664
540 6928 84 59 Leppävirta 0 540 6928
393 7128 93 142 Oulainen 0 393 7128
584 7060 140 60 Jakobstad 0 584 7060
543 6894 148 99 Joroinen 0 543 6894
617 6696 50 62 Salo 0 617 6696
551 6982 130 109 Laihia 0 551 6982
457 6701 143 138 Lovisa 0 457 6701
437 6726 105 73 Myrskylä 0 437 6726
622 7114 51 144 Kuhmo 0 622 7114
645 6962 124 116 Kontiolahti 0 645 6962
540 7143 92 75 Paltamo 0 540 7143
636 6817 97 97 Pirkkala 0 636 6817
494 6642 122 60 Karlby 0 494 6642
400 6767 89 126 Hämeenkoski 0 400 6767
605 7048 114 104 Nurmes 0 605 7048
452 6885 52 83 Toivakka 0 452 6885
594 6717 146 92 Tarvasjoki 0 594 6717
633 6817 92 85 Nokia 0 633 6817
536 6998 88 52 Korsholm 0 536 6998
392 7210 127 55 Hailuoto 0 392 7210
572 6850 94 59 Sulkava 0 572 6850
628 6757 144 65 Humppila 0 628 6757
558 7153 73 112 Ristijärvi 0 558 7153
488 6681 52 129 Kumlinge 0 488 6681
409 7172 52 97 Ruukki 0 409 7172
561 6778 141 122 Eura 0 561 6778
573 7413 81 141 Salla 0 573 7413
539 6785 146 110 Eurajoki 0 539 6785
468 6653 71 140 Föglö 0 468 6653
597 6671 136 77 Kimito 0 597 6671
613 6898 128 108 Kihniö 0 613 6898
551 7331 133 137 Posio 0 551 7331
647 6801 87 126 Lempäälä 0 647 6801
398 7028 64 136 Kinnula 0 398 7028
504 6701 87 63 Åva 0 504 6701
470 7180 76 108 Utajärvi 0 470 7180
589 7061 109 66 Valtimo 0 589 7061
593 6702 144 110 Paimio 0 593 6702
536 6907 78 134 Karijoki 0 536 6907
387 7301 81 95 Keminmaa 0 387 7301
620 7471 58 147 Kolari 0 620 7471
576 6984 98 92 Kaavi 0 576 6984
441 6663 136 149 Mariehamn 0 441 6663
565 6705 117 127 Raisio 0 565 6705
600 6884 128 91 Enonkoski 0 600 6884
361 6854 122 99 Korkeakoski 0 361 6854
578 6698 117 64 Kaarina 0 578 6698
359 6841 101 55 Orivesi 0 359 6841
493 6809 121 115 Mäntyharju 0 493 6809
642 6988 138 116 Alajärvi 0 642 6988
531 7193 145 119 Puolanka 0 531 7193
537 6709 61 120 Virolahti 0 537 6709
435 7183 103 51 Tyrnävä 0 435 7183
448 6787 142 126 Heinola 0 448 6787
350 6940 114 150 Ähtäri 0 350 6940
484 6707 111 133 Siltakylä 0 484 6707
392 6740 109 69 Oitti 0 392 6740
604 6717 120 139 Marttila 0 604 6717
470 6978 85 63 Vesanto 0 470 6978
396 6697 56 80 Kerava 0 396 6697
547 6811 102 120 Ulvila 0 547 6811
408 6802 65 82 Padasjoki 0 408 6802
568 6993 140 92 Juankoski 0 568 6993
370 6677 57 113 Espoo 0 370 6677
605 6877 86 57 Parkano 0 605 6877
526 6857 124 96 Merikarvia 0 526 6857
379 7175 115 93 Raahe 0 379 7175
487 6980 97 109 Tervo 0 487 6980
520 7026 91 87 Lapinlahti 0 520 7026
442 6993 145 54 Viitasaari 0 442 6993
640 6800 132 59 Vesilahti 0 640 6800
568 7112 73 87 Sotkamo 0 568 7112
593 6691 50 64 Sauvo 0 593 6691
380 7108 129 83 Ylivieska 0 380 7108
539 6727 82 76 Vinkkilä 0 539 6727
466 7108 115 110 Pyhäntä 0 466 7108
449 7062 73 135 Pyhäsalmi 0 449 7062
538 6725 81 63 Miehikkälä 0 538 6725
340 6796 89 56 Valkeakoski 0 340 6796
638 6826 109 121 Ylöjärvi 0 638 6826
613 7013 117 71 Juuka 0 613 7013
620 7357 68 70 Ylitornio 0 620 7357
552 6841 97 93 Pomarkku 0 552 6841
638 6722 98 136 Somero 0 638 6722
635 6912 131 133 Rääkkylä 0 635 6912
576 7045 107 58 Nykarleby 0 576 7045
584 6830 91 85 Lavia 0 584 6830
530 6753 97 85 Taavetti 0 530 6753
