58
451 5412 61 65 Paris 0 451 5412
643 5067 137 96 Lyon 0 643 5067
692 4795 110 52 Marseille 0 692 4795
504 5609 113 87 Lille 0 504 5609
359 4841 116 53 Nice 0 359 4841
373 4828 121 52 Toulouse 0 373 4828
691 4968 110 84 Bordeaux 0 691 4968
361 5477 106 62 Rouen 0 361 5477
410 5383 93 114 Strasbourg 0 410 5383
609 5230 93 97 Nantes 0 609 5230
293 5444 129 111 Metz 0 293 5444
713 5005 73 113 Grenoble 0 713 5005
739 4778 146 135 Toulon 0 739 4778
570 4829 146 66 Montpellier 0 570 4829
293 5397 74 115 Nancy 0 293 5397
608 5032 105 76 Saint-Étienne 0 608 5032
474 5377 67 92 Melun 0 474 5377
292 5486 76 87 Le_Havre 0 292 5486
326 5251 106 59 Tours 0 326 5251
506 5069 62 97 Clermont-Ferrand 0 506 5069
418 5306 118 84 Orléans 0 418 5306
376 5288 93 137 Mulhouse 0 376 5288
598 5329 88 140 Rennes 0 598 5329
575 5455 94 149 Reims 0 575 5455
694 5452 93 52 Caen 0 694 5452
684 5260 74 98 Angers 0 684 5260
652 5242 59 137 Dijon 0 652 5242
609 4854 146 130 Nîmes 0 609 4854
364 5076 125 91 Limoges 0 364 5076
697 4822 66 74 Aix-en-Provence 0 697 4822
491 4727 83 124 Perpignan 0 491 4727
616 4815 78 132 Biarritz 0 616 4815
389 5360 131 73 Brest 0 389 5360
291 5320 149 103 Le_Mans 0 291 5320
449 5527 76 76 Amiens 0 449 5527
274 5237 64 147 Besançon 0 274 5237
277 5087 65 103 Annecy 0 277 5087
419 5645 99 149 Calais 0 419 5645
295 5162 58 78 Poitiers 0 295 5162
436 5405 80 117 Versailles 0 436 5405
469 5286 69 102 Kerbrient 0 469 5286
518 4799 77 131 Béziers 0 518 4799
642 5114 108 130 La_Rochelle 0 642 5114
582 5099 126 58 Roanne 0 582 5099
454 5214 116 92 Bourges 0 454 5214
484 5571 56 140 Arras 0 484 5571
580 5350 63 132 Troyes 0 580 5350
599 5499 117 126 Cherbourg 0 599 5499
310 4896 54 86 Agen 0 310 4896
263 4790 97 96 Tarbes 0 263 4790
477 4641 126 124 Ajaccio 0 477 4641
517 5373 120 143 Saint-Brieuc 0 517 5373
511 5204 71 132 Nevers 0 511 5204
532 5108 139 101 Vichy 0 532 5108
362 5531 123 101 Dieppe 0 362 5531
542 5294 70 125 Auxerre 0 542 5294
536 4727 136 142 Bastia 0 536 4727
600 5423 125 143 Châlons-en-Champagne 0 600 5423
