365
391 5819 118 135 Berlin 0 391 5819
513 5403 51 116 Stuttgart 0 513 5403
477 5551 80 68 Frankfurt 0 477 5551
462 5482 102 57 Mannheim 0 462 5482
567 5936 108 75 Hamburg 0 567 5936
361 5702 54 59 Essen 0 361 5702
344 5700 118 117 Duisburg 0 344 5700
692 5336 69 56 Munich 0 692 5336
345 5677 91 129 Düsseldorf 0 345 5677
355 5644 149 98 Cologne 0 355 5644
372 5681 132 50 Wuppertal 0 372 5681
353 5455 52 57 Saarbrücken 0 353 5455
651 5483 105 136 Marienberg 0 651 5483
488 5880 131 55 Bremen 0 488 5880
550 5804 142 80 Hannover 0 550 5804
365 5622 99 59 Bonn 0 365 5622
412 5655 143 98 Dresden 0 412 5655
446 5548 134 137 Wiesbaden 0 446 5548
393 5708 136 109 Dortmund 0 393 5708
317 5691 58 61 Leipzig 0 317 5691
477 5472 88 98 Heidelberg 0 477 5472
456 5428 86 102 Karlsruhe 0 456 5428
640 5359 57 126 Augsburg 0 640 5359
468 5764 120 102 Bielefeld 0 468 5764
398 5578 135 84 Koblenz 0 398 5578
352 5630 142 90 Altchemnitz 0 352 5630
533 5684 93 50 Kassel 0 533 5684
405 5757 105 91 Münster 0 405 5757
573 6018 50 77 Kiel 0 573 6018
414 5316 126 133 Freiburg 0 414 5316
604 5791 52 96 Braunschweig 0 604 5791
642 5482 112 80 Fürth 0 642 5482
611 5970 111 126 Lübeck 0 611 5970
435 5791 137 94 Osnabrück 0 435 5791
679 5778 66 146 Magdeburg 0 679 5778
367 5807 108 56 Potsdam 0 367 5807
642 5649 102 62 Erfurt 0 642 5649
311 5997 82 72 Rostock 0 311 5997
448 5537 118 141 Mainz 0 448 5537
571 5360 144 128 Ulm 0 571 5360
568 5516 86 66 Würzburg 0 568 5516
447 5888 149 108 Oldenburg 0 447 5888
289 5435 142 51 Regensburg 0 289 5435
678 5404 141 100 Ingolstadt 0 678 5404
564 5710 93 111 Göttingen 0 564 5710
471 5933 83 92 Bremerhaven 0 471 5933
453 5734 134 51 Cottbus 0 453 5734
681 5645 52 122 Jena 0 681 5645
294 5640 98 145 Gera 0 294 5640
528 6070 60 125 Flensburg 0 528 6070
659 5944 150 69 Schwerin 0 659 5944
284 5304 138 58 Rosenheim 0 284 5304
477 5603 126 130 Gießen 0 477 5603
375 6020 132 121 Stralsund 0 375 6020
639 5569 120 71 Coburg 0 639 5569
705 5579 112 86 Hofeck 0 705 5579
380 5914 115 61 Emden 0 380 5914
491 5754 97 107 Detmold 0 491 5754
393 5667 148 123 Meißen 0 393 5667
582 5510 89 78 Kitzingen 0 582 5510
315 5389 143 70 Dingolfing 0 315 5389
473 5498 135 112 Heppenheim 0 473 5498
361 5714 90 92 Torgau 0 361 5714
493 5553 84 51 Hanau 0 493 5553
503 6037 149 107 Husum 0 503 6037
289 5467 140 146 Schwandorf 0 289 5467
322 5537 138 131 Bitburg 0 322 5537
329 5455 136 97 Cham 0 329 5455
323 5304 128 94 Traunstein 0 323 5304
644 5870 55 114 Lüchow 0 644 5870
605 5815 75 62 Gifhorn 0 605 5815
558 5327 146 147 Biberach 0 558 5327
340 5288 127 121 Bad_Reichenhall 0 340 5288
549 5459 101 80 Künzelsau 0 549 5459
644 5432 74 125 Weißenburg 0 644 5432
363 5426 80 115 Regen 0 363 5426
649 5479 114 137 Nuremberg 0 649 5479
399 5925 134 118 Aurich 0 399 5925
368 5810 123 65 Nordhorn 0 368 5810
657 5369 66 113 Aichach 0 657 5369
483 5628 96 140 Marburg 0 483 5628
500 5668 102 118 Görlitz 0 500 5668
451 5842 90 51 Vechta 0 451 5842
329 5514 74 126 Trier 0 329 5514
398 5451 132 60 Pirmasens 0 398 5451
425 5645 66 89 Pirna 0 425 5645
437 5466 53 120 Neustadt 0 437 5466
448 5780 109 80 Beeskow 0 448 5780
428 5901 107 131 Westerstede 0 428 5901
515 5863 140 66 Verden 0 515 5863
453 5498 65 85 Worms 0 453 5498
323 5631 52 105 Düren 0 323 5631
639 5323 54 78 Landsberg 0 639 5323
514 5415 137 116 Ludwigsburg 0 514 5415
600 5603 147 79 Meiningen 0 600 5603
431 5636 126 68 Siegen 0 431 5636
350 5411 81 93 Deggendorf 0 350 5411
584 5797 67 85 Peine 0 584 5797
468 5799 81 78 Frankfurt_(Oder) 0 468 5799
514 5832 133 133 Nienburg 0 514 5832
465 5908 126 61 Brake 0 465 5908
588 5315 99 53 Memmingen 0 588 5315
428 5501 62 123 Kirchheimbolanden 0 428 5501
547 5497 137 109 Tauberbischofsheim 0 547 5497
414 5330 95 117 Emmendingen 0 414 5330
430 5756 97 113 Warendorf 0 430 5756
585 5977 88 50 Bad_Segeberg 0 585 5977
527 5884 137 84 Rotenburg 0 527 5884
666 5567 50 108 Kronach 0 666 5567
474 5524 56 89 Darmstadt 0 474 5524
611 5322 80 89 Mindelheim 0 611 5322
334 5647 76 88 Bergheim 0 334 5647
630 5395 89 114 Donauwörth 0 630 5395
491 5680 52 56 Korbach 0 491 5680
377 5728 97 62 Herzberg 0 377 5728
525 5773 133 72 Hameln 0 525 5773
619 5607 129 132 Suhl 0 619 5607
482 5576 113 88 Friedberg 0 482 5576
707 5577 125 95 Hof 0 707 5577
660 5399 135 77 Neuburg 0 660 5399
576 5561 66 92 Bad_Kissingen 0 576 5561
318 5681 89 86 Viersen 0 318 5681
367 5501 135 54 Birkenfeld 0 367 5501
546 5857 92 110 Bad_Fallingbostel 0 546 5857
706 5707 148 131 Halle 0 706 5707
635 5528 64 110 Bamberg 0 635 5528
669 5339 87 69 Fürstenfeldbruck 0 669 5339
338 5674 120 114 Neuss 0 338 5674
418 5521 80 133 Bad_Kreuznach 0 418 5521
516 5443 79 129 Heilbronn 0 516 5443
408 5576 128 88 Bad_Ems 0 408 5576
553 5439 84 52 Schwäbisch_Hall 0 553 5439
422 5369 141 111 Offenburg 0 422 5369
667 5613 63 79 Saalfeld 0 667 5613
605 5780 131 104 Wolfenbüttel 0 605 5780
404 5615 119 65 Altenkirchen 0 404 5615
477 5414 102 72 Pforzheim 0 477 5414
594 5367 109 110 Günzburg 0 594 5367
343 5614 107 123 Euskirchen 0 343 5614
354 5633 65 129 Chemnitz 0 354 5633
543 6017 74 72 Rendsburg 0 543 6017
308 5529 70 60 Tirschenreuth 0 308 5529
483 5549 85 71 Offenbach 0 483 5549
604 5869 121 81 Uelzen 0 604 5869
322 5622 117 139 Zwickau 0 322 5622
647 5466 79 96 Schwabach 0 647 5466
369 5707 125 82 Gelsenkirchen 0 369 5707
358 5679 52 116 Mettmann 0 358 5679
545 5292 96 106 Ravensburg 0 545 5292
396 5899 67 139 Leer 0 396 5899
419 5937 57 142 Wittmund 0 419 5937
432 5535 95 141 Ingelheim 0 432 5535
526 5736 80 95 Höxter 0 526 5736
381 5846 149 120 Oranienburg 0 381 5846
499 5500 72 106 Erbach 0 499 5500
703 5364 79 57 Freising 0 703 5364
435 5449 99 127 Landau 0 435 5449
693 5832 127 70 Stendal 0 693 5832
489 5347 77 98 Balingen 0 489 5347
515 5370 145 82 Reutlingen 0 515 5370
592 5648 103 119 Eisenach 0 592 5648
486 5314 137 103 Tuttlingen 0 486 5314
564 5992 133 94 Neumünster 0 564 5992
573 5361 124 52 Neu-Ulm 0 573 5361
705 5737 79 100 Köthen 0 705 5737
698 5606 87 81 Schleiz 0 698 5606
658 5262 82 109 Garmisch-Partenkirchen 0 658 5262
444 5400 74 124 Baden-Baden 0 444 5400
685 5536 125 53 Bayreuth 0 685 5536
285 5547 68 150 Wunsiedel 0 285 5547
586 5731 68 65 Osterode 0 586 5731
367 5480 85 110 Sankt_Wendel 0 367 5480
404 5675 94 112 Lüdenscheid 0 404 5675
297 5597 142 108 Plauen 0 297 5597
475 5731 149 97 Forst 0 475 5731
685 5378 50 92 Pfaffenhofen 0 685 5378
376 5704 61 135 Bochum 0 376 5704
663 5650 94 69 Weimar 0 663 5650
441 5931 112 121 Wilhelmshaven 0 441 5931
432 5581 77 87 Limburg 0 432 5581
393 5407 130 62 Freyung 0 393 5407
708 5693 122 73 Merseburg 0 708 5693
641 5751 66 58 Halberstadt 0 641 5751
309 5747 83 97 Dessau-Roßlau 0 309 5747
294 5506 114 142 Weiden 0 294 5506
320 5651 125 143 Altenburg 0 320 5651
506 6005 112 114 Heide 0 506 6005
502 5392 84 126 Böblingen 0 502 5392
675 5552 82 50 Kulmbach 0 675 5552
528 5653 118 66 Homberg 0 528 5653
691 5884 111 138 Perleberg 0 691 5884
352 5699 62 126 Mülheim 0 352 5699
569 5728 61 114 Northeim 0 569 5728
644 5858 131 135 Salzwedel 0 644 5858
480 5968 113 149 Cuxhaven 0 480 5968
592 6002 53 122 Plön 0 592 6002
601 5674 123 89 Mühlhausen 0 601 5674
598 5287 106 118 Kempten 0 598 5287
314 5964 108 107 Güstrow 0 314 5964
647 5557 74 105 Lichtenfels 0 647 5557
587 5629 123 142 Bad_Salzungen 0 587 5629
661 5300 78 60 Weilheim 0 661 5300
427 5936 84 112 Jever 0 427 5936
637 5633 118 60 Arnstadt 0 637 5633
594 5901 66 95 Lüneburg 0 594 5901
475 5878 57 133 Delmenhorst 0 475 5878
385 5936 141 56 Neubrandenburg 0 385 5936
440 5479 139 110 Bad_Dürkheim 0 440 5479
302 5615 70 53 Greiz 0 302 5615
327 5343 120 63 Altötting 0 327 5343
715 5354 106 118 Erding 0 715 5354
423 5754 91 89 Lübben 0 423 5754
531 5742 57 146 Holzminden 0 531 5742
464 5601 74 129 Wetzlar 0 464 5601
438 5713 113 73 Soest 0 438 5713
510 5466 86 63 Mosbach 0 510 5466
579 5692 79 61 Heilbad_Heiligenstadt 0 579 5692
296 5512 150 101 Neustadt 0 296 5512
480 5396 51 108 Calw 0 480 5396
302 5741 95 131 Kleve 0 302 5741
358 5605 112 122 Annaberg-Buchholz 0 358 5605
661 5974 101 147 Wismar 0 661 5974
294 5628 119 118 Aachen 0 294 5628
503 5375 138 107 Tübingen 0 503 5375
383 5641 127 129 Freiberg 0 383 5641
321 5673 91 127 Mönchengladbach 0 321 5673
624 5707 57 90 Nordhausen 0 624 5707
331 5690 122 52 Krefeld 0 331 5690
513 5797 111 147 Stadthagen 0 513 5797
565 5778 113 84 Hildesheim 0 565 5778
573 5830 57 64 Celle 0 573 5830
420 5854 147 97 Eberswalde 0 420 5854
375 5719 53 62 Recklinghausen 0 375 5719
703 5650 94 104 Eisenberg 0 703 5650
621 5304 122 80 Kaufbeuren 0 621 5304
647 5669 102 91 Sömmerda 0 647 5669
373 5671 112 112 Remscheid 0 373 5671
394 5995 144 55 Greifswald 0 394 5995
442 5412 59 93 Rastatt 0 442 5412
696 5670 54 119 Naumburg 0 696 5670
665 5487 84 68 Lauf 0 665 5487
707 5480 138 135 Amberg 0 707 5480
618 5951 55 83 Ratzeburg 0 618 5951
472 5564 138 65 Bad_Homburg 0 472 5564
616 5493 150 80 Neustadt 0 616 5493
376 5711 128 62 Herne 0 376 5711
659 5704 70 141 Sangerhausen 0 659 5704
649 5509 79 128 Forchheim 0 649 5509
605 6000 114 121 Eutin 0 605 6000
590 5963 143 67 Bad_Oldesloe 0 590 5963
708 5422 118 89 Kelheim 0 708 5422
585 5575 110 56 Bad_Neustadt 0 585 5575
637 5788 87 51 Helmstedt 0 637 5788
296 5660 141 95 Heinsberg 0 296 5660
381 5456 52 57 Zweibrücken 0 381 5456
393 5691 113 149 Hagen 0 393 5691
416 5587 103 69 Montabaur 0 416 5587
608 5543 76 149 Haßfurt 0 608 5543
552 5946 66 71 Pinneberg 0 552 5946
676 5655 66 138 Apolda 0 676 5655
433 5554 147 144 Bad_Schwalbach 0 433 5554
621 5293 82 113 Marktoberdorf 0 621 5293
580 5912 85 121 Winsen 0 580 5912
335 5726 140 120 Wesel 0 335 5726
290 5379 93 132 Landshut 0 290 5379
436 5510 136 122 Alzey 0 436 5510
379 5465 118 58 Homburg 0 379 5465
386 5381 100 115 Passau 0 386 5381
435 5855 93 92 Cloppenburg 0 435 5855
712 5296 138 77 Miesbach 0 712 5296
619 5645 114 68 Gotha 0 619 5645
381 5683 133 73 Schwelm 0 381 5683
384 5488 101 146 Kusel 0 384 5488
450 5689 134 78 Meschede 0 450 5689
387 5777 71 56 Steinfurt 0 387 5777
510 5536 116 63 Aschaffenburg 0 510 5536
483 5729 130 126 Paderborn 0 483 5729
555 5534 82 76 Karlstadt 0 555 5534
523 5408 145 92 Waiblingen 0 523 5408
462 5323 62 64 Villingen-Schwenningen 0 462 5323
471 5335 77 141 Rottweil 0 471 5335
548 5394 141 113 Göppingen 0 548 5394
661 5417 125 134 Eichstätt 0 661 5417
456 5368 121 144 Freudenstadt 0 456 5368
536 6041 94 84 Schleswig 0 536 6041
644 5495 85 65 Erlangen 0 644 5495
419 5653 115 150 Olpe 0 419 5653
399 5274 76 61 Lörrach 0 399 5274
615 5462 133 67 Ansbach 0 615 5462
348 5539 118 102 Wittlich 0 348 5539
352 5866 140 57 Neuruppin 0 352 5866
654 5580 80 54 Sonneberg 0 654 5580
356 5710 145 63 Bottrop 0 356 5710
459 5481 78 105 Ludwigshafen 0 459 5481
352 5745 108 84 Borken 0 352 5745
675 5318 106 64 Starnberg 0 675 5318
399 5653 94 108 Gummersbach 0 399 5653
528 5609 52 131 Lauterbach 0 528 5609
477 5773 139 106 Herford 0 477 5773
320 5832 138 72 Rathenow 0 320 5832
366 5670 96 101 Solingen 0 366 5670
458 5463 133 105 Speyer 0 458 5463
373 5629 124 50 Siegburg 0 373 5629
694 5795 137 128 Burg 0 694 5795
358 5655 136 100 Leverkusen 0 358 5655
409 5710 84 82 Unna 0 409 5710
374 5756 106 112 Coesfeld 0 374 5756
368 5556 102 104 Cochem 0 368 5556
573 5670 95 123 Eschwege 0 573 5670
549 5635 114 144 Bad_Hersfeld 0 549 5635
366 5600 133 120 Bad_Neuenahr-Ahrweiler 0 366 5600
630 5692 85 134 Sondershausen 0 630 5692
681 5347 103 67 Dachau 0 681 5347
384 5839 65 74 Meppen 0 384 5839
621 5809 122 87 Wolfsburg 0 621 5809
333 5809 74 137 Brandenburg 0 333 5809
517 5326 136 144 Sigmaringen 0 517 5326
596 5263 147 84 Sonthofen 0 596 5263
533 5975 61 64 Itzehoe 0 533 5975
368 5649 80 147 Bergisch_Gladbach 0 368 5649
610 5382 51 99 Dillingen 0 610 5382
336 5464 142 125 Saarlouis 0 336 5464
462 5530 76 112 Groß-Gerau 0 462 5530
352 5704 109 140 Oberhausen 0 352 5704
598 5752 145 109 Goslar 0 598 5752
488 5490 100 136 Neustadt 0 488 5490
453 5452 101 110 Germersheim 0 453 5452
460 5548 130 121 Hofheim 0 460 5548
720 5329 60 53 Ebersberg 0 720 5329
424 5908 71 57 Prenzlau 0 424 5908
692 5292 64 100 Bad_Tölz 0 692 5292
689 5923 129 74 Parchim 0 689 5923
374 5772 57 65 Luckenwalde 0 374 5772
688 5741 137 120 Bernburg 0 688 5741
486 5897 61 86 Osterholz-Scharmbeck 0 486 5897
531 5938 130 82 Stade 0 531 5938
678 5461 62 95 Neumarkt 0 678 5461
591 5771 113 139 Salzgitter 0 591 5771
460 5670 94 107 Bautzen 0 460 5670
622 5587 65 122 Hildburghausen 0 622 5587
584 5392 131 69 Heidenheim 0 584 5392
337 5748 88 83 Wittenberg 0 337 5748
410 5477 124 143 Kaiserslautern 0 410 5477
519 5505 140 131 Miltenberg 0 519 5505
639 5569 76 61 Coburg 0 639 5569
548 5600 63 148 Fulda 0 548 5600
430 5708 98 138 Senftenberg 0 430 5708
316 5346 104 142 Mühldorf 0 316 5346
328 5479 73 56 Merzig 0 328 5479
457 5820 98 68 Seelow 0 457 5820
494 5793 52 101 Minden 0 494 5793
439 5274 125 87 Waldshut-Tiengen 0 439 5274
367 5467 105 77 Neunkirchen 0 367 5467
391 5587 88 73 Neuwied 0 391 5587
345 5562 101 129 Daun 0 345 5562
523 5398 93 133 Esslingen 0 523 5398
394 5537 71 140 Simmern 0 394 5537
457 5750 125 150 Gütersloh 0 457 5750
457 5828 106 56 Diepholz 0 457 5828
453 5487 130 58 Frankenthal 0 453 5487
322 5417 147 105 Straubing 0 322 5417
347 5366 80 125 Pfarrkirchen 0 347 5366
417 5725 124 140 Hamm 0 417 5725
664 5795 59 65 Haldensleben 0 664 5795
580 5409 62 91 Aalen 0 580 5409
