326
740 4207 30 27 Athens 0 740 4207
663 4500 45 27 Thessaloníki 0 663 4500
731 4204 30 25 Piraeus 0 731 4204
564 4233 36 28 Pátra 0 564 4233
330 3912 31 19 Irákleio 0 330 3912
621 4388 37 20 Lárisa 0 621 4388
670 4360 40 29 Áno_Vólos 0 670 4360
487 4390 50 16 Ioánnina 0 487 4390
230 3933 42 29 Chaniá 0 230 3933
535 4274 49 21 Agrínio 0 535 4274
727 4260 26 28 Chalkída 0 727 4260
595 4102 40 15 Kalámi 0 595 4102
281 4535 39 19 Kavála 0 281 4535
609 4032 50 17 Ródos 0 609 4032
713 4551 30 17 Sérres 0 713 4551
628 4458 49 24 Kateríni 0 628 4458
405 4522 28 19 Alexandroúpoli 0 405 4522
322 4555 49 30 Xánthi 0 322 4555
624 4306 50 30 Lamía 0 624 4306
366 4553 33 25 Komotiní 0 366 4553
407 4386 40 20 Kérkyra 0 407 4386
461 4329 39 30 Mytilíni 0 461 4329
621 4152 48 24 Trípoli 0 621 4152
424 4247 34 30 Chíos 0 424 4247
538 4169 50 19 Pýrgos 0 538 4169
525 4082 42 19 Kos 0 525 4082
627 4104 35 27 Spárti 0 627 4104
317 4146 33 27 Ermoúpoli 0 317 4146
418 3896 39 16 Siteía 0 418 3896
707 4472 42 25 Polýgyros 0 707 4472
600 4140 26 19 Megalópoli 0 600 4140
745 4209 47 15 Cholargós 0 745 4209
590 4498 42 25 Náousa 0 590 4498
383 3894 50 24 Ágios_Nikólaos 0 383 3894
489 4374 37 30 Agía_Kyriakí 0 489 4374
717 4153 32 16 Póros 0 717 4153
737 4201 35 20 Palaió_Fáliro 0 737 4201
744 3901 34 21 Palaióchora 0 744 3901
748 4215 44 29 Melíssia 0 748 4215
487 4112 37 26 Agía_Marína 0 487 4112
346 4065 50 15 Íos 0 346 4065
727 4456 40 30 Níkiti 0 727 4456
737 4212 32 19 Ílion 0 737 4212
233 3858 41 21 Kastrí 0 233 3858
273 4210 40 28 Kárystos 0 273 4210
335 3898 43 22 Pezá 0 335 3898
598 4099 42 27 Kalamáta 0 598 4099
475 4246 44 25 Itháki 0 475 4246
511 4051 30 30 Mandráki 0 511 4051
727 4215 33 28 Asprópyrgos 0 727 4215
760 3934 32 21 Geráni 0 760 3934
290 4571 39 19 Paranésti 0 290 4571
498 4089 31 20 Kálymnos 0 498 4089
559 4122 44 23 Kyparissía 0 559 4122
741 4204 39 30 Výronas 0 741 4204
291 3916 40 20 Pérama 0 291 3916
726 4205 28 29 Pérama 0 726 4205
743 4206 28 15 Zográfos 0 743 4206
269 4069 38 27 Mílos 0 269 4069
671 4490 30 15 Thérmi 0 671 4490
514 4344 42 27 Áno_Kalentíni 0 514 4344
683 4249 30 20 Alíartos 0 683 4249
683 4163 28 25 Asklipieío 0 683 4163
437 4372 33 20 Igoumenítsa 0 437 4372
594 4354 41 30 Sofádes 0 594 4354
348 3897 43 28 Kastélli 0 348 3897
347 4554 38 29 Íasmos 0 347 4554
756 4205 40 27 Spáta 0 756 4205
521 4478 44 27 Árgos_Orestikó 0 521 4478
455 4225 49 17 Argostóli 0 455 4225
474 4297 41 15 Lefkáda 0 474 4297
738 4203 31 24 Néa_Smýrni 0 738 4203
705 4207 40 27 Mégara 0 705 4207
673 4280 48 21 Atalánti 0 673 4280
622 4498 47 16 Alexándreia 0 622 4498
739 4203 41 19 Dáfni 0 739 4203
507 4265 40 26 Astakós 0 507 4265
362 3896 30 18 Tzermiádo 0 362 3896
646 4187 32 17 Neméa 0 646 4187
657 4539 49 25 Kilkís 0 657 4539
597 4209 40 19 Kalávryta 0 597 4209
384 3874 46 25 Ierápetra 0 384 3874
744 4475 29 23 Ierissós 0 744 4475
460 4595 32 22 Orestiáda 0 460 4595
655 4293 50 19 Kaména_Voúrla 0 655 4293
597 4513 38 18 Skýdra 0 597 4513
652 4166 46 27 Árgos 0 652 4166
736 4210 25 25 Peristéri 0 736 4210
630 4484 28 23 Aigínio 0 630 4484
746 4215 25 21 Maroúsi 0 746 4215
503 4335 36 19 Péta 0 503 4335
665 4501 50 16 Sykiés 0 665 4501
737 4546 45 26 Néa_Zíchni 0 737 4546
619 4516 48 27 Giannitsá 0 619 4516
557 4364 28 15 Mouzáki 0 557 4364
650 4360 48 30 Velestíno 0 650 4360
562 4085 30 23 Pýlos 0 562 4085
548 4221 33 19 Káto_Achaḯa 0 548 4221
748 4213 35 19 Vrilíssia 0 748 4213
716 4152 41 17 Galatás 0 716 4152
478 4432 44 19 Kónitsa 0 478 4432
568 4217 26 22 Chalandrítsa 0 568 4217
569 4419 33 28 Deskáti 0 569 4419
735 3926 29 28 Vrýses 0 735 3926
332 4062 49 21 Síkinos 0 332 4062
747 4218 26 22 Kifisiá 0 747 4218
718 4205 32 29 Salamína 0 718 4205
691 4126 34 25 Spétses 0 691 4126
335 4105 29 24 Páros 0 335 4105
714 4338 29 26 Skiáthos 0 714 4338
385 4553 45 27 Fillýra 0 385 4553
557 4504 30 25 Amýntaio 0 557 4504
241 4255 28 18 Alivéri 0 241 4255
700 4567 30 16 Sidirókastro 0 700 4567
741 4213 49 29 Néa_Ionía 0 741 4213
437 4163 37 30 Ágios_Kírykos 0 437 4163
390 4542 49 18 Sápes 0 390 4542
750 4534 37 16 Rodolívos 0 750 4534
632 4539 37 15 Polýkastro 0 632 4539
489 4339 25 27 Filippiáda 0 489 4339
743 4215 50 16 Irákleio 0 743 4215
691 4561 41 25 Irákleia 0 691 4561
702 4243 26 24 Thebes 0 702 4243
759 4227 39 29 Marathónas 0 759 4227
324 3910 50 18 Gázi 0 324 3910
277 4114 50 22 Sérifos 0 277 4114
669 4200 33 16 Kórinthos 0 669 4200
628 4439 40 27 Litóchoro 0 628 4439
662 4502 35 15 Ampelókipoi 0 662 4502
673 4204 43 23 Loutráki 0 673 4204
738 4199 34 23 Álimos 0 738 4199
664 4493 31 19 Kalamariá 0 664 4493
514 4301 33 30 Amfilochía 0 514 4301
719 4217 44 29 Mándra 0 719 4217
490 4181 37 22 Zákynthos 0 490 4181
497 4178 44 20 Sámos 0 497 4178
659 4159 47 24 Náfplio 0 659 4159
314 4055 46 26 Folégandros 0 314 4055
601 4416 36 23 Elassóna 0 601 4416
740 4218 50 23 Acharnés 0 740 4218
597 4307 40 21 Spercheiáda 0 597 4307
515 4402 47 26 Métsovo 0 515 4402
327 4378 39 25 Ágios_Efstrátios 0 327 4378
318 4189 38 22 Ándros 0 318 4189
593 4368 46 21 Palamás 0 593 4368
643 4215 50 24 Xylókastro 0 643 4215
686 4313 38 15 Istiaía 0 686 4313
531 4034 34 20 Megálo_Chorió 0 531 4034
530 4183 26 16 Amaliáda 0 530 4183
743 4210 37 28 Psychikó 0 743 4210
566 4378 28 19 Tríkala 0 566 4378
314 4539 32 28 Évlalo 0 314 4539
661 4503 39 18 Évosmos 0 661 4503
664 4115 43 24 Leonídio 0 664 4115
343 3910 37 16 Goúrnes 0 343 3910
645 4254 47 29 Dístomo 0 645 4254
750 4204 43 19 Paianía 0 750 4204
605 4265 50 26 Lidoríki 0 605 4265
745 4337 46 29 Alónnisos 0 745 4337
374 4266 45 19 Psará 0 374 4266
260 4559 42 26 Dráma 0 260 4559
749 4562 40 15 Prosotsáni 0 749 4562
735 4333 45 16 Skópelos 0 735 4333
733 4210 39 23 Chaïdári 0 733 4210
329 4101 38 27 Antíparos 0 329 4101
744 4215 33 23 Péfki 0 744 4215
691 4139 45 23 Kranídi 0 691 4139
478 4311 41 19 Préveza 0 478 4311
739 4580 36 21 Káto_Nevrokópi 0 739 4580
642 4216 35 20 Zevgolatió 0 642 4216
555 4166 34 19 Archaía_Olympía 0 555 4166
730 4273 31 21 Psachná 0 730 4273
546 4456 38 20 Siátista 0 546 4456
317 4146 30 21 Áno_Sýros 0 317 4146
313 3881 39 27 Ágioi_Déka 0 313 3881
667 4359 34 16 Vólos 0 667 4359
732 4207 32 27 Korydallós 0 732 4207
740 4214 39 23 Néa_Filadélfeia 0 740 4214
268 4532 36 25 Eleftheroúpoli 0 268 4532
678 4002 43 24 Kýthira 0 678 4002
322 4566 46 24 Smínthi 0 322 4566
737 4218 28 28 Áno_Liósia 0 737 4218
236 4212 34 18 Rafína 0 236 4212
757 4192 31 27 Kalývia_Thorikoú 0 757 4192
722 4548 39 24 Chrysó 0 722 4548
750 4211 44 16 Gérakas 0 750 4211
588 4517 27 20 Édessa 0 588 4517
572 4249 39 15 Náfpaktos 0 572 4249
239 3899 46 23 Chóra_Sfakíon 0 239 3899
283 4074 47 25 Kímolos 0 283 4074
741 4201 46 20 Ilioúpoli 0 741 4201
555 4317 30 20 Kerasochóri 0 555 4317
355 4107 31 19 Náxos 0 355 4107
591 4161 42 17 Dimitsána 0 591 4161
505 4473 36 29 Nestório 0 505 4473
742 4216 42 24 Metamórfosi 0 742 4216
735 4204 34 15 Moscháto 0 735 4204
554 4160 41 29 Kréstena 0 554 4160
508 4374 42 21 Prámanta 0 508 4374
701 4293 34 29 Límni 0 701 4293
586 4120 46 20 Meligalás 0 586 4120
307 3907 31 17 Anógeia 0 307 3907
458 4368 27 24 Paramythiá 0 458 4368
663 4484 36 19 Peraía 0 663 4484
742 4205 27 19 Kaisarianí 0 742 4205
479 4127 44 24 Leipsoí 0 479 4127
619 4350 38 25 Fársala 0 619 4350
266 4168 27 23 Kéa 0 266 4168
539 4355 29 21 Anthiró 0 539 4355
735 4208 48 20 Aigáleo 0 735 4208
674 4513 47 29 Lagkadás 0 674 4513
482 4395 39 17 Eleoúsa 0 482 4395
389 4023 46 15 Anáfi 0 389 4023
691 4344 41 29 Argalastí 0 691 4344
663 4255 40 21 Livadeiá 0 663 4255
465 4342 26 30 Kanaláki 0 465 4342
288 4309 41 19 Skýros 0 288 4309
627 4407 29 18 Makrychóri 0 627 4407
718 4136 30 15 Ýdra 0 718 4136
458 4577 46 29 Didymóteicho 0 458 4577
522 4485 28 15 Kastoriá 0 522 4485
306 4516 45 16 Thásos 0 306 4516
569 4307 42 22 Karpenísi 0 569 4307
553 4367 33 24 Pýli 0 553 4367
680 4368 34 22 Zagorá 0 680 4368
591 4382 30 20 Farkadóna 0 591 4382
579 4357 39 29 Kardítsa 0 579 4357
493 3919 26 16 Frý 0 493 3919
714 4180 42 20 Aígina 0 714 4180
523 4198 29 16 Lechainá 0 523 4198
744 4253 33 17 Erétria 0 744 4253
723 4213 33 15 Elefsína 0 723 4213
653 4208 43 28 Kiáto 0 653 4208
522 4189 44 25 Gastoúni 0 522 4189
649 4274 46 20 Káto_Tithoréa 0 649 4274
739 4212 43 28 Ágioi_Anárgyroi 0 739 4212
275 3899 28 27 Spíli 0 275 3899
401 4076 25 16 Amorgós 0 401 4076
650 4398 44 17 Agiá 0 650 4398
284 3903 47 15 Agía_Foteiní 0 284 3903
558 4269 35 24 Thérmo 0 558 4269
740 4242 45 21 Oropós 0 740 4242
752 4198 27 18 Koropí 0 752 4198
432 4263 42 19 Oinoússes 0 432 4263
564 4356 32 30 Morfovoúni 0 564 4356
671 4494 47 15 Panórama 0 671 4494
661 4510 46 27 Oraiókastro 0 661 4510
567 4461 44 28 Kozáni 0 567 4461
677 4042 49 23 Elafónisos 0 677 4042
536 4437 29 18 Grevená 0 536 4437
648 4079 25 17 Skála 0 648 4079
498 4334 48 28 Árta 0 498 4334
705 4435 46 15 Kassándreia 0 705 4435
553 4395 40 27 Kalampáka 0 553 4395
263 4548 44 25 Kalampáki 0 263 4548
574 4052 41 20 Sými 0 574 4052
672 4262 41 22 Orchomenós 0 672 4262
519 3929 45 25 Kárpathos 0 519 3929
725 4247 26 29 Schimatári 0 725 4247
306 4539 44 19 Chrysoúpoli 0 306 4539
743 4192 40 22 Voúla 0 743 4192
440 4383 33 17 Filiátes 0 440 4383
585 4448 31 26 Sérvia 0 585 4448
337 4156 50 18 Tínos 0 337 4156
610 4399 43 25 Týrnavos 0 610 4399
633 4515 39 17 Koufália 0 633 4515
374 4481 48 27 Samothráki 0 374 4481
476 4408 30 18 Asprángeloi 0 476 4408
741 4198 32 23 Argyroúpoli 0 741 4198
748 4211 41 17 Agía_Paraskeví 0 748 4211
594 4234 36 21 Aígio 0 594 4234
739 4202 42 26 Ágios_Dimítrios 0 739 4202
741 4210 50 17 Galátsi 0 741 4210
442 4044 44 29 Astypálaia 0 442 4044
620 4265 45 25 Ámfissa 0 620 4265
639 4069 37 19 Gýtheio 0 639 4069
733 4003 48 19 Megísti 0 733 4003
328 4547 31 16 Geniséa 0 328 4547
757 4196 29 23 Markópoulo 0 757 4196
663 4503 30 23 Stavroúpoli 0 663 4503
557 4148 25 26 Zacháro 0 557 4148
733 4207 30 20 Agía_Varvára 0 733 4207
497 4145 48 19 Megálo_Chorió 0 497 4145
601 4486 43 17 Véroia 0 601 4486
665 4074 43 16 Moláoi 0 665 4074
352 4146 25 23 Mýkonos 0 352 4146
297 4094 49 20 Apollonía 0 297 4094
270 3916 48 24 Réthymno 0 270 3916
745 4211 47 26 Chalándri 0 745 4211
429 4338 29 25 Gáios 0 429 4338
537 4247 35 26 Mesolóngi 0 537 4247
534 4514 46 25 Flórina 0 534 4514
639 4308 44 25 Stylída 0 639 4308
511 4520 26 16 Laimós 0 511 4520
306 3880 42 17 Moíres 0 306 3880
737 4204 38 17 Kallithéa 0 737 4204
441 4560 27 26 Souflí 0 441 4560
589 4101 38 18 Messíni 0 589 4101
359 4031 36 22 Firá 0 359 4031
459 4129 50 23 Pátmos 0 459 4129
240 4178 41 25 Lávrio 0 240 4178
467 4415 48 20 Kalpáki 0 467 4415
612 4331 31 29 Domokós 0 612 4331
728 4504 38 22 Stavrós 0 728 4504
706 4176 44 29 Agkístri 0 706 4176
515 4358 37 22 Vourgaréli 0 515 4358
730 4205 49 24 Keratsíni 0 730 4205
454 4158 27 29 Foúrnoi 0 454 4158
272 4144 47 19 Kýthnos 0 272 4144
334 4416 47 19 Mýrina 0 334 4416
625 4380 46 23 Níkaia 0 625 4380
750 4225 40 18 Ágios_Stéfanos 0 750 4225
694 4457 35 21 Néa_Moudaniá 0 694 4457
609 4083 46 29 Kardamýli 0 609 4083
735 4213 27 18 Petroúpoli 0 735 4213
589 4536 49 26 Aridaía 0 589 4536
490 4307 29 24 Vónitsa 0 490 4307
652 4503 33 15 Síndos 0 652 4503
740 3931 46 15 Kíssamos 0 740 3931
651 4338 33 18 Almyrós 0 651 4338
554 4008 38 22 Chálki 0 554 4008
557 4484 47 17 Ptolemaḯda 0 557 4484
731 4206 33 19 Níkaia 0 731 4206
710 4531 33 18 Nigríta 0 710 4531
354 3880 44 21 Áno_Viánnos 0 354 3880
742 4194 49 26 Glyfáda 0 742 4194
