338
767 1619 72 114 Guatemala 0 767 1619
659 1640 112 103 Quetzaltenango 0 659 1640
239 1792 98 88 San_Luis 0 239 1792
738 1582 119 123 Escuintla 0 738 1582
664 1694 56 97 Huehuetenango 0 664 1694
734 1621 61 118 Chimaltenango 0 734 1621
676 1649 132 118 Totonicapán 0 676 1649
782 1712 80 52 Cobán 0 782 1712
661 1607 143 73 Mazatenango 0 661 1607
329 1739 133 81 Puerto_Barrios 0 329 1739
187 1581 95 106 Jutiapa 0 187 1581
178 1620 101 50 Jalapa 0 178 1620
695 1633 78 133 Sololá 0 695 1633
225 1637 82 71 Chiquimula 0 225 1637
788 1671 52 91 Salamá 0 788 1671
744 1610 116 145 Antigua_Guatemala 0 744 1610
191 1873 65 150 Flores 0 191 1873
642 1607 111 91 Retalhuleu 0 642 1607
227 1656 143 84 Zacapa 0 227 1656
629 1654 121 139 San_Marcos 0 629 1654
699 1662 86 149 Santa_Cruz_del_Quiché 0 699 1662
735 1539 108 136 San_José 0 735 1539
791 1579 53 77 Cuilapa 0 791 1579
312 1751 117 108 Lívingston 0 312 1751
807 1858 66 142 La_Libertad 0 807 1858
236 1619 57 77 Quezaltepeque 0 236 1619
757 1619 86 131 Mixco 0 757 1619
207 1652 124 67 Huité 0 207 1652
646 1664 129 132 Huitán 0 646 1664
750 1609 60 65 Magdalena_Milpas_Altas 0 750 1609
715 1633 124 75 Tecpán_Guatemala 0 715 1633
603 1695 86 96 Tectitán 0 603 1695
222 1652 69 101 San_Jorge 0 222 1652
235 1606 57 54 Concepción_Las_Minas 0 235 1606
648 1701 128 66 San_Sebastián_Huehuetenango 0 648 1701
181 1723 107 104 Lanquín 0 181 1723
611 1649 82 63 El_Rodeo 0 611 1649
691 1633 94 51 San_José_Chacayá 0 691 1633
640 1644 131 145 San_Juan_Ostuncalco 0 640 1644
659 1616 136 136 Zunilito 0 659 1616
663 1634 85 102 Zunil 0 663 1634
652 1610 149 150 San_Andrés_Villa_Seca 0 652 1610
700 1631 84 101 San_Andrés_Semetabaj 0 700 1631
723 1683 108 88 San_Andrés_Sajcabajá 0 723 1683
732 1617 119 142 San_Andrés_Itzapa 0 732 1617
632 1704 108 122 Ixtahuacán 0 632 1704
697 1594 83 59 Patulul 0 697 1594
636 1614 109 121 El_Asintal 0 636 1614
627 1651 126 112 Esquipulas_Palo_Gordo 0 627 1651
274 1688 149 143 Los_Amates 0 274 1688
667 1607 126 77 San_Bernardino 0 667 1607
200 1654 150 79 Usumatlán 0 200 1654
219 1844 78 112 El_Chal 0 219 1844
241 1807 119 57 Poptún 0 241 1807
810 1632 83 127 Sansare 0 810 1632
797 1596 72 147 Casillas 0 797 1596
191 1879 92 69 San_José 0 191 1879
180 1654 119 90 San_Agustín_Acasaguastlán 0 180 1654
243 1639 85 118 Jocotán 0 243 1639
783 1558 125 120 Chiquimulilla 0 783 1558
197 1859 143 63 Santa_Ana 0 197 1859
616 1651 119 88 San_Rafael_Pie_de_La_Cuesta 0 616 1651
741 1607 63 94 Ciudad_Vieja 0 741 1607
622 1625 146 82 Coatepeque 0 622 1625
203 1560 150 75 Jerez 0 203 1560
773 1557 104 62 Taxisco 0 773 1557
654 1581 114 150 San_José_La_Máquina 0 654 1581
603 1627 122 101 Pajapita 0 603 1627
648 1644 85 98 Ostuncalco 0 648 1644
630 1760 117 149 Unión 0 630 1760
661 1638 79 119 Almolonga 0 661 1638
736 1601 146 117 Alotenango 0 736 1601
665 1612 78 82 Samayac 0 665 1612
245 1674 150 68 Gualán 0 245 1674
754 1573 91 57 Guanagazapa 0 754 1573
736 1616 87 148 Parramos 0 736 1616
770 1655 65 87 El_Chol 0 770 1655
648 1658 134 66 Sibilia 0 648 1658
602 1675 60 127 Sibinal 0 602 1675
657 1649 110 87 San_Francisco_La_Unión 0 657 1649
666 1653 143 88 San_Francisco_El_Alto 0 666 1653
725 1639 109 81 San_José_Poaquil 0 725 1639
778 1609 124 60 San_José_Pinula 0 778 1609
199 1571 139 130 Yupiltepeque 0 199 1571
648 1736 98 141 San_Miguel_Acatán 0 648 1736
610 1682 72 50 San_José_Ojetenam 0 610 1682
786 1708 73 130 San_Juan_Chamelco 0 786 1708
270 1888 121 50 Ciudad_Melchor_de_Mencos 0 270 1888
720 1604 82 131 Yepocapa 0 720 1604
190 1750 67 69 Fray_Bartolomé_de_Las_Casas 0 190 1750
246 1611 56 129 Esquipulas 0 246 1611
778 1557 92 65 Guazacapán 0 778 1557
625 1616 73 79 Génova 0 625 1616
636 1627 142 113 Colomba 0 636 1627
804 1697 87 101 Tamahú 0 804 1697
754 1595 130 51 San_Vicente_Pacaya 0 754 1595
634 1688 139 143 San_Miguel_Ixtahuacán 0 634 1688
819 1579 95 51 Quesada 0 819 1579
599 1642 75 90 Catarina 0 599 1642
619 1727 128 79 La_Democracia 0 619 1727
721 1574 64 145 La_Democracia 0 721 1574
646 1693 114 144 Santa_Bárbara 0 646 1693
601 1648 128 136 Malacatán 0 601 1648
794 1570 75 150 Santa_María_Ixhuatán 0 794 1570
681 1627 119 134 Santa_María_Visitación 0 681 1627
246 1624 67 64 Olopa 0 246 1624
807 1652 99 142 Morazán 0 807 1652
657 1620 101 91 Pueblo_Nuevo 0 657 1620
189 1651 128 67 San_Cristóbal_Acasaguastlán 0 189 1651
630 1647 107 148 San_Cristóbal_Cucho 0 630 1647
815 1693 91 59 Tucurú 0 815 1693
681 1696 139 51 Aguacatán 0 681 1696
650 1614 83 120 San_Martín_Zapotitlán 0 650 1614
652 1644 60 143 San_Mateo 0 652 1644
737 1636 81 54 San_Martín_Jilotepeque 0 737 1636
769 1612 72 117 Santa_Catarina_Pinula 0 769 1612
710 1707 114 52 San_Juan_Cotzal 0 710 1707
614 1643 136 79 El_Tumbador 0 614 1643
639 1651 68 111 Palestina_de_los_Altos 0 639 1651
748 1593 102 148 Palín 0 748 1593
698 1704 65 57 Nebaj 0 698 1704
655 1656 63 139 San_Carlos_Sija 0 655 1656
815 1644 90 142 Guastatoya 0 815 1644
192 1588 71 84 El_Progreso 0 192 1588
663 1599 63 76 Santo_Domingo_Suchitepéquez 0 663 1599
663 1647 129 128 San_Andrés_Xecul 0 663 1647
203 1568 69 133 Atescatempa 0 203 1568
194 1564 91 98 Zapotitlán 0 194 1564
648 1642 81 145 Concepción_Chiquirichapa 0 648 1642
705 1690 78 149 Sacapulas 0 705 1690
684 1625 144 141 San_Juan_La_Laguna 0 684 1625
666 1725 123 139 San_Juan_Ixcoy 0 666 1725
620 1667 121 53 Tajumulco 0 620 1667
775 1600 136 126 Fraijanes 0 775 1600
710 1557 59 149 La_Gomera 0 710 1557
763 1604 128 102 Petapa 0 763 1604
689 1673 108 69 Santa_Lucía_La_Reforma 0 689 1673
750 1612 116 139 Santa_Lucía_Milpas_Altas 0 750 1612
713 1585 86 54 Santa_Lucía_Cotzumalguapa 0 713 1585
674 1618 128 116 Santo_Tomás_La_Unión 0 674 1618
802 1637 134 63 Sanarate 0 802 1637
724 1624 128 53 Santa_Cruz_Balanyá 0 724 1624
731 1677 74 53 Canillá 0 731 1677
616 1581 81 95 Champerico 0 616 1581
735 1658 75 55 Joyabaj 0 735 1658
727 1630 130 85 Comalapa 0 727 1630
670 1607 76 55 San_Antonio_Suchitepéquez 0 670 1607
636 1655 119 71 San_Antonio_Sacatepéquez 0 636 1655
201 1606 79 149 San_Manuel_Chaparrón 0 201 1606
195 1704 52 92 Senahú 0 195 1704
681 1592 146 145 Río_Bravo 0 681 1592
185 1562 146 130 Comapa 0 185 1562
636 1701 116 131 San_Gaspar_Ixchil 0 636 1701
191 1872 102 92 San_Benito 0 191 1872
657 1738 112 114 San_Rafael_La_Independencia 0 657 1738
740 1608 147 136 San_Antonio_Aguas_Calientes 0 740 1608
795 1558 132 108 San_Juan_Tecuaco 0 795 1558
610 1702 134 91 Cuilco 0 610 1702
712 1664 104 89 Chinique 0 712 1664
739 1703 101 111 Chicamán 0 739 1703
222 1667 142 117 Río_Hondo 0 222 1667
627 1632 63 116 El_Quetzal 0 627 1632
631 1730 61 104 San_Antonio_Huista 0 631 1730
686 1624 57 102 San_Pedro_La_Laguna 0 686 1624
630 1690 92 79 Concepción_Tutuapa 0 630 1690
752 1616 114 127 San_Lucas_Sacatepéquez 0 752 1616
803 1608 72 58 Mataquescuintla 0 803 1608
732 1571 98 92 Masagua 0 732 1571
665 1698 146 140 Chiantla 0 665 1698
628 1671 71 134 Tejutla 0 628 1671
207 1658 83 124 Teculután 0 207 1658
801 1665 89 148 San_Jerónimo 0 801 1665
648 1649 65 129 Cajolá 0 648 1649
699 1629 123 60 Panajachel 0 699 1629
634 1668 102 73 Comitancillo 0 634 1668
680 1747 98 68 Barillas 0 680 1747
652 1620 129 91 El_Palmar 0 652 1620
676 1579 127 76 Pueblo_Nuevo_Tiquisate 0 676 1579
768 1640 96 76 Chuarrancho 0 768 1640
650 1616 142 128 San_Felipe 0 650 1616
802 1828 136 121 Sayaxché 0 802 1828
713 1624 110 113 Patzún 0 713 1624
791 1592 63 86 Santa_Rosa_de_Lima 0 791 1592
744 1620 140 93 Sumpango 0 744 1620
607 1650 103 120 San_Pablo 0 607 1650
666 1612 91 89 San_Pablo_Jocopilas 0 666 1612
648 1715 68 81 Todos_Santos_Cuchumatán 0 648 1715
743 1613 81 63 Jocotenango 0 743 1613
659 1645 102 59 Olintepeque 0 659 1645
666 1738 107 142 Soloma 0 666 1738
732 1701 76 148 Uspantán 0 732 1701
198 1652 96 144 Cabañas 0 198 1652
723 1618 119 138 Patzicía 0 723 1618
654 1607 138 129 Cuyotenango 0 654 1607
706 1680 63 124 San_Bartolomé_Jocotenango 0 706 1680
749 1616 110 63 San_Bartolomé_Milpas_Altas 0 749 1616
665 1668 84 75 San_Bartolo 0 665 1668
627 1636 88 110 La_Reforma 0 627 1636
774 1670 133 83 Rabinal 0 774 1670
686 1627 105 87 San_Marcos_La_Laguna 0 686 1627
753 1624 100 71 San_Pedro_Sacatepéquez 0 753 1624
632 1713 121 85 San_Pedro_Necta 0 632 1713
810 1578 142 103 San_José_Acatempa 0 810 1578
247 1718 112 110 El_Estor 0 247 1718
189 1878 83 143 San_Andrés 0 189 1878
187 1859 90 101 San_Francisco 0 187 1859
683 1570 101 133 Nueva_Concepción 0 683 1570
759 1674 55 92 Cubulco 0 759 1674
600 1685 76 71 Tacaná 0 600 1685
719 1582 53 109 Siquinalá 0 719 1582
653 1739 94 142 San_Sebastián_Coatán 0 653 1739
645 1610 115 102 San_Sebastián 0 645 1610
586 1604 134 73 Ocós 0 586 1604
758 1633 72 124 San_Raimundo 0 758 1633
592 1622 148 144 Ayutla 0 592 1622
221 1628 72 148 San_José_La_Arada 0 221 1628
804 1602 110 74 San_Rafael_Las_Flores 0 804 1602
643 1703 71 92 San_Rafael_Petzal 0 643 1703
666 1646 127 61 Salcajá 0 666 1646
224 1742 70 67 Chahal 0 224 1742
801 1546 103 137 Pasaco 0 801 1546
766 1602 98 125 Villa_Canales 0 766 1602
706 1609 106 51 Pochuta 0 706 1609
742 1762 80 73 Playa_Grande 0 742 1762
800 1689 83 78 Purulhá 0 800 1689
635 1732 124 87 Jacaltenango 0 635 1732
242 1827 116 88 Dolores 0 242 1827
702 1651 52 72 Chichicastenango 0 702 1651
690 1665 53 77 San_Antonio_Ilotenango 0 690 1665
633 1747 86 88 Nentón 0 633 1747
737 1620 88 75 El_Tejar 0 737 1620
698 1669 146 94 San_Pedro_Jocopilas 0 698 1669
197 1722 101 105 Cahabón 0 197 1722
769 1627 89 149 Chinautla 0 769 1627
732 1668 127 56 Zacualpa 0 732 1668
187 1651 90 138 El_Jícaro 0 187 1651
223 1659 72 123 Estanzuela 0 223 1659
668 1649 137 125 San_Cristóbal_Totonicapán 0 668 1649
779 1702 127 80 San_Cristóbal_Verapaz 0 779 1702
200 1636 71 91 San_Diego 0 200 1636
699 1635 122 86 Concepción 0 699 1635
793 1591 123 101 Nueva_Santa_Rosa 0 793 1591
645 1638 135 75 San_Martín_Sacatepéquez 0 645 1638
737 1606 81 107 San_Miguel_Dueñas 0 737 1606
779 1671 146 113 San_Miguel_Chicaj 0 779 1671
238 1633 51 104 San_Juan_Ermita 0 238 1633
190 1695 117 100 La_Tinta 0 190 1695
194 1568 61 120 El_Adelanto 0 194 1568
751 1651 60 76 Pachalun 0 751 1651
817 1756 129 142 Raxruhá 0 817 1756
627 1619 55 147 Flores_Costa_Cuca 0 627 1619
679 1662 124 127 Santa_María_Chiquimula 0 679 1662
744 1606 132 122 Santa_María_de_Jesús 0 744 1606
646 1682 147 98 Sipacapa 0 646 1682
766 1617 148 57 Guatemala_City 0 766 1617
822 1565 147 130 Jalpatagua 0 822 1565
245 1639 72 106 Camotán 0 245 1639
681 1642 68 123 Nahualá 0 681 1642
616 1636 92 101 Nuevo_Progreso 0 616 1636
640 1614 109 94 Nuevo_San_Carlos 0 640 1614
675 1607 105 145 San_Miguel_Panán 0 675 1607
648 1647 87 133 San_Miguel_Sigüilá 0 648 1647
647 1706 117 76 San_Juan_Atitán 0 647 1706
718 1636 59 113 Santa_Apolonia 0 718 1636
695 1594 136 130 San_Juan_Bautista 0 695 1594
690 1596 107 125 Santa_Bárbara 0 690 1596
659 1682 56 134 Malacatancito 0 659 1682
213 1704 68 135 Panzós 0 213 1704
686 1633 118 137 Santa_Lucía_Utatlán 0 686 1633
784 1622 74 104 Palencia 0 784 1622
816 1604 111 69 San_Carlos_Alzatate 0 816 1604
626 1733 112 57 Santa_Ana_Huista 0 626 1733
619 1680 63 141 Ixchiguán 0 619 1680
218 1617 86 72 Ipala 0 218 1617
254 1655 53 122 La_Unión 0 254 1655
662 1750 94 83 San_Mateo_Ixtatán 0 662 1750
738 1609 121 87 Santa_Catarina_Barahona 0 738 1609
675 1636 107 102 Santa_Catarina_Ixtahuacán 0 675 1636
203 1599 84 60 Santa_Catarina_Mita 0 203 1599
700 1627 73 139 Santa_Catarina_Palopó 0 700 1627
747 1541 84 66 Iztapa 0 747 1541
750 1619 97 90 Santiago_Sacatepéquez 0 750 1619
789 1697 97 139 Tactic 0 789 1697
205 1621 60 96 San_Luis_Jilotepeque 0 205 1621
727 1621 83 137 Zaragoza 0 727 1621
815 1553 94 136 Moyuta 0 815 1553
711 1696 139 93 Cunén 0 711 1696
665 1740 111 127 Santa_Eulalia 0 665 1740
747 1623 71 125 Santo_Domingo_Xenacoj 0 747 1623
207 1586 56 74 Asunción_Mita 0 207 1586
654 1644 147 98 La_Esperanza 0 654 1644
753 1628 128 105 San_Juan_Sacatepéquez 0 753 1628
683 1627 111 104 Santa_Clara_La_Laguna 0 683 1627
702 1625 91 58 San_Antonio_Palopó 0 702 1625
741 1614 93 93 Pastores 0 741 1614
691 1655 92 64 Patzité 0 691 1655
670 1598 108 128 San_José_El_Ídolo 0 670 1598
641 1662 65 136 Río_Blanco 0 641 1662
820 1554 53 59 Conguaco 0 820 1554
782 1633 128 89 San_José_del_Golfo 0 782 1633
635 1662 149 85 San_Lorenzo 0 635 1662
659 1601 131 61 San_Lorenzo 0 659 1601
804 1574 50 148 Oratorio 0 804 1574
305 1712 79 60 Morales 0 305 1712
791 1750 58 144 Chisec 0 791 1750
721 1609 111 103 Acatenango 0 721 1609
649 1612 93 95 Santa_Cruz_Muluá 0 649 1612
691 1631 106 78 Santa_Cruz_La_Laguna 0 691 1631
775 1700 135 89 Santa_Cruz_Verapaz 0 775 1700
783 1592 133 113 Santa_Cruz_Naranjo 0 783 1592
645 1667 77 127 Cabricán 0 645 1667
659 1612 117 136 San_Francisco_Zapotitlán 0 659 1612
659 1605 136 84 San_Gabriel 0 659 1605
710 1712 146 67 Chajul 0 710 1712
666 1638 91 127 Cantel 0 666 1638
639 1711 69 140 Santiago_Chimaltenango 0 639 1711
690 1618 61 86 Santiago_Atitlán 0 690 1618
759 1607 51 128 Villa_Nueva 0 759 1607
632 1655 81 85 San_Pedro_Sacatepéquez 0 632 1655
193 1623 99 67 San_Pedro_Pinula 0 193 1623
701 1618 62 62 San_Lucas_Tolimán 0 701 1618
190 1604 68 139 Monjas 0 190 1604
671 1663 135 145 Momostenango 0 671 1663
708 1660 129 134 Chiché 0 708 1660
757 1602 58 144 Amatitlán 0 757 1602
641 1726 144 58 Concepción 0 641 1726
784 1583 55 94 Barberena 0 784 1583
772 1574 63 63 Pueblo_Nuevo_Viñas 0 772 1574
792 1632 147 131 San_Antonio_La_Paz 0 792 1632
637 1703 83 63 Colotenango 0 637 1703
793 1713 144 139 San_Pedro_Carchá 0 793 1713
774 1636 110 124 San_Pedro_Ayampuc 0 774 1636
681 1607 89 127 Chicacao 0 681 1607
214 1604 123 134 Agua_Blanca 0 214 1604
621 1715 69 92 La_Libertad 0 621 1715
766 1650 51 56 Granados 0 766 1650
592 1611 146 64 La_Blanca 0 592 1611
686 1627 79 135 San_Pablo_La_Laguna 0 686 1627
