177
355 5262 47 30 Budapest 0 355 5262
483 5327 34 18 Miskolc 0 483 5327
547 5264 44 25 Debrecen 0 547 5264
435 5122 50 24 Szeged 0 435 5122
286 5106 25 20 Pécs 0 286 5106
553 5310 36 18 Nyíregyháza 0 553 5310
303 5230 43 25 Székesfehérvár 0 303 5230
697 5284 48 24 Győr 0 697 5284
407 5194 32 18 Kecskemét 0 407 5194
622 5232 29 28 Szombathely 0 622 5232
439 5225 26 23 Szolnok 0 439 5225
715 5138 36 29 Kaposvár 0 715 5138
306 5269 32 27 Horváttanya 0 306 5269
507 5169 27 22 Békéscsaba 0 507 5169
720 5219 35 16 Veszprém 0 720 5219
640 5189 29 21 Zalaegerszeg 0 640 5189
453 5305 46 30 Eger 0 453 5305
411 5328 38 25 Salgótarján 0 411 5328
359 5293 50 24 Vác 0 359 5293
323 5135 38 30 Szekszárd 0 323 5135
512 5208 33 23 Szeghalom 0 512 5208
682 5122 35 17 Nagyatád 0 682 5122
529 5177 45 29 Sarkad 0 529 5177
560 5324 28 23 Kemecse 0 560 5324
480 5349 48 24 Edelény 0 480 5349
371 5128 45 19 Jánoshalma 0 371 5128
329 5143 25 17 Tolna 0 329 5143
343 5275 47 24 Pilisvörösvár 0 343 5275
277 5126 31 22 Sásd 0 277 5126
279 5139 29 23 Dombóvár 0 279 5139
531 5329 49 26 Tokaj 0 531 5329
452 5322 50 24 Bélapátfalva 0 452 5322
431 5198 50 19 Tiszakécske 0 431 5198
613 5315 28 30 Fehérgyarmat 0 613 5315
690 5092 42 28 Barcs 0 690 5092
510 5179 40 26 Békés 0 510 5179
322 5261 38 23 Bicske 0 322 5261
625 5299 32 28 Csenger 0 625 5299
568 5283 31 17 Nyíradony 0 568 5283
584 5298 38 28 Nyírbátor 0 584 5298
482 5273 48 21 Tiszafüred 0 482 5273
405 5252 28 20 Nagykáta 0 405 5252
443 5167 47 26 Szentes 0 443 5167
445 5187 46 30 Kunszentmárton 0 445 5187
686 5244 37 29 Pápa 0 686 5244
290 5201 27 23 Enying 0 290 5201
563 5302 31 16 Nagykálló 0 563 5302
342 5115 27 20 Baja 0 342 5115
598 5312 32 16 Mátészalka 0 598 5312
717 5103 38 16 Szigetvár 0 717 5103
688 5265 37 22 Tét 0 688 5265
508 5240 43 15 Püspökladány 0 508 5240
342 5251 31 21 Érd 0 342 5251
307 5093 26 26 Bóly 0 307 5093
333 5242 50 15 Martonvásár 0 333 5242
548 5360 41 19 Sátoraljaújhely 0 548 5360
434 5173 35 30 Csongrád 0 434 5173
403 5149 34 17 Kiskunmajsa 0 403 5149
383 5143 32 27 Kiskunhalas 0 383 5143
418 5261 30 16 Jászberény 0 418 5261
685 5194 49 17 Tapolca 0 685 5194
472 5344 49 15 Kazincbarcika 0 472 5344
651 5153 32 26 Nagykanizsa 0 651 5153
290 5081 45 22 Siklós 0 290 5081
446 5272 47 29 Heves 0 446 5272
550 5281 44 28 Hajdúhadház 0 550 5281
616 5249 32 19 Kőszeg 0 616 5249
600 5200 36 26 Szentgotthárd 0 600 5200
342 5205 35 16 Dunaújváros 0 342 5205
465 5190 39 26 Szarvas 0 465 5190
632 5143 42 29 Letenye 0 632 5143
421 5147 34 22 Kistelek 0 421 5147
552 5330 38 27 Ibrány 0 552 5330
597 5331 41 30 Vásárosnamény 0 597 5331
387 5278 35 30 Aszód 0 387 5278
297 5262 48 26 Oroszlány 0 297 5262
580 5316 34 16 Baktalórántháza 0 580 5316
336 5165 32 24 Paks 0 336 5165
620 5282 44 26 Sopron 0 620 5282
320 5095 48 24 Mohács 0 320 5095
495 5338 30 25 Szikszó 0 495 5338
468 5296 33 18 Mezőkövesd 0 468 5296
493 5138 45 17 Mezőkovácsháza 0 493 5138
344 5225 25 17 Ráckeve 0 344 5225
275 5198 38 24 Siófok 0 275 5198
303 5273 42 28 Tatabánya 0 303 5273
494 5240 35 15 Karcag 0 494 5240
717 5238 29 25 Zirc 0 717 5238
538 5279 50 30 Hajdúböszörmény 0 538 5279
718 5204 25 23 Balatonfüred 0 718 5204
288 5118 38 30 Komló 0 288 5118
298 5281 38 22 Tata 0 298 5281
652 5272 36 20 Kapuvár 0 652 5272
318 5195 49 27 Sárbogárd 0 318 5195
472 5245 31 25 Kunhegyes 0 472 5245
360 5277 26 22 Dunakeszi 0 360 5277
382 5245 28 28 Monor 0 382 5245
273 5179 50 23 Tab 0 273 5179
389 5326 32 29 Szécsény 0 389 5326
376 5272 38 27 Gödöllő 0 376 5272
309 5130 25 15 Bonyhád 0 309 5130
448 5340 37 16 Ózd 0 448 5340
696 5181 49 21 Fonyód 0 696 5181
515 5334 34 20 Szerencs 0 515 5334
419 5292 29 17 Gyöngyös 0 419 5292
520 5368 41 29 Gönc 0 520 5368
684 5219 33 23 Devecser 0 684 5219
509 5353 37 15 Encs 0 509 5353
658 5201 43 16 Zalaszentgrót 0 658 5201
493 5295 28 16 Mezőcsát 0 493 5295
352 5245 26 20 Szigetszentmiklós 0 352 5245
684 5161 26 21 Marcali 0 684 5161
365 5249 42 22 Gyál 0 365 5249
370 5251 45 17 Vecsés 0 370 5251
340 5298 28 28 Szob 0 340 5298
321 5231 36 29 Gárdony 0 321 5231
541 5229 45 17 Berettyóújfalu 0 541 5229
360 5309 28 24 Rétság 0 360 5309
637 5212 30 20 Vasvár 0 637 5212
301 5115 38 22 Pécsvárad 0 301 5115
487 5197 32 23 Gyomaendrőd 0 487 5197
661 5124 50 27 Csurgó 0 661 5124
580 5340 27 23 Kisvárda 0 580 5340
707 5269 27 16 Pannonhalma 0 707 5269
402 5308 32 22 Pásztó 0 402 5308
460 5118 33 26 Makó 0 460 5118
617 5164 46 29 Lenti 0 617 5164
288 5250 46 30 Mór 0 288 5250
414 5118 35 15 Mórahalom 0 414 5118
448 5140 41 24 Hódmezővásárhely 0 448 5140
411 5173 39 24 Kiskunfélegyháza 0 411 5173
526 5312 47 23 Tiszavasvári 0 526 5312
283 5231 31 25 Várpalota 0 283 5231
669 5275 35 25 Csorna 0 669 5275
354 5280 46 16 Szentendre 0 354 5280
720 5083 40 29 Sellye 0 720 5083
521 5166 27 16 Gyula 0 521 5166
506 5308 47 27 Tiszaújváros 0 506 5308
371 5109 41 26 Bácsalmás 0 371 5109
456 5288 29 15 Füzesabony 0 456 5288
566 5345 31 23 Cigánd 0 566 5345
472 5205 47 22 Mezőtúr 0 472 5205
409 5225 46 15 Cegléd 0 409 5225
343 5264 39 17 Budakeszi 0 343 5264
669 5304 33 28 Mosonmagyaróvár 0 669 5304
357 5209 49 29 Kunszentmiklós 0 357 5209
530 5255 42 15 Hajdúszoboszló 0 530 5255
698 5141 39 22 Eger 0 698 5141
621 5208 35 29 Körmend 0 621 5208
373 5325 40 16 Balassagyarmat 0 373 5325
372 5227 36 19 Dabas 0 372 5227
694 5219 33 29 Ajka 0 694 5219
542 5352 39 15 Sárospatak 0 542 5352
457 5349 45 28 Putnok 0 457 5349
673 5205 26 20 Sümeg 0 673 5205
662 5235 45 15 Celldömölk 0 662 5235
413 5313 31 23 Bátonyterenye 0 413 5313
273 5213 38 27 Balatonalmádi 0 273 5213
532 5299 48 23 Hajdúnánás 0 532 5299
731 5102 37 22 Szentlőrinc 0 731 5102
330 5295 46 23 Esztergom 0 330 5295
671 5181 25 27 Keszthely 0 671 5181
646 5235 29 17 Sárvár 0 646 5235
474 5157 43 25 Orosháza 0 474 5157
542 5244 34 21 Derecske 0 542 5244
284 5291 40 29 Komárom 0 284 5291
292 5168 42 16 Tamási 0 292 5168
368 5164 36 26 Kiskőrös 0 368 5164
276 5265 33 18 Kisbér 0 276 5265
401 5280 31 23 Hatvan 0 401 5280
407 5209 45 25 Nagykőrös 0 407 5209
455 5225 31 20 Törökszentmiklós 0 455 5225
526 5273 47 23 Balmazújváros 0 526 5273
587 5362 45 19 Záhony 0 587 5362
295 5215 49 18 Polgárdi 0 295 5215
345 5154 48 29 Kalocsa 0 345 5154
432 5318 45 29 Pétervására 0 432 5318
