212
272 2100 80 85 Mumbai 0 272 2100
718 3171 92 127 Delhi 0 718 3171
640 2495 124 105 Kolkata 0 640 2495
418 1446 55 100 Chennai 0 418 1446
780 1436 140 68 Bengalūru 0 780 1436
229 1923 63 69 Hyderabad 0 229 1923
252 2548 98 63 Ahmadābād 0 252 2548
635 2497 69 51 Hāora 0 635 2497
378 2047 80 84 Pune 0 378 2047
274 2345 118 85 Sūrat 0 274 2345
426 2923 141 56 Mardānpur 0 426 2923
578 2973 53 146 Rāmpura 0 578 2973
492 2968 115 106 Lucknow 0 492 2968
301 2345 149 86 Nāra 0 301 2345
309 2834 126 82 Patna 0 309 2834
588 2512 128 60 Indore 0 588 2512
315 2467 76 51 Vadodara 0 315 2467
745 2573 148 63 Bhopal 0 745 2573
714 1217 91 114 Coimbatore 0 714 1217
581 3420 103 94 Ludhiāna 0 581 3420
203 3010 148 87 Āgra 0 203 3010
304 2128 104 60 Kalyān 0 304 2128
743 1958 145 52 Vishākhapatnam 0 743 1958
637 1099 104 101 Kochi 0 637 1099
372 2211 61 104 Nāsik 0 372 2211
763 3208 138 101 Meerut 0 763 3208
726 3144 71 80 Farīdābād 0 726 3144
701 2801 135 135 Vārānasi 0 701 2801
738 3173 132 83 Ghāziābād 0 738 3173
498 2619 141 122 Āsansol 0 498 2619
416 2521 112 81 Jamshedpur 0 416 2521
184 1097 104 100 Madurai 0 184 1097
391 2563 55 75 Jabalpur 0 391 2563
684 2466 73 142 Rājkot 0 684 2466
443 2632 51 110 Dhanbād 0 443 2632
488 3498 137 81 Amritsar 0 488 3498
351 1988 120 100 Warangal 0 351 1988
584 2814 90 131 Allahābād 0 584 2814
482 3771 142 58 Srīnagar 0 482 3771
536 2198 57 144 Aurangābād 0 536 2198
544 2345 50 144 Bhilai 0 544 2345
596 1954 65 99 Solāpur 0 596 1954
330 2582 147 139 Ranchi 0 330 2582
300 2906 130 141 Jodhpur 0 300 2906
376 2895 136 87 Guwāhāti 0 376 2895
671 3401 102 66 Chandigarh 0 671 3401
217 2904 136 69 Gwalior 0 217 2904
714 938 121 50 Thiruvananthapuram 0 714 938
248 1196 131 128 Tiruchchirāppalli 0 248 1196
514 1697 128 73 Hubli 0 514 1697
678 1359 63 71 Mysore 0 678 1359
565 2348 148 140 Raipur 0 565 2348
190 1289 64 102 Salem 0 190 1289
378 2242 143 107 Bhubaneshwar 0 378 2242
584 2785 62 65 Kota 0 584 2785
256 2817 113 94 Jhānsi 0 256 2817
345 3136 85 132 Bareilly 0 345 3136
211 3087 103 90 Alīgarh 0 211 3087
296 2135 107 63 Bhiwandi 0 296 2135
487 3621 92 74 Jammu 0 487 3621
283 3192 128 82 Morādābād 0 283 3192
482 1422 71 89 Mangalore 0 482 1422
418 1846 64 73 Kolhāpur 0 418 1846
786 2317 98 99 Amrāvati 0 786 2317
214 3358 53 89 Dehra_Dūn 0 214 3358
449 2274 136 65 Mālegaon_Camp 0 449 2274
390 1597 138 112 Nellore 0 390 1597
736 2959 51 60 Gopālpur 0 736 2959
561 1540 89 110 Shimoga 0 561 1540
756 1228 96 124 Tiruppūr 0 756 1228
279 2459 82 108 Raurkela 0 279 2459
743 2120 68 113 Nānded 0 743 2120
447 1753 56 108 Belgaum 0 447 1753
454 1863 86 70 Sāngli 0 454 1863
321 2206 54 68 Chānda 0 321 2206
463 2925 77 64 Ajmer 0 463 2925
373 2269 99 51 Cuttack 0 373 2269
334 3100 129 133 Bīkaner 0 334 3100
205 2410 148 102 Bhāvnagar 0 205 2410
570 3225 132 141 Hisar 0 570 3225
619 2442 82 129 Bilāspur 0 619 2442
795 965 102 65 Tirunelveli 0 795 965
442 1802 82 84 Guntūr 0 442 1802
642 2955 88 93 Shiliguri 0 642 2955
579 2563 146 129 Ujjain 0 579 2563
599 1599 130 50 Davangere 0 599 1599
708 2291 83 95 Akola 0 708 2291
745 3317 118 135 Sahāranpur 0 745 3317
695 1917 91 57 Gulbarga 0 695 1917
643 2529 72 112 Bhātpāra 0 643 2529
476 2311 51 78 Dhūlia 0 476 2311
367 2719 111 99 Udaipur 0 367 2719
706 1674 80 50 Bellary 0 706 1674
186 974 103 69 Tuticorin 0 186 974
182 1752 100 101 Kurnool 0 182 1752
298 2743 112 132 Gaya 0 298 2743
513 3054 130 108 Sīkar 0 513 3054
727 1475 63 114 Tumkūr 0 727 1475
674 982 129 143 Kollam 0 674 982
472 2111 143 63 Ahmadnagar 0 472 2111
463 2803 58 121 Bhīlwāra 0 463 2803
194 2067 96 72 Nizāmābād 0 194 2067
686 2131 98 50 Parbhani 0 686 2131
389 2828 112 80 Shillong 0 389 2828
667 2035 81 149 Lātūr 0 667 2035
780 1045 69 129 Rājapālaiyam 0 780 1045
497 2792 96 74 Bhāgalpur 0 497 2792
762 3263 85 67 Muzaffarnagar 0 762 3263
339 2890 139 134 Muzaffarpur 0 339 2890
763 3045 62 116 Mathura 0 763 3045
633 3356 140 150 Patiāla 0 633 3356
269 2638 125 100 Saugor 0 269 2638
268 2136 106 76 Brahmapur 0 268 2136
389 3083 150 64 Shāhbāzpur 0 389 3083
715 3165 91 114 New_Delhi 0 715 3165
654 3197 93 86 Rohtak 0 654 3197
809 2378 126 126 Samlaipādar 0 809 2378
504 2580 92 99 Ratlām 0 504 2580
242 3005 94 116 Fīrozābād 0 242 3005
582 1880 120 58 Rājahmundry 0 582 1880
587 2572 140 87 Barddhamān 0 587 2572
768 1982 66 150 Bīdar 0 768 1982
308 3187 106 102 Bamanpurī 0 308 3187
631 1875 142 66 Kākināda 0 631 1875
691 3252 137 102 Pānīpat 0 691 3252
408 1907 139 53 Khammam 0 408 1907
568 2571 77 120 Bhuj 0 568 2571
302 2039 81 63 Karīmnagar 0 302 2039
329 1507 133 77 Tirupati 0 329 1507
648 1688 82 115 Hospet 0 648 1688
705 1387 93 143 Chikka_Mandya 0 705 1387
658 3050 86 95 Alwar 0 658 3050
470 2625 123 58 Aizawl 0 470 2625
576 1860 104 121 Bijāpur 0 576 1860
595 2744 99 94 Imphal 0 595 2744
302 2961 51 100 Tharati_Etawah 0 302 2961
751 1793 91 130 Rāichūr 0 751 1793
561 3571 92 72 Pathānkot 0 561 3571
430 1749 129 65 Chīrāla 0 430 1749
696 3209 143 124 Sonīpat 0 696 3209
657 2781 129 123 Mirzāpur 0 657 2781
771 3181 101 134 Hāpur 0 771 3181
562 2393 143 127 Porbandar 0 562 2393
746 3012 140 127 Bharatpur 0 746 3012
372 1319 112 59 Puducherry 0 372 1319
692 3286 67 106 Karnāl 0 692 3286
768 904 145 117 Nāgercoil 0 768 904
296 1192 90 77 Thanjāvūr 0 296 1192
331 2851 55 90 Pāli 0 331 2851
324 2637 117 55 Agartala 0 324 2637
397 1714 90 90 Ongole 0 397 1714
376 2189 148 91 Puri 0 376 2189
825 1147 119 101 Dindigul 0 825 1147
609 2436 120 105 Haldia 0 609 2436
779 3145 87 73 Bulandshahr 0 779 3145
547 2851 125 57 Purnea 0 547 2851
236 1632 78 76 Proddatūr 0 236 1632
698 3149 61 62 Gurgaon 0 698 3149
615 2352 115 52 Khānāpur 0 615 2352
514 1789 57 129 Machilīpatnam 0 514 1789
611 3185 118 95 Bhiwāni 0 611 3185
230 1712 71 126 Nandyāl 0 230 1712
581 2327 64 141 Bhusāval 0 581 2327
568 3052 51 129 Bharauri 0 568 3052
578 2894 68 110 Tonk 0 578 2894
502 3267 133 146 Sirsa 0 502 3267
753 2004 121 75 Vizianagaram 0 753 2004
297 1427 149 87 Vellore 0 297 1427
646 1049 70 85 Alappuzha 0 646 1049
706 3443 130 53 Shimla 0 706 3443
769 1530 144 65 Hindupur 0 769 1530
439 3785 90 70 Bāramūla 0 439 3785
479 2863 66 102 Bakshpur 0 479 2863
688 3041 105 147 Dibrugarh 0 688 3041
475 3052 57 56 Saidāpur 0 475 3052
283 2306 87 134 Navsāri 0 283 2306
315 3102 88 59 Budaun 0 315 3102
365 1298 55 131 Cuddalore 0 365 1298
593 3481 66 150 Harīpur 0 593 3481
361 1423 137 104 Krishnāpuram 0 361 1423
614 2962 62 84 Fyzābād 0 614 2962
479 2745 83 126 Silchar 0 479 2745
672 3360 112 108 Ambāla 0 672 3360
652 2589 84 74 Krishnanagar 0 652 2589
188 1454 109 147 Kolār 0 188 1454
322 1212 90 56 Kumbakonam 0 322 1212
290 1352 61 90 Tiruvannāmalai 0 290 1352
383 3167 64 90 Pīlibhīt 0 383 3167
422 3335 84 99 Abohar 0 422 3335
472 1289 57 146 Port_Blair 0 472 1289
751 2931 61 150 Alīpur_Duār 0 751 2931
205 3055 85 92 Hatīsa 0 205 3055
714 1142 123 65 Vālpārai 0 714 1142
234 2740 123 103 Aurangābād 0 234 2740
611 2840 145 91 Kohima 0 611 2840
659 3023 103 113 Gangtok 0 659 3023
180 1213 88 111 Karūr 0 180 1213
619 2960 60 90 Jorhāt 0 619 2960
373 1713 90 89 Panaji 0 373 1713
450 3797 131 146 Saidpur 0 450 3797
480 2945 90 72 Tezpur 0 480 2945
568 2997 69 116 Itanagar 0 568 2997
273 2258 144 90 Daman 0 273 2258
290 2243 70 65 Silvassa 0 290 2243
707 2291 73 57 Diu 0 707 2291
380 2891 87 68 Dispur 0 380 2891
239 1169 132 54 Kavaratti 0 239 1169
585 1243 115 137 Calicut 0 585 1243
338 2138 134 100 Kagaznāgār 0 338 2138
578 2977 148 113 Jaipur 0 578 2977
262 2569 130 97 Ghandinagar 0 262 2569
677 3396 95 112 Panchkula 0 677 3396
