402
538 3951 134 122 Tehran 0 538 3951
730 4022 81 99 Mashhad 0 730 4022
563 3613 123 104 Eşfahān 0 563 3613
499 3965 98 127 Karaj 0 499 3965
613 4215 135 131 Tabrīz 0 613 4215
648 3276 144 82 Shīrāz 0 648 3276
278 3466 57 127 Ahvāz 0 278 3466
488 3833 70 136 Qom 0 488 3833
690 3798 74 80 Kermānshāh 0 690 3798
292 3264 134 128 Zāhedān 0 292 3264
374 4126 108 116 Rasht 0 374 4126
507 3350 117 93 Kermān 0 507 3350
506 4156 78 100 Orūmīyeh 0 506 4156
272 3853 147 107 Hamadān 0 272 3853
379 3773 54 84 Arāk 0 379 3773
251 3532 59 64 Yazd 0 251 3532
410 4015 63 73 Qazvīn 0 410 4015
428 3007 59 76 Bandar_‘Abbās 0 428 3007
550 3616 124 68 Khomeynī_Shahr 0 550 3616
262 4238 124 103 Ārdsālem 0 262 4238
254 3708 93 112 Khorramābād 0 254 3708
240 3359 81 127 Ābādān 0 240 3359
276 4061 125 142 Zanjān 0 276 4061
681 3909 110 145 Sanandaj 0 681 3909
707 3638 99 112 Bīrjand 0 707 3638
255 3585 107 136 Dezfūl 0 255 3585
272 4080 100 105 Gorgān 0 272 4080
684 4048 145 129 Sārī 0 684 4048
292 3753 108 130 Borūjerd 0 292 3753
540 3761 61 116 Kāshān 0 540 3761
356 3433 62 103 Zābol 0 356 3433
560 4007 60 96 Sabzevār 0 560 4007
661 4009 138 128 Nīshābūr 0 661 4009
621 4036 113 137 Āmol 0 621 4036
529 4147 83 109 Bojnūrd 0 529 4147
495 4266 98 144 Khvoy 0 495 4266
558 3909 130 101 Varāmīn 0 558 3909
299 3797 64 99 Malāyer 0 299 3797
441 3875 128 78 Sāveh 0 441 3875
371 3257 59 86 Sīrjān 0 371 3257
484 3204 94 123 Bandar-e_Būshehr 0 484 3204
564 4067 60 139 Mahābād 0 564 4067
337 4124 79 148 Gonbad-e_Kāvūs 0 337 4124
633 3900 149 71 Kāshmar 0 633 3900
339 3534 55 101 Masjed_Soleymān 0 339 3534
631 3722 55 138 Īlām 0 631 3722
609 4139 150 54 Marāgheh 0 609 4139
634 4107 108 143 Qūchān 0 634 4107
318 4032 56 62 Shāhrūd 0 318 4032
487 3576 51 128 Shahr-e_Kord 0 487 3576
716 3939 74 120 Semnān 0 716 3939
758 3204 135 94 Fasā 0 758 3204
283 3902 102 140 Torbat-e_Jām 0 283 3902
680 4260 145 124 Ahar 0 680 4260
632 3220 96 102 Bam 0 632 3220
556 3392 95 135 Yāsūj 0 556 3392
427 3385 67 105 Behbahān 0 427 3385
262 2799 59 87 Chābahār 0 262 2799
734 3972 85 65 Bījār 0 734 3972
553 3819 96 138 Qaşr-e_Shīrīn 0 553 3819
465 3625 102 100 Chādegān 0 465 3625
458 3406 86 58 Dehdasht 0 458 3406
373 3418 116 75 Zehak 0 373 3418
445 3650 141 118 Dārān 0 445 3650
326 3381 110 150 Bandar-e_Māhshahr 0 326 3381
288 2939 75 73 Bandar-e_Lengeh 0 288 2939
544 3768 145 74 Ārān_Bīdgol 0 544 3768
239 3011 55 87 Bastak 0 239 3011
689 4030 135 149 Takāb 0 689 4030
240 4106 129 58 Gomīshān 0 240 4106
491 3240 100 95 Rābor 0 491 3240
453 3272 91 120 Bandar-e_Ganāveh 0 453 3272
607 3931 65 54 Marīvān 0 607 3931
682 3976 130 58 Dīvāndarreh 0 682 3976
586 4179 52 141 Āz̄arshahr 0 586 4179
436 4110 89 72 Rūdsar 0 436 4110
514 3618 98 100 Tīrān 0 514 3618
347 3418 53 75 Rāmshīr 0 347 3418
624 3908 144 80 Sarvābād 0 624 3908
648 3694 79 98 Arakvāz-e_Malekshāhī 0 648 3694
685 3049 75 146 Mohr 0 685 3049
545 4103 149 119 Esfarāyen 0 545 4103
689 4057 80 126 Chenārān 0 689 4057
665 3203 109 123 Narmāshīr 0 665 3203
670 4056 134 85 Jūybār 0 670 4056
229 3370 64 76 Khorramshahr 0 229 3370
236 3544 142 112 Ashkez̄ar 0 236 3544
722 4202 128 133 Sarāb 0 722 4202
449 3752 141 102 Maḩallāt 0 449 3752
442 3953 149 53 Eshtehārd 0 442 3953
310 4087 83 69 ‘Alīābād-e_Katūl 0 310 4087
763 4213 132 139 Nīr 0 763 4213
521 3237 68 77 Borāzjān 0 521 3237
355 4121 75 125 Mīnūdasht 0 355 4121
568 3092 53 57 Kahnūj 0 568 3092
705 4058 68 122 Nekā 0 705 4058
719 3906 92 75 Dehgolān 0 719 3906
508 4099 113 75 Oshnavīyeh 0 508 4099
657 3448 129 74 Ābādeh 0 657 3448
590 4047 110 108 Nūr 0 590 4047
623 3878 128 105 Pāveh 0 623 3878
409 3839 70 130 Tafresh 0 409 3839
734 4253 77 150 Meshgīn_Shahr 0 734 4253
695 3637 65 133 Nā’īn 0 695 3637
399 4112 89 76 Sīāhkal 0 399 4112
537 4056 99 118 Chālūs 0 537 4056
593 4133 71 97 Bonāb 0 593 4133
266 3865 51 89 Bahār 0 266 3865
457 3988 67 129 Ābyek 0 457 3988
346 3843 91 121 Komījān 0 346 3843
514 3935 105 131 Nasīm_Shahr 0 514 3935
554 3475 97 53 Semīrom 0 554 3475
218 3493 72 112 Nehbandān 0 218 3493
263 4236 96 78 Ardabīl 0 263 4236
544 4056 99 124 Nowshahr 0 544 4056
236 3852 148 55 Asadābād 0 236 3852
579 3984 146 104 Bāneh 0 579 3984
574 3169 89 116 Jīroft 0 574 3169
539 3747 58 76 Boshrūyeh 0 539 3747
772 3822 147 110 Kangāvar 0 772 3822
340 2902 55 138 Rāsak 0 340 2902
543 3414 112 141 Sīsakht 0 543 3414
534 4089 50 65 Naqadeh 0 534 4089
677 3852 85 66 Kāmyārān 0 677 3852
357 4114 146 105 Shaft 0 357 4114
534 3610 100 102 Najafābād 0 534 3610
518 3035 129 125 Rūdān 0 518 3035
350 4121 130 117 Fūman 0 350 4121
315 4185 133 127 Hashtpar 0 315 4185
683 3203 128 67 Fahraj 0 683 3203
276 3393 53 58 Shādegān 0 276 3393
596 3953 80 73 Damāvand 0 596 3953
614 3794 95 126 Kerend-e_Gharb 0 614 3794
273 4099 70 112 Āq_Qalā 0 273 4099
712 3619 142 109 Dehlorān 0 712 3619
444 4089 62 115 Jājarm 0 444 4089
684 3998 137 84 Pol-e_Sefīd 0 684 3998
594 3348 76 87 Sepīdān 0 594 3348
221 3484 113 121 Hoveyzeh 0 221 3484
621 3743 121 148 Eyvān 0 621 3743
737 3852 135 119 Sonqor 0 737 3852
319 4088 126 133 Āb_Bar 0 319 4088
258 3786 101 120 Nahāvand 0 258 3786
510 2932 79 86 Sīrīk 0 510 2932
335 4157 100 121 Reẕvānshahr 0 335 4157
627 3693 62 112 Ardestān 0 627 3693
315 3887 78 124 Fāmenīn 0 315 3887
337 4106 126 110 Āzādshahr 0 337 4106
479 4227 136 147 Salmās 0 479 4227
662 3876 97 118 Feyẕābād 0 662 3876
739 3087 68 135 Khonj 0 739 3087
754 3648 138 88 Asadīyeh 0 754 3648
701 3011 143 81 Gāvbandī 0 701 3011
515 3358 50 63 Bāsht 0 515 3358
236 3517 113 140 Taft 0 236 3517
622 3898 62 78 Garmsār 0 622 3898
379 3818 118 105 Farmahīn 0 379 3818
281 4166 72 85 Khalkhāl 0 281 4166
407 3526 68 132 Behābād 0 407 3526
257 3497 83 73 Mehrīz 0 257 3497
757 3955 92 133 Farīmān 0 757 3955
418 3325 142 81 Bandar-e_Deylam 0 418 3325
699 3152 92 107 Qīr 0 699 3152
337 4008 57 110 Khorramdarreh 0 337 4008
567 4254 87 119 Marand 0 567 4254
577 2836 59 71 Jāsk 0 577 2836
333 3807 103 92 Khondāb 0 333 3807
616 3901 103 78 Khalīlābād 0 616 3901
596 4281 135 74 Varazqān 0 596 4281
549 3031 87 110 Manūjān 0 549 3031
606 3194 81 113 Farāshband 0 606 3194
705 3329 125 71 Sa‘ādat_Shahr 0 705 3329
681 4149 56 129 Hashtrūd 0 681 4149
458 3569 130 88 Fārsān 0 458 3569
414 3722 124 127 Khomeyn 0 414 3722
722 3311 95 51 Arsanjān 0 722 3311
350 4129 61 144 Şowme‘eh_Sarā 0 350 4129
593 4029 101 122 Solţānābād 0 593 4029
431 3475 130 121 Kūhbanān 0 431 3475
360 3480 125 86 Haftkel 0 360 3480
223 3717 87 85 Sarāb-e_Dowreh 0 223 3717
265 3826 95 91 Tūyserkān 0 265 3826
640 3775 127 86 Eslāmābād-e_Gharb 0 640 3775
353 3564 79 124 Qal‘eh-ye_Khvājeh 0 353 3564
400 3018 120 81 Sūrān 0 400 3018
246 3750 117 85 Aleshtar 0 246 3750
367 3461 139 131 Rāmhormoz 0 367 3461
505 3946 90 141 Shahrīār 0 505 3946
750 4392 111 102 Pārsābād 0 750 4392
218 3572 107 99 Meybod 0 218 3572
608 4121 81 126 Fārūj 0 608 4121
653 3191 116 127 Fīrūzābād 0 653 3191
417 3592 65 74 Chelgard 0 417 3592
648 4063 142 90 Bābolsar 0 648 4063
348 3497 87 115 Bāfq 0 348 3497
246 3327 140 134 Shahr-e_Herāt 0 246 3327
468 4085 146 102 Rāmsar 0 468 4085
746 4097 70 59 Kalāt-e_Nāderī 0 746 4097
664 3231 59 144 Kavār 0 664 3231
384 3446 117 150 Dūst_Moḩammad_Khān 0 384 3446
762 3607 141 97 Sarbīsheh 0 762 3607
715 3240 133 57 Sarvestān 0 715 3240
715 3025 85 103 Lāmerd 0 715 3025
280 4256 71 72 Namīn 0 280 4256
608 3764 87 103 Ferdows 0 608 3764
324 3122 71 150 Khāsh 0 324 3122
482 3545 103 116 Shalamzār 0 482 3545
461 3233 121 64 Bāft 0 461 3233
592 3079 148 107 Deyr 0 592 3079
739 3873 148 56 Roshtkhvār 0 739 3873
608 3820 113 123 Bajestān 0 608 3820
561 3926 140 128 Pākdasht 0 561 3926
353 3755 117 105 Shāzand 0 353 3755
427 2981 76 148 Qeshm 0 427 2981
566 3907 57 105 Pīshvā 0 566 3907
260 3182 57 116 Dārāb 0 260 3182
334 3416 126 67 Anār 0 334 3416
436 4093 87 70 Garmeh 0 436 4093
584 3778 78 104 Gīlān-e_Gharb 0 584 3778
728 4063 90 136 Behshahr 0 728 4063
359 4076 110 107 Pā’īn-e_Bāzār-e_Rūdbār 0 359 4076
458 3310 66 80 Bardsīr 0 458 3310
433 3701 86 66 Golpāyegān 0 433 3701
522 3108 143 122 Fāryāb 0 522 3108
270 3010 90 61 Īrānshahr 0 270 3010
376 3345 91 96 Hendījān 0 376 3345
411 4118 55 145 Lāhījān 0 411 4118
512 4061 75 58 Pīrānshahr 0 512 4061
696 4121 69 123 Qarah_Āghāj 0 696 4121
261 4005 116 103 Dāmghān 0 261 4005
579 4148 96 143 ‘Ajab_Shīr 0 579 4148
630 3078 134 120 Jam 0 630 3078
588 3902 148 59 Bardaskan 0 588 3902
221 2903 126 117 Nīkshahr 0 221 2903
713 4020 51 139 Ţorqabeh 0 713 4020
314 4255 108 98 Āstārā 0 314 4255
456 4349 100 144 Mākū 0 456 4349
674 3306 144 109 Marvdasht 0 674 3306
565 3629 103 132 Dowlatābād 0 565 3629
717 3446 68 80 Abarkūh 0 717 3446
654 3802 122 141 Gonābād 0 654 3802
219 3578 67 77 Ardakān 0 219 3578
468 3540 57 59 Ardal 0 468 3540
777 3722 68 100 Ḩājjīābād 0 777 3722
240 3232 126 55 Neyrīz 0 240 3232
608 3665 62 104 Mehrān 0 608 3665
604 3079 68 71 Kangān 0 604 3079
563 3276 96 143 Kāzerūn 0 563 3276
240 3565 135 139 Shūsh 0 240 3565
283 3999 51 124 Khodābandeh 0 283 3999
403 3364 72 62 Rafsanjān 0 403 3364
527 3536 99 105 Borūjen 0 527 3536
640 4060 122 97 Shāhīn_Dezh 0 640 4060
644 3737 68 81 Sarābleh 0 644 3737
480 3358 135 63 Do_Gonbadān 0 480 3358
339 4001 117 140 Abhar 0 339 4001
378 4030 56 62 Meyāmī 0 378 4030
368 3001 138 78 Zābolī 0 368 3001
237 3064 113 150 Shahr-e_Qadīm-e_Lār 0 237 3064
436 3675 68 71 Khvānsār 0 436 3675
493 4157 140 130 Āshkhāneh 0 493 4157
509 3953 67 143 Shahr-e_Qods 0 509 3953
537 4062 81 146 Neqāb 0 537 4062
217 3063 125 149 Gerāsh 0 217 3063
470 3761 99 100 Delījān 0 470 3761
750 3155 134 109 Jahrom 0 750 3155
750 4068 90 70 Galūgāh 0 750 4068
242 4075 133 118 Kord_Kūy 0 242 4075
475 3401 64 133 Charām 0 475 3401
579 3813 147 132 Sarpol-e_Z̄ahāb 0 579 3813
446 4324 113 121 Seyah_Cheshmeh 0 446 4324
763 4073 54 106 Bandar-e_Gaz 0 763 4073
361 4126 89 80 Gālīkesh 0 361 4126
729 3907 99 125 Dowlatābād 0 729 3907
754 3372 71 69 Sūrīān 0 754 3372
702 3733 143 62 Qā’en 0 702 3733
740 4145 76 95 Mīāneh 0 740 4145
251 3594 136 60 Andīmeshk 0 251 3594
669 4039 105 139 Qā’em_Shahr 0 669 4039
561 4226 119 61 Shabestar 0 561 4226
675 4335 144 90 Khomārlū 0 675 4335
488 4074 99 140 Tonekābon 0 488 4074
212 3225 135 108 Estahbān 0 212 3225
507 3926 102 129 Robāţ_Karīm 0 507 3926
561 3533 69 94 Dehāqān 0 561 3533
483 3486 129 120 Lordegān 0 483 3486
612 4054 53 104 Maḩmūdābād 0 612 4054
296 3547 86 59 Shūshtar 0 296 3547
492 3717 146 109 Ţabas 0 492 3717
255 3875 77 90 Shahrak-e_Bākharz 0 255 3875
272 4362 128 73 Bīleh_Savār 0 272 4362
392 3131 88 90 Ḩājjīābād 0 392 3131
413 3418 79 119 Līkak 0 413 3418
382 3992 106 123 Tākestān 0 382 3992
414 3958 115 71 Bū’īn_Zahrā 0 414 3958
697 4052 127 55 Sūrak 0 697 4052
700 3926 146 61 Sorkheh 0 700 3926
335 4045 130 96 Sarakhs 0 335 4045
299 3496 73 98 Mollās̄ānī 0 299 3496
537 3169 121 149 Khowrmūj 0 537 3169
408 3820 103 142 Āshtīān 0 408 3820
598 4091 150 120 Mīāndoāb 0 598 4091
721 3669 88 95 Darreh_Shahr 0 721 3669
321 3917 148 131 Razan 0 321 3917
587 3044 54 50 Qal‘eh_Ganj 0 587 3044
685 4235 104 97 Herīs 0 685 4235
738 4069 144 94 Māhneshān 0 738 4069
458 3408 67 133 Zarand 0 458 3408
581 3541 122 137 Shahreẕā 0 581 3541
635 3901 136 127 Ārādān 0 635 3901
296 3846 128 124 Tāybād 0 296 3846
319 3708 137 119 Dorūd 0 319 3708
243 4226 141 72 Sar‘eyn 0 243 4226
464 3978 116 57 Naz̧arābād 0 464 3978
598 3100 55 59 Eslāmābād 0 598 3100
535 3583 107 136 Zarrīn_Shahr 0 535 3583
741 3042 106 76 Dalgān 0 741 3042
598 4196 84 88 Oskū 0 598 4196
583 3150 121 66 ‘Anbarābād 0 583 3150
650 4046 121 130 Bābol 0 650 4046
582 4139 65 74 Shīrvān 0 582 4139
415 4005 88 140 Alvand 0 415 4005
710 3388 116 106 Şafāshahr 0 710 3388
712 3954 125 88 Mehdīshahr 0 712 3954
547 3602 150 63 Falāvarjān 0 547 3602
702 3173 128 108 Moḩammadābād 0 702 3173
608 4042 108 91 Būkān 0 608 4042
427 4105 55 101 Amlash 0 427 4105
636 3852 93 72 Javānrūd 0 636 3852
376 3403 51 118 Omīdīyeh 0 376 3403
506 4054 52 79 Joghtāy 0 506 4054
509 4064 51 90 ‘Abbāsābād 0 509 4064
636 4061 124 101 Fereydūnkenār 0 636 4061
742 3713 121 72 Kūhdasht 0 742 3713
247 3139 56 51 Ḩājjīābād 0 247 3139
724 3265 93 86 Kherāmeh 0 724 3265
662 3419 131 134 Eqlīd 0 662 3419
497 3946 145 123 Malārd 0 497 3946
521 3934 115 86 Eslāmshahr 0 521 3934
394 3488 50 82 Bāgh-e_Malek 0 394 3488
651 3842 102 149 Ravānsar 0 651 3842
438 3146 133 149 Arzū’īyeh 0 438 3146
550 3346 139 78 Maşīrī 0 550 3346
301 2862 67 83 Abū_Mūsā 0 301 2862
237 3829 69 145 Khvāf 0 237 3829
233 3495 111 56 Sūsangerd 0 233 3495
642 4016 55 123 Bozghān 0 642 4016
392 3522 71 90 Īz̄eh 0 392 3522
502 4304 65 87 Qarah_Ẕīā’_od_Dīn 0 502 4304
538 3962 100 57 Tajrīsh 0 538 3962
256 4034 130 91 Zarrīnābād 0 256 4034
508 3000 108 89 Mīnāb 0 508 3000
424 4117 90 66 Langarūd 0 424 4117
660 3958 89 54 Fīrūzkūh 0 660 3958
363 4148 124 115 Bandar-e_Anzalī 0 363 4148
479 4003 136 119 Ţāleqān 0 479 4003
356 3702 60 124 Aznā 0 356 3702
417 3645 108 144 Fareydūnshahr 0 417 3645
506 4355 142 55 Poldasht 0 506 4355
239 4087 125 82 Bandar-e_Torkaman 0 239 4087
265 4174 149 99 Gīvī 0 265 4174
454 3907 143 88 Māmūnīyeh 0 454 3907
554 4310 97 53 Jolfā 0 554 4310
613 4012 116 101 Saqqez 0 613 4012
320 3578 148 62 Lālī 0 320 3578
481 3459 61 144 Rāvar 0 481 3459
359 2981 97 60 Bandar-e_Khamīr 0 359 2981
658 3040 138 80 Bandar-e_‘Asalūyeh 0 658 3040
726 3653 92 61 Ābdānān 0 726 3653
661 4190 103 130 Bostānābād 0 661 4190
738 3795 76 149 Harsīn 0 738 3795
238 2807 101 99 Konārak 0 238 2807
247 4323 133 76 Germī 0 247 4323
334 4136 55 59 Māsāl 0 334 4136
551 3635 92 148 Shāhīn_Shahr 0 551 3635
334 4098 150 72 Rāmīān 0 334 4098
292 3898 67 106 Kabūdarāhang 0 292 3898
605 3844 63 52 Tāzehābād 0 605 3844
526 3195 88 61 Ahram 0 526 3195
547 3578 73 143 Mobārakeh 0 547 3578
318 3333 142 68 Shahr-e_Bābak 0 318 3333
747 3818 56 53 Şaḩneh 0 747 3818
480 4341 72 137 Showţ 0 480 4341
322 3738 119 117 Khūr 0 322 3738
585 3708 89 135 Naţanz 0 585 3708
640 3747 83 63 Sarāyān 0 640 3747
686 4146 112 86 Dargaz 0 686 4146
406 4124 96 93 Āstāneh-ye_Ashrafīyeh 0 406 4124
366 4137 128 123 Kalāleh 0 366 4137
471 3979 146 85 Hashtgerd 0 471 3979
597 4111 68 93 Malekān 0 597 4111
774 3774 78 92 Nūrābād 0 774 3774
676 4303 72 112 Kaleybar 0 676 4303
408 4195 82 73 Marāveh_Tappeh 0 408 4195
752 3671 137 79 Poldokhtar 0 752 3671
755 3895 127 87 Qorveh 0 755 3895
378 3696 106 139 Alīgūdarz 0 378 3696
543 4001 92 72 Sardasht 0 543 4001
590 2926 66 95 Sardasht 0 590 2926
539 3938 81 68 Rey 0 539 3938
550 3331 50 149 Nūrābād 0 550 3331
701 3905 101 143 Torbat-e_Ḩeydarīyeh 0 701 3905
