125
444 3689 81 88 Baghdad 0 444 3689
331 4022 68 75 Mosul 0 331 4022
320 4082 64 133 Dihok 0 320 4082
411 4005 111 80 Erbil 0 411 4005
768 3381 150 55 Al_Başrah 0 768 3381
438 3543 50 119 An_Najaf 0 438 3543
444 3925 85 137 Kirkuk 0 444 3925
445 3591 131 150 Al_Ḩillah 0 445 3591
407 3607 142 91 Karbalā’ 0 407 3607
619 3436 105 65 An_Nāşirīyah 0 619 3436
492 3539 122 143 Ad_Dīwānīyah 0 492 3539
702 3524 102 138 Al_‘Amārah 0 702 3524
576 3597 93 93 Al_Kūt 0 576 3597
466 3734 65 130 Ba‘qūbah 0 466 3734
342 3699 126 138 Ar_Ramādī 0 342 3699
759 3365 121 126 Az_Zubayr 0 759 3365
387 3690 132 107 Al_Fallūjah 0 387 3690
526 3463 130 137 As_Samāwah 0 526 3463
611 3475 132 144 Ash_Shaţrah 0 611 3475
397 3784 74 77 Sāmarrā’ 0 397 3784
271 4029 82 107 Tall_‘Afar 0 271 4029
294 4113 60 90 Zaxo 0 294 4113
433 3626 111 102 Al_Musayyib 0 433 3626
378 3831 147 78 Tikrīt 0 378 3831
551 3734 121 142 Mandalī 0 551 3734
620 3656 100 85 Ar_Ruţbah 0 620 3656
413 3984 77 107 Qūshtabah 0 413 3984
285 4059 114 96 Zummār 0 285 4059
686 3506 100 125 Al_Maymūnah 0 686 3506
479 3643 77 103 Aş_Şuwayrah 0 479 3643
496 3976 113 77 Dukan 0 496 3976
691 3427 105 111 Al_Jabāyish 0 691 3427
422 4006 79 99 Kasnazān 0 422 4006
298 3723 122 54 Hīt 0 298 3723
365 4106 68 148 Amêdî 0 365 4106
519 3488 56 61 Ar_Rumaythah 0 519 3488
334 4086 80 90 Zawîte 0 334 4086
523 3547 142 113 ‘Afak 0 523 3547
717 3505 126 149 Al_Kaḩlā’ 0 717 3505
415 3948 70 50 Dibis 0 415 3948
511 4004 51 125 Qeładizê 0 511 4004
598 3560 73 144 Al_Ḩayy 0 598 3560
468 3580 137 118 Al_Hāshimīyah 0 468 3580
449 3888 74 139 Dāqūq 0 449 3888
505 3641 122 69 Al_‘Azīzīyah 0 505 3641
443 3726 84 145 Aţ_Ţārmīyah 0 443 3726
256 3774 101 110 Al_Ḩaqlānīyah 0 256 3774
421 3764 57 58 Balad 0 421 3764
443 3543 144 129 Al_Kūfah 0 443 3543
399 4065 132 113 ‘Aqrah 0 399 4065
439 4028 63 73 Shaqlāwah 0 439 4028
490 4054 53 114 Choman 0 490 4054
496 3838 93 91 Kifrī 0 496 3838
409 4009 63 86 ‘Aynkāwah 0 409 4009
451 3530 127 90 Al_Manādhirah 0 451 3530
732 3433 117 121 Al_Qurnah 0 732 3433
352 4062 83 78 Ash_Shaykhān 0 352 4062
578 3912 132 63 Seyid_Sadiq 0 578 3912
658 3592 78 88 ‘Alī_al_Gharbī 0 658 3592
455 3745 146 145 Al_Khāliş 0 455 3745
339 3931 131 138 Ash_Sharqāt 0 339 3931
358 3604 61 141 ‘Ayn_Tamr 0 358 3604
774 3807 100 82 ‘Anah 0 774 3807
705 3496 50 59 Al_Majar_al_Kabīr 0 705 3496
716 3427 93 94 Al_Madīnah 0 716 3427
444 3613 65 89 Al_Maḩāwīl 0 444 3613
440 3658 96 84 Al_Maḩmūdīyah 0 440 3658
539 3935 84 117 Slêmanî 0 539 3935
744 3992 86 110 Al_Ba‘āj 0 744 3992
535 3907 92 91 Qeredagh 0 535 3907
249 3341 88 75 Nāḩiyat_Baḩār 0 249 3341
213 3375 70 128 Nāḩiyat_‘Atbah 0 213 3375
497 3509 124 104 Al_Ḩamzah 0 497 3509
331 4040 94 131 Tallkayf 0 331 4040
604 3510 125 129 Ar_Rifā‘ī 0 604 3510
351 4078 79 91 Atrūsh 0 351 4078
437 4077 130 111 Mêrgasur 0 437 4077
535 3800 58 109 Khānaqīn 0 535 3800
383 3822 130 147 Al_‘Awjah 0 383 3822
308 4081 90 57 Sêmêl 0 308 4081
345 3963 149 107 Al_Qayyārah 0 345 3963
380 4015 130 110 Khabāt 0 380 4015
758 4023 115 130 Sinjār 0 758 4023
388 3909 134 66 Al_Ḩawījah 0 388 3909
413 4019 99 72 Baḩirkah 0 413 4019
258 3775 51 116 Barwānah 0 258 3775
415 3997 133 73 Dāratū 0 415 3997
462 3536 111 108 Ash_Shāmīyah 0 462 3536
562 3885 114 52 Derbendîxan 0 562 3885
459 4056 76 134 Soran 0 459 4056
587 3664 127 71 Badrah 0 587 3664
354 4015 58 129 Al_Ḩamdānīyah 0 354 4015
507 3728 74 98 Baladrūz 0 507 3728
361 3866 81 135 Bayjī 0 361 3866
371 3960 71 52 Makhmūr 0 371 3960
768 3819 62 125 Rāwah 0 768 3819
457 4051 56 113 Ṟuwandiz 0 457 4051
585 3942 64 132 Pênciwên 0 585 3942
537 3973 127 82 Mawet 0 537 3973
786 3372 90 65 Abī_al_Khaşīb 0 786 3372
665 3555 92 140 Nāḩiyat_Alī_ash_Sharqī 0 665 3555
489 4012 56 76 Ṟaniye 0 489 4012
484 3932 149 148 Chemchemał 0 484 3932
562 3908 97 135 Hełebcey_Taze 0 562 3908
638 3418 139 105 Sūq_ash_Shuyūkh 0 638 3418
551 3953 72 108 Chwarta 0 551 3953
427 3601 149 105 Al_Hindīyah 0 427 3601
323 4116 119 91 Batîfa 0 323 4116
466 3860 86 60 Ţūz_Khūrmātū 0 466 3860
284 4113 123 61 Ṟizgarî 0 284 4113
682 3807 97 123 Al_Qā’im 0 682 3807
346 4109 134 103 Bameṟnê 0 346 4109
424 3685 149 105 Abū_Ghurayb 0 424 3685
494 3759 111 123 Al_Miqdādīyah 0 494 3759
294 3938 90 52 Al_Ḩaḑar 0 294 3938
717 3490 120 144 Qal‘at_Şāliḩ 0 717 3490
466 3993 60 112 Kūysinjaq 0 466 3993
258 3780 127 121 Ḩadīthah 0 258 3780
538 3602 92 133 An_Nu‘mānīyah 0 538 3602
256 3318 92 140 Al_Fāw 0 256 3318
529 3831 76 131 Kelar 0 529 3831
589 3893 73 87 Hełebce 0 589 3893
389 3813 142 89 Ad_Dawr 0 389 3813
552 3451 121 67 Al_Khiḑr 0 552 3451
455 3374 108 124 As_Salmān 0 455 3374
