34
683 5912 40 16 Dublin 0 683 5912
534 5749 42 18 Cork 0 534 5749
525 5835 29 15 Limerick 0 525 5835
496 5902 28 21 Galway 0 496 5902
628 5791 48 28 Waterford 0 628 5791
675 5955 49 18 Drogheda 0 675 5955
451 5790 38 24 Tralee 0 451 5790
618 5835 44 16 Kilkenny 0 618 5835
533 6013 41 16 Sligo 0 533 6013
464 5766 47 16 Killarney 0 464 5766
509 5839 43 29 Shannon 0 509 5839
632 6013 38 24 Monaghan 0 632 6013
554 5943 39 27 Ros_Comáin 0 554 5943
556 6056 29 29 Donegal 0 556 6056
597 6077 28 19 Lifford 0 597 6077
639 5856 43 21 Carlow 0 639 5856
609 5932 27 29 Mullingar 0 609 5932
607 5983 41 29 An_Cabhán 0 607 5983
698 5873 29 18 Wicklow 0 698 5873
669 5986 34 26 Dún_Dealgan 0 669 5986
588 5801 26 22 Clonmel 0 588 5801
655 5898 40 25 Naas 0 655 5898
500 5854 33 16 Ennis 0 500 5854
613 5877 37 17 Port_Laoise 0 613 5877
684 5927 36 19 Swords 0 684 5927
677 5907 50 23 Tallaght 0 677 5907
673 5801 26 15 Wexford 0 673 5801
646 5936 32 21 Trim 0 646 5936
600 5903 37 23 Tullamore 0 600 5903
480 5966 25 16 Castlebar 0 480 5966
554 5857 29 19 Nenagh 0 554 5857
691 5908 35 19 Dunleary 0 691 5908
579 5954 30 26 Longford 0 579 5954
559 5978 33 15 Carrick_on_Shannon 0 559 5978
