118
291 4641 129 96 Rome 0 291 4641
515 5034 64 55 Milan 0 515 5034
436 4520 136 91 Naples 0 436 4520
395 4989 142 84 Turin 0 395 4989
681 4848 94 69 Florence 0 681 4848
481 4503 55 97 Salerno 0 481 4503
356 4220 146 128 Palermo 0 356 4220
508 4150 50 69 Catania 0 508 4150
496 4918 55 78 Genoa 0 496 4918
655 4555 112 102 Bari 0 655 4555
685 4928 119 73 Bologna 0 685 4928
656 5034 129 106 Verona 0 656 5034
435 4701 56 50 Pescara 0 435 4701
510 4340 132 145 Cagliari 0 510 4340
290 5035 143 77 Venice 0 290 5035
549 4226 55 136 Messina 0 549 4226
506 5069 84 65 Como 0 506 5069
443 4546 119 65 Caserta 0 443 4546
404 5055 51 94 Trieste 0 404 5055
611 4841 146 122 Pisa 0 611 4841
689 4482 65 137 Taranto 0 689 4482
555 5059 109 51 Bergamo 0 555 5059
556 4217 90 124 Reggio_di_Calabria 0 556 4217
285 5060 109 86 Treviso 0 285 5060
651 4947 146 104 Modena 0 651 4947
605 4961 130 74 Parma 0 605 4961
260 4474 59 57 Lecce 0 260 4474
606 4822 133 142 Livorno 0 606 4822
547 4588 117 64 Foggia 0 547 4588
285 4778 108 81 Perugia 0 285 4778
277 4922 117 128 Ravenna 0 277 4922
704 4967 68 93 Ferrara 0 704 4967
526 4102 140 139 Siracusa 0 526 4102
462 4508 148 134 Sassari 0 462 4508
364 5102 75 121 Udine 0 364 5102
607 4574 79 83 Barletta 0 607 4574
664 5103 139 132 Trento 0 664 5103
748 4502 56 129 Brindisi 0 748 4502
471 5034 106 125 Novara 0 471 5034
379 4832 96 75 Ancona 0 379 4832
684 5156 149 119 Soprabolzano 0 684 5156
637 4306 128 108 Catanzaro 0 637 4306
733 4811 57 132 Arezzo 0 733 4811
274 4186 146 87 Marsala 0 274 4186
436 4972 87 88 Asti 0 436 4972
567 4498 110 90 Potenza 0 567 4498
476 4085 79 124 Ragusa 0 476 4085
365 4691 100 149 L’Aquila 0 365 4691
479 4553 61 129 Benevento 0 479 4553
731 4664 106 77 Civitavecchia 0 731 4664
684 4328 104 148 Crotone 0 684 4328
690 4798 86 101 Siena 0 690 4798
470 4601 101 132 Campobasso 0 470 4601
543 4529 123 91 Olbia 0 543 4529
370 5065 132 88 Aosta 0 370 5065
595 4280 88 140 Vibo_Valentia 0 595 4280
725 5033 131 67 Padova 0 725 5033
460 4903 60 137 Savona 0 460 4903
417 4148 145 142 Caltanissetta 0 417 4148
699 5047 113 81 Vicenza 0 699 5047
391 5088 67 70 Gorizia 0 391 5088
323 4696 61 55 Rieti 0 323 4696
674 4737 130 69 Grosseto 0 674 4737
681 5154 145 119 Bolzano 0 681 5154
592 4874 122 65 Massa 0 592 4874
491 4379 149 97 Sanluri 0 491 4379
321 4592 80 104 Latina 0 321 4592
454 5018 104 120 Vercelli 0 454 5018
285 5113 125 84 Belluno 0 285 5113
581 4996 139 57 Cremona 0 581 4996
465 4417 57 126 Oristano 0 465 4417
641 5001 101 135 Mantova 0 641 5001
668 4861 74 109 Prato 0 668 4861
435 4157 120 78 Enna 0 435 4157
619 4854 70 126 Lucca 0 619 4854
261 4700 69 118 Viterbo 0 261 4700
477 4367 100 73 Villacidro 0 477 4367
618 4571 131 150 Trani 0 618 4571
513 5001 56 101 Pavia 0 513 5001
552 4985 102 117 Piacenza 0 552 4985
520 5047 140 93 Monza 0 520 5047
463 5086 78 103 Verbania 0 463 5086
306 4881 96 137 Rimini 0 306 4881
607 4563 114 116 Andria 0 607 4563
395 4778 130 58 Fermo 0 395 4778
529 4462 139 114 Nuoro 0 529 4462
469 4971 92 51 Alessandria 0 469 4971
635 4502 61 138 Matera 0 635 4502
652 4864 73 86 Pistoia 0 652 4864
626 4952 148 104 Reggio_Emilia 0 626 4952
359 4610 75 82 Frosinone 0 359 4610
423 4859 122 128 Imperia 0 423 4859
556 4419 65 107 Tortolì 0 556 4419
459 4351 125 140 Iglesias 0 459 4351
508 4527 146 98 Tempio_Pausania 0 508 4527
279 4210 140 142 Trapani 0 279 4210
719 4994 71 53 Rovigo 0 719 4994
393 4722 98 75 Teramo 0 393 4722
566 5112 71 59 Sondrio 0 566 5112
546 4414 86 70 Lanusei 0 546 4414
425 5046 133 51 Biella 0 425 5046
607 4350 128 69 Cosenza 0 607 4350
383 4915 106 140 Cuneo 0 383 4915
382 4745 134 119 Ascoli_Piceno 0 382 4745
481 4527 148 121 Avellino 0 481 4527
431 4688 112 66 Chieti 0 431 4688
304 4715 51 56 Terni 0 304 4715
487 5071 123 150 Varese 0 487 5071
264 4900 96 104 Forlì 0 264 4900
529 5077 90 100 Lecco 0 529 5077
458 4335 135 119 Carbonia 0 458 4335
374 4795 67 98 Macerata 0 374 4795
566 4885 83 134 La_Spezia 0 566 4885
332 4862 70 65 Pesaro 0 332 4862
318 5092 111 98 Pordenone 0 318 5092
539 5018 72 82 Lodi 0 539 5018
597 5044 71 141 Brescia 0 597 5044
372 4130 93 78 Agrigento 0 372 4130
