77
387 3949 128 81 Tokyo 0 387 3949
547 3838 98 108 Ōsaka 0 547 3838
377 3921 74 100 Yokohama 0 377 3921
673 3895 96 60 Nagoya 0 673 3895
631 3718 127 95 Fukuoka 0 631 3718
528 4768 66 50 Sapporo 0 528 4768
488 4235 111 105 Sendai 0 488 4235
265 3809 116 87 Hiroshima 0 265 3809
568 3875 78 141 Kyōto 0 568 3875
516 3837 149 108 Kōbe 0 516 3837
379 3934 74 80 Shinkawasaki 0 379 3934
750 3843 115 134 Hamamatsu 0 750 3843
366 2894 128 113 Zahana 0 366 2894
402 3834 95 53 Okayama 0 402 3834
662 3628 94 133 Kumamoto 0 662 3628
261 3874 114 121 Shizuoka 0 261 3874
400 4047 116 108 Utsunomiya 0 400 4047
248 4059 106 101 Nagano 0 248 4059
348 3947 113 117 Hachiōji 0 348 3947
324 4196 100 91 Niigata 0 324 4196
647 3493 130 69 Kagoshima 0 647 3493
644 4051 89 108 Kanazawa 0 644 4051
579 3873 113 71 Ōtsu 0 579 3873
288 3747 111 148 Mitsuhama 0 288 3747
638 3844 89 122 Tsu 0 638 3844
742 3680 53 144 Ōita 0 742 3680
460 3769 96 61 Tokushima 0 460 3769
515 3788 81 143 Wakayama 0 515 3788
582 3623 110 128 Nagasaki 0 582 3623
661 3922 56 115 Gifu 0 661 3922
489 4100 85 71 Iwaki 0 489 4100
610 4846 146 65 Asahikawa 0 610 4846
450 4022 129 120 Mito 0 450 4022
328 4030 57 136 Maebashi 0 328 4030
363 3974 142 118 Kawagoe 0 363 3974
363 3713 106 114 Kōchi 0 363 3713
412 3799 61 131 Takamatsu 0 412 3799
698 4063 94 103 Toyama 0 698 4063
728 3533 141 127 Miyazaki 0 728 3533
422 4396 146 123 Akita 0 422 4396
478 4624 101 133 Hakodate 0 478 4624
477 4518 90 76 Aomori 0 477 4518
512 4394 64 143 Morioka 0 512 4394
453 4178 102 125 Fukushima 0 453 4178
444 4231 136 132 Yamagata 0 444 4231
607 3989 149 150 Fuku 0 607 3989
683 3759 76 133 Shinkai 0 683 3759
287 4765 110 104 Ashino 0 287 4765
279 3949 70 124 Kōfu 0 279 3949
275 3790 51 114 Kure 0 275 3790
453 4495 146 124 Hiraokamachi 0 453 4495
680 4069 139 103 Takaoka 0 680 4069
323 3928 102 143 Matsue 0 323 3928
499 4684 107 142 Muroran 0 499 4684
430 3928 126 109 Tottori 0 430 3928
500 4781 127 85 Otaru 0 500 4781
732 4854 134 74 Kitami 0 732 4854
400 4308 91 135 Sakata 0 400 4308
397 4286 85 115 Tsuruoka 0 397 4286
533 3924 147 88 Naka-maizuru 0 533 3924
681 3474 66 127 Kasano 0 681 3474
537 4255 99 91 Onagawa_Chō 0 537 4255
293 3745 113 80 Matsuyama 0 293 3745
527 4494 135 102 Inuotose 0 527 4494
378 3973 143 150 Saitama 0 378 3973
551 3692 53 117 Hirado 0 551 3692
368 2900 54 80 Naha 0 368 2900
715 3853 126 55 Kozakai-chō 0 715 3853
576 3838 50 65 Nara 0 576 3838
525 4486 50 111 Furudate 0 525 4486
609 3992 137 70 Fukui 0 609 3992
541 4484 142 57 Uchimaru 0 541 4484
621 3677 128 112 Saga 0 621 3677
260 3705 50 118 Yawatahama-shi 0 260 3705
727 3785 141 51 Yamaguchi 0 727 3785
419 3939 83 64 Chiba 0 419 3939
254 3708 100 119 Ikata-chō 0 254 3708
