92
656 4791 25 18 Almaty 0 656 4791
549 4683 47 24 Shymkent 0 549 4683
363 5518 50 23 Qaraghandy 0 363 5518
693 4752 26 22 Taraz 0 693 4752
671 5671 28 15 Astana 0 671 5671
634 5794 45 27 Pavlodar 0 634 5794
614 5536 32 30 Öskemen 0 614 5536
447 5586 46 27 Semey 0 447 5586
697 4969 26 25 Qyzylorda 0 697 4969
513 5572 35 23 Aqtöbe 0 513 5572
542 5896 25 17 Qostanay 0 542 5896
509 6079 38 23 Petropavl 0 509 6079
525 5675 44 28 Oral 0 525 5675
567 5218 48 26 Atyraū 0 567 5218
354 5546 36 27 Temirtaū 0 354 5546
526 5903 49 19 Kökshetaū 0 526 5903
522 5730 37 22 Ekibastuz 0 522 5730
507 5869 43 24 Rudnyy 0 507 5869
407 5292 34 16 Zhezqazghan 0 407 5292
436 4794 38 15 Türkistan 0 436 4794
293 4988 27 16 Taldyqorghan 0 293 4988
499 5188 41 18 Balkhash 0 499 5188
415 5029 34 21 Sarqan 0 415 5029
459 4818 32 30 Kentaū 0 459 4818
678 5579 29 20 Ridder 0 678 5579
351 5568 48 20 Arqalyq 0 351 5568
303 5511 28 18 Zyryanovsk 0 303 5511
376 5783 40 25 Zhitiqara 0 376 5783
457 5312 38 24 Ayagöz 0 457 5312
484 4697 34 23 Arys 0 484 4697
399 4828 47 17 Shū 0 399 4828
666 4858 28 28 Qapshaghay 0 666 4858
619 4781 25 17 Qarataū 0 619 4781
273 5207 30 28 Qulsary 0 273 5207
420 4890 41 30 Zharkent 0 420 4890
455 5739 43 19 Atbasar 0 455 5739
697 4803 30 24 Esik 0 697 4803
639 5670 35 16 Aksay 0 639 5670
398 5183 45 17 Aral 0 398 5183
350 5005 36 30 Beyneu 0 350 5005
565 5212 44 28 Balyqshy 0 565 5212
319 4893 47 26 Shīeli 0 319 4893
523 5527 29 24 Alga 0 523 5527
530 5479 39 17 Oktyabr’sk 0 530 5479
694 5301 37 29 Shalqar 0 694 5301
564 5608 37 20 Shemonaīkha 0 564 5608
368 5720 30 29 Ereymentaū 0 368 5720
602 5567 36 16 Khromtaū 0 602 5567
573 4670 27 28 Lengir 0 573 4670
596 5832 35 18 Makīnsk 0 596 5832
355 4750 42 17 Oytal 0 355 4750
638 5322 45 26 Qarazhal 0 638 5322
650 4802 39 28 Boralday 0 650 4802
733 5015 34 23 Üshtöbe 0 733 5015
584 5037 39 21 Zhosaly 0 584 5037
694 5395 43 23 Atasū 0 694 5395
584 5409 30 24 Emba 0 584 5409
340 5259 28 28 Zaysan 0 340 5259
312 5664 26 18 Derzhavīnsk 0 312 5664
547 5215 39 25 Uryzhar 0 547 5215
673 5280 25 16 Maqat 0 673 5280
321 5759 30 24 Esil 0 321 5759
549 5966 40 29 Taiynsha 0 549 5966
313 4753 28 27 Qulan 0 313 4753
517 4820 46 20 Otar 0 517 4820
592 6085 26 21 Būlaevo 0 592 6085
341 5347 29 17 Aqadyr 0 341 5347
530 5909 49 17 Ertis 0 530 5909
503 5492 28 23 Shar 0 503 5492
543 5279 50 25 Makhambet 0 543 5279
646 4795 38 20 Zhangaözen 0 646 4795
701 5814 32 18 Aqsū 0 701 5814
633 5476 34 29 Zhänibek 0 633 5476
534 5473 36 17 Qarqaraly 0 534 5473
610 5812 47 25 Qusmuryn 0 610 5812
417 5393 46 18 Bayghanīn 0 417 5393
327 5603 27 29 Osakarovka 0 327 5603
370 5818 36 17 Bestöbe 0 370 5818
471 5838 40 21 Tobyl 0 471 5838
687 5735 40 27 Zholymbet 0 687 5735
324 5946 43 22 Kishkeneköl 0 324 5946
430 5068 40 18 Qazaly 0 430 5068
511 5560 47 28 Chapaev 0 511 5560
535 5498 42 21 Torghay 0 535 5498
441 4928 26 19 Fort-Shevchenko 0 441 4928
513 4833 25 23 Aqtaū 0 513 4833
393 5108 40 17 Saryshagan 0 393 5108
376 4821 33 26 Shongzhy 0 376 4821
665 5506 40 16 Serebryansk 0 665 5506
557 5720 25 30 Zhaltyr 0 557 5720
306 5819 49 30 Sharbaqty 0 306 5819
422 4976 31 16 Būrylbaytal 0 422 4976
