36
257 9858 124 59 Nairobi 0 257 9858
573 9551 50 86 Mombasa 0 573 9551
696 9988 76 58 Kisumu 0 696 9988
173 9968 78 107 Nakuru 0 173 9968
752 57 114 140 Eldoret 0 752 57
723 112 54 148 Kitale 0 723 112
307 9832 66 142 Machakos 0 307 9832
286 9883 86 87 Thika 0 286 9883
754 9959 56 70 Kericho 0 754 9959
624 9644 79 74 Malindi 0 624 9644
683 9960 120 82 Kendu_Bay 0 683 9960
594 9598 131 50 Kilifi 0 594 9598
735 9924 130 82 Sotik 0 735 9924
571 9949 150 52 Garissa 0 571 9949
695 31 133 128 Kakamega 0 695 31
327 9941 75 100 Embu 0 327 9941
673 62 111 145 Bungoma 0 673 62
271 9953 62 148 Nyeri 0 271 9953
350 5 146 69 Meru 0 350 5
617 193 91 113 Wajir 0 617 193
214 9920 110 83 Naivasha 0 214 9920
451 9624 64 132 Voi 0 451 9624
285 1 145 79 Nanyuki 0 285 1
697 9925 105 144 Kisii 0 697 9925
506 388 63 90 Moyale 0 506 388
711 9749 82 54 Lamu 0 711 9749
243 121 142 95 Maralal 0 243 121
788 345 100 106 Lodwar 0 788 345
803 5 62 150 Eldama_Ravine 0 803 5
387 257 55 58 Marsabit 0 387 257
254 9718 78 104 Namanga 0 254 9718
395 9896 121 83 Mwingi 0 395 9896
659 9735 70 118 Witu 0 659 9735
628 9906 111 79 Karungu 0 628 9906
291 9807 96 57 Konza 0 291 9807
440 9669 148 61 Tsavo 0 440 9669
