36
735 4319 146 150 P’yŏngch’ŏn 0 735 4319
709 4290 143 149 Namp’o 0 709 4290
378 4420 62 57 Hasu-dong 0 378 4420
381 4409 116 102 Hŭngnam 0 381 4409
564 4627 75 86 Ch’ŏngjin 0 564 4627
752 4368 122 61 Sunch’ŏn 0 752 4368
285 4205 113 104 Kaesŏng 0 285 4205
365 4334 57 81 Wŏnsan 0 365 4334
296 4538 86 146 Kanggye 0 296 4538
619 4439 137 98 Sinŭiju 0 619 4439
431 4583 85 76 Hyesan 0 431 4583
738 4213 110 65 Haeju 0 738 4213
516 4502 130 132 Kimch’aek-si 0 516 4502
272 4559 109 60 Manp’o 0 272 4559
740 4268 90 114 Sa-ri 0 740 4268
689 4396 134 108 Chŏngju 0 689 4396
527 4534 149 89 Kilju 0 527 4534
517 4674 85 53 Musan-ŭp 0 517 4674
347 4359 146 115 Tunjŏn 0 347 4359
707 4201 138 96 Ongjin 0 707 4201
274 4244 90 97 P’yŏnghwa-ri 0 274 4244
615 4688 102 95 Sŏnbong 0 615 4688
683 4235 123 146 Changyŏn 0 683 4235
711 4369 115 131 Sinhŭng-ni 0 711 4369
736 4523 118 106 Ch’osan-ŭp 0 736 4523
425 4523 105 116 Kŭmbanhyŏng 0 425 4523
705 4496 117 108 Taep’yŏng-ni 0 705 4496
741 4334 82 87 Yongsŏng_il-tong 0 741 4334
607 4678 137 87 Rajin 0 607 4678
738 4322 85 55 Pyongyang 0 738 4322
740 4265 83 138 Sariwŏn 0 740 4265
728 4253 99 64 Chaeryŏng-ŭp 0 728 4253
289 4539 68 134 Ŭijin-dong 0 289 4539
374 4419 107 145 Hamhŭng 0 374 4419
747 4348 72 123 P’yŏngsŏng 0 747 4348
293 4541 66 131 Hŭngju-dong 0 293 4541
