37
453 4692 45 20 Gjakovë 0 453 4692
516 4716 35 17 Graçanicë 0 516 4716
530 4691 43 29 Kllokot 0 530 4691
512 4690 26 18 Ferizaj 0 512 4690
515 4750 50 30 Podujevë 0 515 4750
485 4689 25 26 Suharekë 0 485 4689
529 4685 33 28 Viti 0 529 4685
524 4666 33 27 Hani_i_Elezit 0 524 4666
534 4718 41 26 Novobërdë 0 534 4718
477 4686 44 26 Mamushë 0 477 4686
471 4694 37 24 Rahovec 0 471 4694
521 4675 32 21 Kaçanik 0 521 4675
458 4736 45 28 Istog 0 458 4736
507 4723 49 22 Fushë_Kosovë 0 507 4723
486 4750 39 20 Zveçan 0 486 4750
478 4673 40 20 Prizren 0 478 4673
479 4703 35 15 Malishevë 0 479 4703
474 4751 43 19 Zubin_Potok 0 474 4751
514 4723 25 20 Pristina 0 514 4723
549 4704 25 28 Ranillug 0 549 4704
538 4701 41 17 Gjilan 0 538 4701
510 4707 48 22 Lipjan 0 510 4707
535 4694 49 19 Partesh 0 535 4694
491 4719 36 24 Gllogovc 0 491 4719
465 4718 33 25 Klinë 0 465 4718
482 4732 43 27 Skenderaj 0 482 4732
441 4723 37 20 Pejë 0 441 4723
489 4747 27 15 Mitrovicë 0 489 4747
547 4714 50 29 Kamenicë 0 547 4714
440 4702 46 21 Junik 0 440 4702
502 4676 45 30 Shtërpcë 0 502 4676
441 4709 29 29 Deçan 0 441 4709
503 4697 33 29 Shtime 0 503 4697
471 4652 35 22 Dragash 0 471 4652
483 4772 50 30 Leposaviq 0 483 4772
505 4726 45 16 Obiliq 0 505 4726
497 4741 25 30 Vushtrri 0 497 4741
