74
467 4746 85 69 Bishkek 0 467 4746
314 4487 109 51 Osh 0 314 4487
331 4533 65 128 Jalal-Abad 0 331 4533
524 4743 119 71 Tokmok 0 524 4743
405 4740 52 63 Kara-Balta 0 405 4740
285 4707 115 150 Karakol 0 285 4707
582 4586 69 150 Naryn 0 582 4586
597 4701 88 134 Balykchy 0 597 4701
273 4711 51 87 Talas 0 273 4711
329 4637 98 64 Toktogul 0 329 4637
267 4580 135 56 Tash-Kömür 0 267 4580
670 4723 57 71 Cholpon-Ata 0 670 4723
567 4557 52 95 At-Bashy 0 567 4557
348 4543 96 127 Kök-Janggak 0 348 4543
249 4457 80 139 Uch-Korgon 0 249 4457
693 4424 116 95 Ormosh 0 693 4424
252 4445 80 80 Kara-Dzhygach 0 252 4445
418 4584 107 118 Kazarman 0 418 4584
496 4568 70 118 Baetov 0 496 4568
350 4624 121 95 Üch-Terek 0 350 4624
562 4673 107 56 Kochkor 0 562 4673
561 4410 62 131 Toguz-Bulak 0 561 4410
459 4641 62 97 Chaek 0 459 4641
707 4587 127 87 Ala-Buka 0 707 4587
323 4529 67 62 Suzak 0 323 4529
531 4416 107 141 Ak-Suu 0 531 4416
248 4459 110 75 Kara-Döbö 0 248 4459
473 4748 137 57 Lebedinovka 0 473 4748
676 4429 97 133 Boz-Adyr 0 676 4429
310 4545 90 76 Bazar-Korgon 0 310 4545
746 4458 135 82 Markaz 0 746 4458
523 4740 62 86 Chüy 0 523 4740
284 4733 79 70 Tüp 0 284 4733
664 4664 146 135 Bökönbaev 0 664 4664
730 4597 130 68 Kerben 0 730 4597
724 4454 142 132 Khalmion 0 724 4454
253 4692 54 149 Kyzyl-Suu 0 253 4692
713 4734 138 85 Pokrovka 0 713 4734
626 4424 98 97 Ak-Tatyr 0 626 4424
733 4437 129 70 Kyzyl-Bulak 0 733 4437
427 4742 114 91 Belovodskoe 0 427 4742
554 4439 52 63 Kulundu 0 554 4439
296 4708 90 56 Teploklyuchenka 0 296 4708
367 4463 53 131 Gülchö 0 367 4463
443 4744 95 135 Sokuluk 0 443 4744
319 4508 95 55 Kara-Suu 0 319 4508
631 4428 72 95 Samarkandyk 0 631 4428
288 4488 144 78 Aravan 0 288 4488
630 4414 59 92 Ak-Say 0 630 4414
654 4447 86 146 Kara-Bak 0 654 4447
380 4498 115 121 Kara-Kulja 0 380 4498
712 4456 144 52 Alga 0 712 4456
680 4419 121 82 Tayan 0 680 4419
580 4431 54 70 Tsentral’noye 0 580 4431
545 4410 102 122 Isfana 0 545 4410
699 4464 78 64 Kyrgyz-Kyshtak 0 699 4464
655 4436 116 61 Batken 0 655 4436
673 4625 121 76 Kanysh-Kyya 0 673 4625
487 4748 55 92 Kant 0 487 4748
506 4748 105 122 Ivanovka 0 506 4748
270 4714 145 131 Ivanovo-Alekseyevka 0 270 4714
539 4402 59 64 Andarak 0 539 4402
297 4460 84 90 Eski-Nookat 0 297 4460
301 4548 73 75 Massy 0 301 4548
740 4708 145 96 Leninpol’ 0 740 4708
656 4429 55 108 Buzhum 0 656 4429
556 4737 135 71 Kemin 0 556 4737
569 4431 122 138 Beshkent 0 569 4431
657 4441 138 60 Chek 0 657 4441
712 4721 61 68 Kyzyl-Adyr 0 712 4721
391 4742 88 123 Kayyngdy 0 391 4742
579 4415 51 132 Korgon 0 579 4415
727 4437 54 54 Orozbekov 0 727 4437
586 4410 125 101 Katran 0 586 4410
