44
245 1988 103 119 Vientiane 0 245 1988
199 2201 148 81 Louangphabang 0 199 2201
585 1671 58 141 Pakxé 0 585 1671
473 1831 137 148 Savannakhét 0 473 1831
479 1923 64 84 Thakhèk 0 479 1923
400 2257 82 56 Xam_Nua 0 400 2257
784 2131 132 123 Xaignabouli 0 784 2131
594 1646 101 109 Champasak 0 594 1646
644 2246 117 99 Ban_Houaynon 0 644 2246
200 2400 55 108 Phôngsali 0 200 2400
651 1738 139 120 Salavan 0 651 1738
328 2138 96 88 Xiangkhoang 0 328 2138
697 1638 95 68 Attapu 0 697 1638
749 2318 114 107 Louang_Namtha 0 749 2318
471 2015 134 146 Muang_Khamkeut 0 471 2015
647 2242 54 108 Ban_Houayxay 0 647 2242
810 2290 138 136 Muang_Xai 0 810 2290
457 1944 121 135 Muang_Hinboun 0 457 1944
783 1982 91 103 Muang_Sanakham 0 783 1982
591 1560 79 134 Không 0 591 1560
689 2319 110 72 Muang_Long 0 689 2319
365 2052 145 126 Borikhan 0 365 2052
299 2090 70 120 Xaisomboun 0 299 2090
263 2342 133 70 Ban_Namnga 0 263 2342
755 2272 133 62 Muang_Nalè 0 755 2272
204 2187 111 81 Ban_Xiang-Ngeun 0 204 2187
681 1705 97 135 Lamam 0 681 1705
358 2033 129 69 Muang_Pakxan 0 358 2033
754 1962 59 63 Muang_Kènthao 0 754 1962
211 2128 137 80 Muang_Kasi 0 211 2128
570 1669 115 91 Phônthong 0 570 1669
312 2151 56 60 Muang_Phônsavan 0 312 2151
226 2046 148 124 Muang_Phôn-Hông 0 226 2046
609 1828 144 146 Muang_Phin 0 609 1828
240 2332 85 115 Khoa 0 240 2332
199 2310 68 99 Ban_Pakla 0 199 2310
722 2344 108 75 Muang_Sing 0 722 2344
395 2091 125 63 Muang_Mok 0 395 2091
632 1678 82 90 Pakxong 0 632 1678
393 2026 118 132 Pakkading 0 393 2026
708 1638 103 71 Ban_Fangdèng 0 708 1638
670 1623 56 101 Ban_Hatgnao 0 670 1623
530 1846 100 132 Ban_Dônghén 0 530 1846
419 2256 150 129 Viangxai 0 419 2256
