113
323 6315 37 25 Riga 0 323 6315
470 6193 45 20 Daugavpils 0 470 6193
501 6263 47 29 Liepāja 0 501 6263
666 6281 26 17 Jelgava 0 666 6281
534 6360 49 28 Ventspils 0 534 6360
519 6261 32 17 Rēzekne 0 519 6261
359 6330 28 18 Inčukalns 0 359 6330
331 6301 35 28 Ķekava 0 331 6301
440 6403 33 27 Valka 0 440 6403
357 6337 47 15 Loja 0 357 6337
320 6310 49 29 Mārupe 0 320 6310
396 6344 43 22 Drabeši 0 396 6344
328 6276 49 22 Iecava 0 328 6276
342 6404 25 21 Salacgrīva 0 342 6404
360 6291 46 22 Ķegums 0 360 6291
370 6336 50 17 Sigulda 0 370 6336
623 6289 45 27 Jaunpils 0 623 6289
534 6315 47 25 Alsunga 0 534 6315
646 6261 30 15 Tērvete 0 646 6261
595 6345 47 24 Talsi 0 595 6345
458 6313 44 28 Cesvaine 0 458 6313
394 6352 43 20 Cēsis 0 394 6352
400 6376 50 25 Kocēni 0 400 6376
403 6279 49 20 Koknese 0 403 6279
580 6374 37 23 Dundaga 0 580 6374
401 6353 32 22 Priekuļi 0 401 6353
608 6374 38 30 Roja 0 608 6374
416 6355 43 22 Rauna 0 416 6355
374 6404 47 28 Aloja 0 374 6404
509 6224 36 22 Rucava 0 509 6224
365 6288 28 21 Lielvārde 0 365 6288
409 6372 37 26 Murmuiža 0 409 6372
469 6228 39 21 Vecvārkava 0 469 6228
326 6255 40 22 Bauska 0 326 6255
416 6307 25 23 Ērgļi 0 416 6307
483 6274 50 21 Varakļāni 0 483 6274
335 6313 45 23 Ulbroka 0 335 6313
384 6415 42 28 Mazsalaca 0 384 6415
482 6306 33 18 Lubāna 0 482 6306
347 6301 32 25 Ikšķile 0 347 6301
361 6339 45 19 Ragana 0 361 6339
382 6275 26 22 Jaunjelgava 0 382 6275
544 6266 40 20 Ludza 0 544 6266
496 6267 48 16 Viļāni 0 496 6267
510 6267 41 29 Grobiņa 0 510 6267
400 6418 30 22 Rūjiena 0 400 6418
502 6364 25 24 Alūksne 0 502 6364
501 6220 35 20 Aglona 0 501 6220
396 6396 43 30 Burtnieki 0 396 6396
511 6305 43 22 Pāvilosta 0 511 6305
541 6293 33 23 Kārsava 0 541 6293
665 6315 33 16 Jūrmala 0 665 6315
533 6216 25 16 Dagda 0 533 6216
382 6359 29 21 Stalbe 0 382 6359
642 6314 29 23 Smārde 0 642 6314
627 6356 46 24 Mērsrags 0 627 6356
449 6247 29 29 Līvāni 0 449 6247
429 6319 39 21 Vecpiebalga 0 429 6319
442 6338 29 28 Jaunpiebalga 0 442 6338
591 6281 40 24 Saldus 0 591 6281
363 6376 26 29 Limbaži 0 363 6376
539 6311 44 29 Baltinava 0 539 6311
482 6238 30 15 Preiļi 0 482 6238
393 6274 36 18 Aizkraukle 0 393 6274
484 6337 36 26 Gulbene 0 484 6337
554 6267 28 18 Cibla 0 554 6267
508 6317 30 23 Rugāji 0 508 6317
433 6366 37 25 Smiltene 0 433 6366
487 6243 43 17 Riebiņi 0 487 6243
536 6286 43 21 Aizpute 0 536 6286
631 6315 32 21 Tukums 0 631 6315
340 6291 42 16 Baldone 0 340 6291
410 6245 36 28 Viesīte 0 410 6245
343 6325 49 28 Garkalne 0 343 6325
520 6271 49 23 Lieģi 0 520 6271
515 6332 45 22 Balvi 0 515 6332
452 6300 48 19 Madona 0 452 6300
569 6249 42 16 Zilupe 0 569 6249
558 6314 41 27 Kuldīga 0 558 6314
421 6387 40 18 Strenči 0 421 6387
424 6264 42 17 Sala 0 424 6264
679 6297 45 28 Olaine 0 679 6297
422 6225 37 16 Aknīste 0 422 6225
504 6245 34 19 Nīca 0 504 6245
429 6260 41 27 Jēkabpils 0 429 6260
616 6259 38 15 Auce 0 616 6259
540 6338 36 25 Viļaka 0 540 6338
553 6254 50 26 Vaiņode 0 553 6254
376 6320 48 16 Mālpils 0 376 6320
353 6299 34 29 Ogre 0 353 6299
456 6203 31 19 Ilūkste 0 456 6203
607 6323 49 15 Kandava 0 607 6323
670 6285 39 24 Ozolnieki 0 670 6285
335 6335 33 23 Carnikava 0 335 6335
510 6194 49 24 Krāslava 0 510 6194
404 6379 40 29 Valmiera 0 404 6379
338 6328 26 16 Ādaži 0 338 6328
408 6416 38 23 Naukšēni 0 408 6416
314 6256 27 17 Pilsrundāle 0 314 6256
639 6277 44 23 Dobele 0 639 6277
480 6376 37 24 Ape 0 480 6376
338 6305 46 15 Salaspils 0 338 6305
356 6316 45 30 Ropaži 0 356 6316
593 6285 48 17 Brocēni 0 593 6285
385 6279 41 18 Skrīveri 0 385 6279
562 6282 42 24 Skrunda 0 562 6282
535 6254 41 16 Priekule 0 535 6254
344 6349 26 21 Saulkrasti 0 344 6349
382 6345 30 17 Līgatne 0 382 6345
421 6275 33 26 Pļaviņas 0 421 6275
395 6230 34 23 Nereta 0 395 6230
347 6276 38 19 Vecumnieki 0 347 6276
677 6314 34 25 Piņķi 0 677 6314
