28
732 3750 139 98 Beirut 0 732 3750
720 3715 69 96 Sidon 0 720 3715
731 3694 84 115 Nabatîyé_el_Faouqa 0 731 3694
768 3749 117 78 Zahlé 0 768 3749
735 3743 111 122 Bsaba 0 735 3743
735 3746 137 148 Baabda 0 735 3746
740 3743 94 59 Aaley 0 740 3743
232 3826 136 148 Halba 0 232 3826
749 3698 76 130 Hâsbaïya 0 749 3698
739 3714 82 139 Jezzîne 0 739 3714
737 3752 122 84 Jdaidet_el_Matn 0 737 3752
758 3724 85 83 Joubb_Jannîne 0 758 3724
730 3696 96 149 Nabatîyé 0 730 3696
739 3731 82 138 Beït_ed_Dîne 0 739 3731
744 3793 128 132 Batroûn 0 744 3793
758 3798 105 75 Amioûn 0 758 3798
243 3766 90 95 Baalbek 0 243 3766
741 3694 87 134 Marjayoûn 0 741 3694
741 3763 121 140 Joünié 0 741 3763
224 3794 78 132 Bcharré 0 224 3794
744 3778 51 55 Jbaïl 0 744 3778
761 3814 124 96 Tripoli 0 761 3814
227 3808 144 69 Sîr_ed_Danniyé 0 227 3808
766 3810 109 122 Zghartā 0 766 3810
259 3808 134 107 El_Hermel 0 259 3808
727 3667 150 66 Bent_Jbaïl 0 727 3667
704 3683 107 56 Tyre 0 704 3683
764 3710 122 56 Râchaïya_el_Ouadi 0 764 3710
