106
292 5499 30 24 Luxembourg 0 292 5499
295 5527 28 22 Diekirch 0 295 5527
315 5505 27 27 Grevenmacher 0 315 5505
715 5497 25 29 Dippach 0 715 5497
709 5489 36 30 Differdange 0 709 5489
708 5493 43 27 Pétange 0 708 5493
284 5521 49 29 Vichten 0 284 5521
713 5534 44 25 Gœsdorf 0 713 5534
714 5517 44 16 Useldange 0 714 5517
299 5535 35 15 Vianden 0 299 5535
312 5498 40 30 Wormeldange 0 312 5498
304 5518 33 16 Waldbillig 0 304 5518
303 5487 28 26 Mondorf-les-Bains 0 303 5487
716 5491 25 18 Mondercange 0 716 5491
711 5492 36 28 Sanem 0 711 5492
299 5499 43 22 Sandweiler 0 299 5499
702 5529 38 25 Boulaide 0 702 5529
293 5510 40 30 Lintgen 0 293 5510
287 5494 48 16 Leudelange 0 287 5494
309 5497 27 25 Lenningen 0 309 5497
710 5494 26 23 Bascharage 0 710 5494
290 5521 29 16 Colmar-Berg 0 290 5521
715 5503 33 18 Capellen 0 715 5503
314 5508 50 22 Manternach 0 314 5508
309 5491 44 18 Remich 0 309 5491
303 5527 30 22 Reisdorf 0 303 5527
708 5516 44 19 Redange-sur-Attert 0 708 5516
288 5505 42 24 Kopstal 0 288 5505
293 5504 40 16 Walferdange 0 293 5504
303 5492 34 15 Waldbredimus 0 303 5492
308 5504 47 26 Flaxweiler 0 308 5504
297 5513 25 16 Fischbach 0 297 5513
289 5519 40 28 Bissen 0 289 5519
310 5508 29 21 Biwer 0 310 5508
714 5541 49 19 Wilwerwiltz 0 714 5541
302 5500 30 19 Schuttrange 0 302 5500
707 5539 47 23 Winseler 0 707 5539
708 5548 40 23 Wincrange 0 708 5548
296 5488 42 25 Frisange 0 296 5488
285 5482 45 17 Rumelange 0 285 5482
320 5519 37 25 Rosport 0 320 5519
294 5494 35 21 Hesperange 0 294 5494
309 5521 41 19 Berdorf 0 309 5521
301 5491 45 20 Dalheim 0 301 5491
704 5533 37 22 Bavigne 0 704 5533
309 5493 30 16 Stadtbredimus 0 309 5493
713 5509 41 18 Septfontaines 0 713 5509
705 5516 45 23 Ell 0 705 5516
299 5520 31 25 Medernach 0 299 5520
295 5538 28 18 Putscheid 0 295 5538
704 5523 31 30 Rambrouch 0 704 5523
283 5494 43 26 Reckange-sur-Mess 0 283 5494
713 5523 33 23 Grosbous 0 713 5523
299 5517 28 21 Larochette 0 299 5517
710 5539 27 19 Wiltz 0 710 5539
292 5527 42 28 Erpeldange 0 292 5527
715 5486 47 16 Esch-sur-Alzette 0 715 5486
710 5532 32 16 Esch-sur-Sûre 0 710 5532
291 5523 48 18 Schieren 0 291 5523
285 5517 32 28 Boevange-sur-Attert 0 285 5517
305 5523 39 23 Beaufort 0 305 5523
310 5513 39 18 Bech 0 310 5513
308 5483 36 29 Schengen 0 308 5483
314 5520 25 29 Echternach 0 314 5520
715 5512 47 20 Saeul 0 715 5512
302 5503 36 27 Niederanven 0 302 5503
293 5491 45 28 Roeser 0 293 5491
293 5508 43 15 Lorentzweiler 0 293 5508
286 5499 46 27 Bertrange 0 286 5499
710 5508 33 23 Hobscheid 0 710 5508
285 5486 39 30 Kayl 0 285 5486
286 5505 38 28 Kehlen 0 286 5505
713 5500 36 23 Garnich 0 713 5500
308 5516 46 28 Consdorf 0 308 5516
299 5495 29 18 Contern 0 299 5495
301 5515 31 24 Heffingen 0 301 5515
710 5505 31 23 Steinfort 0 710 5505
292 5506 27 18 Steinsel 0 292 5506
288 5500 32 15 Strassen 0 288 5500
318 5507 37 21 Mertert 0 318 5507
291 5514 40 29 Mersch 0 291 5514
284 5524 47 29 Mertzig 0 284 5524
290 5557 37 27 Weiswampach 0 290 5557
317 5513 40 17 Mompach 0 317 5513
291 5525 25 20 Ettelbruck 0 291 5525
291 5544 26 18 Hosingen 0 291 5544
708 5512 37 21 Beckerich 0 708 5512
289 5532 26 18 Bourscheid 0 289 5532
712 5506 46 17 Koerich 0 712 5506
283 5488 50 24 Schifflange 0 283 5488
306 5492 45 23 Bous 0 306 5492
301 5509 28 26 Junglinster 0 301 5509
287 5548 40 26 Clervaux 0 287 5548
285 5556 39 18 Troisvierges 0 285 5556
708 5524 43 19 Wahl 0 708 5524
284 5511 34 23 Tuntange 0 284 5511
297 5531 43 21 Tandel 0 297 5531
289 5484 27 18 Dudelange 0 289 5484
285 5501 49 27 Mamer 0 285 5501
711 5520 47 28 Bettborn 0 711 5520
300 5528 48 20 Bettendorf 0 300 5528
308 5506 26 27 Betzdorf 0 308 5506
290 5489 29 15 Bettembourg 0 290 5489
297 5491 37 24 Weiler-la-Tour 0 297 5491
296 5518 38 21 Nommern 0 296 5518
287 5526 34 20 Niederfeulen 0 287 5526
