71
535 4649 62 102 Skopje 0 535 4649
497 4650 52 52 Tetovo 0 497 4650
528 4542 57 66 Bitola 0 528 4542
625 4637 117 113 Vinica 0 625 4637
607 4636 143 89 Češinovo 0 607 4636
604 4584 92 98 Demir_Kapija 0 604 4584
621 4610 115 90 Radoviš 0 621 4610
535 4644 69 84 Sopište 0 535 4644
578 4603 84 89 Gradsko 0 578 4603
637 4592 79 146 Vasilevo 0 637 4592
520 4579 57 116 Kruševo 0 520 4579
500 4548 82 113 Resen 0 500 4548
548 4637 83 113 Zelenikovo 0 548 4637
626 4555 133 101 Gevgelija 0 626 4555
631 4653 131 63 Makedonska_Kamenica 0 631 4653
564 4618 111 117 Veles 0 564 4618
578 4635 93 99 Sveti_Nikole 0 578 4635
657 4586 123 67 Novo_Selo 0 657 4586
657 4625 52 76 Pehčevo 0 657 4625
510 4590 78 57 Plasnica 0 510 4590
492 4641 53 141 Bogovinje 0 492 4641
465 4565 148 99 Vevčani 0 465 4565
602 4630 65 112 Karbinci 0 602 4630
615 4594 125 146 Konče 0 615 4594
496 4595 76 136 Kičevo 0 496 4595
472 4558 50 92 Struga 0 472 4558
617 4641 83 75 Kočani 0 617 4641
466 4606 118 118 Rostuša 0 466 4606
578 4596 148 82 Rosoman 0 578 4596
504 4658 105 89 Tearce 0 504 4658
584 4587 92 121 Kavadarci 0 584 4587
568 4672 116 53 Staro_Nagoričane 0 568 4672
575 4626 121 52 Lozovo 0 575 4626
498 4646 107 116 Brvenica 0 498 4646
517 4563 107 113 Demir_Hisar 0 517 4563
546 4577 105 126 Prilep 0 546 4577
632 4562 84 145 Bogdanci 0 632 4562
637 4588 84 119 Strumica 0 637 4588
597 4659 51 54 Kratovo 0 597 4659
531 4661 65 125 Čučer-Sandevo 0 531 4661
644 4560 91 81 Star_Dojran 0 644 4560
610 4672 116 85 Kriva_Palanka 0 610 4672
550 4643 64 149 Petrovec 0 550 4643
546 4652 66 100 Aračinovo 0 546 4652
644 4589 127 95 Bosilovo 0 644 4589
517 4595 56 144 Makedonski_Brod 0 517 4595
597 4650 144 136 Probištip 0 597 4650
592 4669 148 133 Rankovce 0 592 4669
630 4575 80 71 Valandovo 0 630 4575
490 4631 73 73 Vrapčište 0 490 4631
548 4667 58 56 Lipkovo 0 548 4667
537 4586 140 51 Dolneni 0 537 4586
654 4618 146 140 Berovo 0 654 4618
527 4576 106 94 Krivogaštani 0 527 4576
591 4593 62 117 Negotino 0 591 4593
483 4551 99 74 Ohrid 0 483 4551
557 4611 55 132 Čaška 0 557 4611
543 4640 144 52 Studeničani 0 543 4640
599 4621 74 69 Štip 0 599 4621
485 4572 134 102 Belčišta 0 485 4572
538 4543 92 93 Novaci 0 538 4543
531 4550 72 88 Mogila 0 531 4550
647 4647 60 67 Delčevo 0 647 4647
548 4649 66 126 Ilinden 0 548 4649
492 4627 83 73 Gostivar 0 492 4627
505 4647 101 78 Želino 0 505 4647
463 4592 112 72 Centar_Župa 0 463 4592
559 4664 74 73 Kumanovo 0 559 4664
460 4597 120 136 Debar 0 460 4597
619 4634 65 140 Zrnovci 0 619 4634
510 4657 106 134 Jegunovce 0 510 4657
