31
585 8455 49 28 Lilongwe 0 585 8455
715 8253 42 15 Blantyre 0 715 8253
611 8734 35 25 Mzuzu 0 611 8734
743 8399 42 17 Mangochi 0 743 8399
748 8297 32 29 Zomba 0 748 8297
658 8477 25 18 Simewa 0 658 8477
640 8570 50 16 Nkhotakota 0 640 8570
602 8901 49 29 Karonga 0 602 8901
730 8169 36 20 Chiromo 0 730 8169
641 8716 46 28 Nkhata_Bay 0 641 8716
741 8128 40 16 Nsanje 0 741 8128
564 8684 43 30 Mzimba 0 564 8684
489 8483 38 19 Mchinji 0 489 8483
767 8226 31 28 Mulanje 0 767 8226
643 8409 44 26 Dedza 0 643 8409
530 8927 36 20 Chitipa 0 530 8927
663 8273 25 29 Mwanza 0 663 8273
676 8361 29 20 Ntcheu 0 676 8361
734 8263 44 29 Chiradzulu 0 734 8263
766 8338 30 17 Machinga 0 766 8338
692 8225 38 22 Chikwawa 0 692 8225
783 8250 48 20 Phalombe 0 783 8250
608 8521 36 26 Ntchisi 0 608 8521
552 8558 37 29 Kasungu 0 552 8558
710 8341 46 30 Balaka 0 710 8341
488 8474 37 21 Mchinji 0 488 8474
593 8781 49 24 Rumphi 0 593 8781
677 8296 43 27 Neno 0 677 8296
657 8475 36 27 Salima 0 657 8475
601 8490 31 25 Dowa 0 601 8490
729 8222 34 25 Thyolo 0 729 8222
