40
647 598 133 50 George_Town 0 647 598
800 350 141 66 Kuala_Lumpur 0 800 350
361 162 129 56 Johor_Bahru 0 361 162
651 596 110 115 Butterworth 0 651 596
193 243 61 138 Melaka 0 193 243
731 507 128 70 Ipoh 0 731 507
425 156 53 131 Kuching 0 425 156
397 660 74 95 Kota_Kinabalu 0 397 660
191 676 103 81 Kampong_Baharu 0 191 676
781 341 84 93 Shah_Alam 0 781 341
623 645 53 128 Sandakan 0 623 645
829 299 56 100 Seremban_Garden 0 829 299
314 421 85 72 Kuantan 0 314 421
662 620 67 133 Kampung_Sungai_Pasir 0 662 620
293 589 141 116 Kuala_Terengganu 0 293 589
650 676 128 110 Alor_Setar 0 650 676
598 469 93 121 Tawau 0 598 469
692 536 137 141 Taiping 0 692 536
167 488 54 107 Miri 0 167 488
590 254 79 139 Sibu 0 590 254
270 205 112 63 Batu_Pahat 0 270 205
229 226 62 68 Muar 0 229 226
314 223 85 90 Kluang 0 314 223
725 350 149 77 Bintulu 0 725 350
647 555 144 118 Lahad_Datu 0 647 555
724 445 55 126 Teluk_Intan 0 724 445
324 469 55 61 Cukai 0 324 469
632 712 109 76 Kangar 0 632 712
817 419 51 106 Raub 0 817 419
172 463 102 120 Kuala_Lipis 0 172 463
772 335 68 94 Klang 0 772 335
826 302 123 83 Seremban 0 826 302
183 667 58 138 Kampung_Lemal 0 183 667
425 171 121 77 Kuching 0 425 171
195 659 65 65 Ketereh 0 195 659
186 685 57 142 Tumpat 0 186 685
305 583 87 59 Victoria 0 305 583
183 669 88 94 Pasir_Mas 0 183 669
194 678 103 69 Kota_Bharu 0 194 678
193 649 107 75 Pulai_Chondong 0 193 649
