57
608 1398 54 149 Bamako 0 608 1398
208 1251 71 55 Sikasso 0 208 1251
801 1486 91 118 Ségou 0 801 1486
815 1801 99 74 Gao 0 815 1801
371 1602 114 133 Mopti 0 371 1602
232 1371 95 66 Koutiala 0 232 1371
236 1598 117 71 Kayes 0 236 1598
499 1854 102 127 Timbuktu 0 499 1854
600 1409 87 52 Kati 0 600 1409
817 1516 52 118 Markala 0 817 1516
446 1441 130 146 Kita 0 446 1441
294 1471 113 94 San 0 294 1471
665 1262 143 51 Bougouni 0 665 1262
331 1537 145 150 Djenné 0 331 1537
667 1498 88 60 Banamba 0 667 1498
781 1871 128 73 Bourèm_Guindou 0 781 1871
301 1527 121 52 Bafoulabé 0 301 1527
656 1422 118 128 Koulikoro 0 656 1422
684 1677 77 63 Nara 0 684 1677
563 1319 82 149 Kangaba 0 563 1319
436 1759 141 78 Ménaka 0 436 1759
275 2153 147 60 Aguelhok 0 275 2153
428 1814 65 88 Goundam 0 428 1814
292 2234 88 79 Tessalit 0 292 2234
809 1630 64 112 Sokolo 0 809 1630
444 2090 86 120 Araouane 0 444 2090
399 2507 60 65 Taoudenni 0 399 2507
330 1672 133 58 Yélimané 0 330 1672
237 1395 104 73 Satadougou 0 237 1395
197 1167 124 82 Kadiolo 0 197 1167
364 1699 70 77 Youwarou 0 364 1699
782 1876 147 70 Bourem 0 782 1876
735 1446 117 71 Barouéli 0 735 1446
491 1554 99 103 Koro 0 491 1554
730 1226 108 137 Kolondiéba 0 730 1226
444 1556 74 57 Bankass 0 444 1556
200 1433 116 88 Bla 0 200 1433
177 1577 144 102 Niono 0 177 1577
368 2114 135 143 Abeïbara 0 368 2114
293 1599 138 127 Ténenkou 0 293 1599
740 1380 126 55 Dioila 0 740 1380
306 1366 93 147 Yorosso 0 306 1366
327 1469 84 73 Tominian 0 327 1469
393 1761 56 139 Niafunké 0 393 1761
457 1797 148 86 Diré 0 457 1797
256 1420 83 101 Kéniéba 0 256 1420
331 2039 146 107 Kidal 0 331 2039
434 1586 62 137 Bandiagara 0 434 1586
604 1500 133 126 Kolokani 0 604 1500
245 1545 60 65 Ké-Macina 0 245 1545
479 1607 50 113 Diéma 0 479 1607
232 1732 83 81 Ansongo 0 232 1732
436 1683 118 119 Nioro 0 436 1683
592 1236 127 139 Yanfolila 0 592 1236
505 1658 96 131 Douentza 0 505 1658
614 1866 137 102 Gourma_Rharous 0 614 1866
445 2040 120 90 Ti-n-Essako 0 445 2040
