1189
485 2148 86 130 Mexico_City 0 485 2148
667 2286 83 91 Guadalajara 0 667 2286
367 2840 106 113 Monterrey 0 367 2840
583 2105 73 128 Puebla 0 583 2105
499 3596 130 116 Tijuana 0 499 3596
432 2132 51 122 Toluca 0 432 2132
222 2338 137 137 León_de_los_Aldama 0 222 2338
359 3511 95 132 Ciudad_Juárez 0 359 3511
658 2826 125 145 Torreon 0 658 2826
498 2145 131 70 Ciudad_Nezahualcóyotl 0 498 2145
295 2450 54 97 San_Luis_Potosí 0 295 2450
227 2321 65 63 Mérida 0 227 2321
354 2278 110 89 Querétaro 0 354 2278
644 3613 145 110 Mexicali 0 644 3613
780 2422 121 99 Aguascalientes 0 780 2422
616 2464 117 108 Tampico 0 616 2464
475 2093 60 120 Cuernavaca 0 475 2093
258 2743 125 63 Culiacán 0 258 2743
394 3167 116 119 Chihuahua 0 394 3167
298 2813 55 89 Saltillo 0 298 2813
407 1865 136 123 Acapulco_de_Juárez 0 407 1865
271 2179 74 54 Morelia 0 271 2179
502 3219 101 143 Hermosillo 0 502 3219
800 2123 101 82 Veracruz 0 800 2123
517 2341 92 52 Cancún 0 517 2341
650 2862 149 117 Matamoros 0 650 2862
742 1888 94 121 Oaxaca 0 742 1888
584 2136 113 80 Tlaxcala 0 584 2136
583 3208 148 65 Mazatán 0 583 3208
571 2884 66 137 Reynosa 0 571 2884
534 2656 135 109 Durango 0 534 2656
718 2162 104 140 Xalapa 0 718 2162
507 1988 123 121 Villahermosa 0 507 1988
651 2828 52 74 Gomez_Palacio 0 651 2828
310 2270 104 54 Celaya 0 310 2270
356 2569 107 72 Mazatlán 0 356 2569
700 2085 147 64 Orizaba 0 700 2085
448 3040 148 68 Nuevo_Laredo 0 448 3040
254 2288 149 90 Irapuato 0 254 2288
526 2224 78 70 Pachuca 0 526 2224
510 2378 84 118 Tepic 0 510 2378
604 3040 140 66 Ciudad_Obregón 0 604 3040
347 2005 64 134 Coatzacoalcos 0 347 2005
485 2625 124 73 Ciudad_Victoria 0 485 2625
809 2148 83 88 Uruapan 0 809 2148
537 3526 144 73 Ensenada 0 537 3526
661 2270 148 64 Poza_Rica_de_Hidalgo 0 661 2270
501 2188 54 105 Zumpango 0 501 2188
700 2854 135 82 Los_Mochis 0 700 2854
669 2041 119 72 Tehuacán 0 669 2041
259 2978 105 111 Monclova 0 259 2978
749 2519 128 108 Zacatecas 0 749 2519
633 2128 75 62 Colima 0 633 2128
579 1647 88 110 Tapachula 0 579 1647
717 2089 115 95 Córdoba 0 717 2089
784 2212 104 123 Zamora 0 784 2212
759 2196 133 94 Campeche 0 759 2196
335 1990 143 64 Minatitlan 0 335 1990
271 2276 89 93 Salamanca 0 271 2276
619 2463 65 130 Ciudad_Madero 0 619 2463
571 2670 89 67 La_Paz 0 571 2670
475 2279 95 124 Puerto_Vallarta 0 475 2279
538 1849 97 77 San_Cristóbal_de_las_Casas 0 538 1849
446 1940 75 77 Chilpancingo 0 446 1940
505 3464 141 82 Nogales 0 505 3464
671 2192 118 92 Teziutlan 0 671 2192
794 1989 117 84 Ciudad_Lázaro_Cárdenas 0 794 1989
624 2062 76 136 Ciudad_del_Carmen 0 624 2062
362 2047 56 58 Chetumal 0 362 2047
396 2254 115 68 San_Juan_del_Río 0 396 2254
346 3178 70 135 Ejido_Piedras_Negras 0 346 3178
654 2995 84 135 Navojoa 0 654 2995
498 2432 60 107 Ciudad_Valles 0 498 2432
453 3118 131 104 Delicias 0 453 3118
265 2325 126 125 Guanajuato 0 265 2325
572 2106 101 68 Manzanillo 0 572 2106
664 2313 72 58 Tuxpilla 0 664 2313
536 1693 57 98 Escuintla 0 536 1693
722 2563 111 92 El_Fresno 0 722 2563
510 3088 80 135 Heroica_Guaymas 0 510 3088
757 2828 144 149 Guasavito 0 757 2828
195 2364 78 59 Lagos_de_Moreno 0 195 2364
661 2179 67 63 Ciudad_Guzmán 0 661 2179
615 2095 121 111 Tecomán 0 615 2095
317 3143 130 135 Cuauhtémoc 0 317 3143
638 3467 55 95 Agua_Prieta 0 638 3467
264 1792 147 67 Salina_Cruz 0 264 1792
502 2515 83 144 Ciudad_Mante 0 502 2515
521 2350 64 148 Tamazunchale 0 521 2350
397 2425 58 144 Ríoverde 0 397 2425
332 2616 126 69 Matehuala 0 332 2616
337 2178 77 99 Ciudad_Hidalgo 0 337 2178
794 2819 131 53 Guamúchil 0 794 2819
442 2749 114 136 Linares 0 442 2749
389 3398 141 55 Heroica_Caborca 0 389 3398
220 3369 93 117 Nuevo_Casas_Grandes 0 220 3369
702 2850 87 51 San_Pedro_de_Las_Colonias 0 702 2850
374 2288 146 60 Valladolid 0 374 2288
629 1969 148 99 Ciudad_de_Huajuapam_de_León 0 629 1969
567 2189 107 110 Autlán 0 567 2189
223 2355 121 51 Progreso 0 223 2355
259 1805 104 113 Santo_Domingo_Tehuantepec 0 259 1805
416 2784 78 84 Morelos 0 416 2784
611 2531 60 112 Cabo_San_Lucas 0 611 2531
380 2338 58 145 Tizimín 0 380 2338
433 2768 98 59 Ciudad_Constitución 0 433 2768
483 3061 50 109 Ciudad_Camargo 0 483 3061
281 3092 72 146 Nueva_Rosita 0 281 3092
754 2245 104 128 Las_Marías 0 754 2245
584 2438 136 73 Pánuco 0 584 2438
567 3428 116 86 Cananea 0 567 3428
382 2932 100 91 Cuidad_Sabinas_Hidalgo 0 382 2932
259 1940 130 142 Petatlán 0 259 1940
235 2257 54 73 Ticul 0 235 2257
634 2967 87 125 Huatabampo 0 634 2967
563 1845 119 78 Ometepec 0 563 1845
589 2749 114 98 San_Juan 0 589 2749
420 2525 74 70 Escuinapa_de_Hidalgo 0 420 2525
738 2140 69 56 Champotón 0 738 2140
469 2426 71 129 Tuxpan 0 469 2426
390 2165 144 126 Felipe_Carrillo_Puerto 0 390 2165
323 2030 99 84 Ciudad_Altamirano 0 323 2030
771 1742 57 106 San_Pedro_Pochutla 0 771 1742
477 2034 57 71 Paraiso 0 477 2034
477 1734 68 77 Pijijiapan 0 477 1734
261 2235 147 146 Tecax 0 261 2235
466 2746 118 71 San_Miguel_de_Papasquiaro 0 466 2746
537 2049 130 74 Frontera 0 537 2049
559 3267 100 66 Estación_Ojinaga 0 559 3267
630 1905 145 86 Tlaxiaco 0 630 1905
262 2334 55 60 Motul 0 262 2334
706 3434 132 87 San_Felipe 0 706 3434
318 3136 142 108 Allende 0 318 3136
706 1755 138 99 Puerto_Escondido 0 706 1755
478 2412 67 60 Santiago_Ixcuintla 0 478 2412
754 1792 109 57 Miahuatlán 0 754 1792
298 2226 50 80 Peto 0 298 2226
260 2692 137 54 El_Dorado 0 260 2692
510 2348 113 149 Compostela 0 510 2348
257 2043 94 60 Santiago_Tuxtla 0 257 2043
375 2564 82 130 Villa_Unión 0 375 2564
433 2433 116 112 Cardenas 0 433 2433
290 2316 58 144 Izamal 0 290 2316
452 2476 123 74 Tecuala 0 452 2476
522 2433 137 59 Tamuin 0 522 2433
663 2687 115 83 Juan_Aldama 0 663 2687
790 3097 121 118 Guerrero_Negro 0 790 3097
596 3400 109 87 Vicente_Guerrero 0 596 3400
527 2348 65 77 Isla_Mujeres 0 527 2348
594 2535 54 82 Aldama 0 594 2535
307 2646 122 124 La_Cruz 0 307 2646
374 3024 121 106 Santa_Rosalia 0 374 3024
655 1974 137 102 Balancán 0 655 1974
626 3353 66 133 Nacozari_Viejo 0 626 3353
214 3443 117 124 Ascensión 0 214 3443
465 2876 139 99 Loreto 0 465 2876
718 2473 63 133 Villanueva 0 718 2473
418 2964 100 120 Santa_Bárbara 0 418 2964
646 2518 89 118 Valparaíso 0 646 2518
522 2712 53 139 Canatlán 0 522 2712
354 3387 106 124 Miguel_Ahumada 0 354 3387
804 2267 70 98 Halachó 0 804 2267
427 2543 145 131 Tula 0 427 2543
631 2751 72 51 Cuencamé 0 631 2751
600 3371 109 94 San_Antonio 0 600 3371
605 3051 84 128 Esperanza 0 605 3051
733 2234 102 56 Ejido_Nautla 0 733 2234
203 2727 61 101 Altata 0 203 2727
776 3203 149 105 Punta_Prieta 0 776 3203
270 2376 107 106 San_Felipe 0 270 2376
617 2075 100 124 Santa_Clara_Huitziltepec 0 617 2075
596 2651 88 90 Villa_Unión 0 596 2651
330 3123 81 122 Villa_Unión 0 330 3123
751 2104 90 71 Camarón_de_Tejeda 0 751 2104
562 2178 80 52 Almoloya 0 562 2178
798 1889 67 61 Albarradas 0 798 1889
236 2223 62 53 Puruándiro 0 236 2223
517 2178 126 92 San_Martín_de_las_Pirámides 0 517 2178
368 2355 89 144 Panabá 0 368 2355
554 2002 138 106 Chila_de_la_Sal 0 554 2002
712 1916 61 122 Santiago_Tenango 0 712 1916
710 2091 148 60 Fortín_de_las_Flores 0 710 2091
477 2186 75 149 Coyotepec 0 477 2186
433 2978 119 132 Parral 0 433 2978
633 2101 65 140 Ixtlahuacán 0 633 2101
419 2163 55 76 Ixtlahuaca 0 419 2163
461 2979 92 77 Valle_de_Allende 0 461 2979
570 1941 54 65 Salto_de_Agua 0 570 1941
464 2023 107 62 Ciudad_de_Huitzuco 0 464 2023
463 2140 75 115 Huixquilucan_de_Degollado 0 463 2140
558 1847 66 135 Huixtán 0 558 1847
479 2062 123 61 Zacatepec 0 479 2062
799 2233 125 54 Hecelchakán 0 799 2233
630 1961 129 70 Emiliano_Zapata 0 630 1961
451 2122 93 50 Capulhuac 0 451 2122
191 2242 95 61 Numarán 0 191 2242
433 2415 77 58 Rayón 0 433 2415
391 2767 136 96 Rayones 0 391 2767
350 3175 145 90 Piedras_Negras 0 350 3175
411 2005 124 99 Cuetzala_del_Progreso 0 411 2005
654 2214 64 71 Cuetzalan 0 654 2214
591 2236 93 131 Naupan 0 591 2236
536 1961 129 106 Cualác 0 536 1961
670 2129 92 148 Pihuamo 0 670 2129
359 2165 113 132 Ocampo 0 359 2165
192 1802 57 111 Santa_María_Ecatepec 0 192 1802
597 2247 146 55 Tlacuilotepec 0 597 2247
798 2346 50 53 Tlacuitapan 0 798 2346
568 2103 127 112 San_Gregorio_Atzompa 0 568 2103
693 2213 88 86 La_Manzanilla_de_la_Paz 0 693 2213
568 2153 137 108 Hueyotlipan 0 568 2153
679 2205 105 115 Hueytamalco 0 679 2205
492 2201 121 85 Hueypoxtla 0 492 2201
587 2139 96 76 Amaxac_de_Guerrero 0 587 2139
633 1959 79 123 Santiago_Cacaloxtepec 0 633 1959
408 2189 69 135 Atlacomulco_de_Fabela 0 408 2189
754 1875 149 145 San_Sebastian_Teitipac 0 754 1875
455 2098 143 134 Ocuílan_de_Arteaga 0 455 2098
523 2087 115 70 Ocuituco 0 523 2087
448 2118 145 146 Almoloya_del_Río 0 448 2118
255 2202 115 82 Chucándiro 0 255 2202
623 2125 147 126 Nopalucán 0 623 2125
739 1875 121 132 Villa_de_Zaachila 0 739 1875
242 2341 87 87 Ixil 0 242 2341
609 1816 95 112 Pinotepa_de_Don_Luis 0 609 1816
305 2375 141 118 San_Diego_de_la_Unión 0 305 2375
615 1805 73 89 San_Andrés_Huaxpaltepec 0 615 1805
556 2112 88 54 San_Andrés_Calpan 0 556 2112
684 2163 131 70 Perote 0 684 2163
481 2867 77 54 Doctor_Coss 0 481 2867
683 2033 91 103 Ajalpan 0 683 2033
534 2202 102 66 Zempoala 0 534 2202
599 2234 111 62 Tecolotlán 0 599 2234
576 2206 53 76 Unión_de_Tula 0 576 2206
810 2339 91 85 Unión_de_San_Antonio 0 810 2339
601 1935 97 60 Ixpantepec_Nieves 0 601 1935
639 1937 131 98 San_Sebastián_Nicananduta 0 639 1937
367 2109 79 56 Zacazonapan 0 367 2109
621 2309 87 66 Tequila 0 621 2309
738 1877 135 101 San_Raymundo_Jalpam 0 738 1877
723 1869 128 129 Magdalena_Mixtepec 0 723 1869
689 1916 143 115 Magdalena_Jaltepec 0 689 1916
613 2162 102 122 Emiliano_Zapata 0 613 2162
550 1996 90 122 Xicotlán 0 550 1996
384 2812 91 133 Santiago 0 384 2812
712 1832 91 82 Santa_María_Sola 0 712 1832
643 2223 54 126 Huehuetla 0 643 2223
478 2194 62 80 Huehuetoca 0 478 2194
786 2031 131 56 Arteaga 0 786 2031
406 2047 143 89 Ixcapuzalco 0 406 2047
416 2045 67 150 Ixcateopan_de_Cuauhtémoc 0 416 2045
748 1862 89 98 San_Juan_Chilateca 0 748 1862
808 1826 108 102 San_Carlos_Yautepec 0 808 1826
246 2321 130 114 Tixpehual 0 246 2321
447 2115 88 60 Texcalyacac 0 447 2115
451 2346 102 78 Jalpan 0 451 2346
490 2184 145 71 Jaltenco 0 490 2184
341 2212 93 145 Tarandacuao 0 341 2212
512 2161 150 139 Chiautla 0 512 2161
763 1809 81 125 Sitio_de_Xitlapehua 0 763 1809
640 1916 120 70 Santiago_Nundíche 0 640 1916
672 1926 143 76 Santiago_Nejapilla 0 672 1926
631 1881 100 114 Santiago_Nuyoó 0 631 1881
545 1939 107 54 Tlapa_de_Comonfort 0 545 1939
687 2208 63 63 Tlapacoyan 0 687 2208
639 1948 124 74 Santo_Domingo_Yodohino 0 639 1948
594 1706 75 130 Amatenango_de_la_Frontera 0 594 1706
560 1827 119 67 Amatenango_del_Valle 0 560 1827
625 1800 85 132 Jamiltepec 0 625 1800
792 1927 93 111 Santiago_Lalopa 0 792 1927
215 2261 123 83 Pénjamo 0 215 2261
193 2225 110 87 Penjamillo_de_Degollado 0 193 2225
683 2186 91 145 Altotonga 0 683 2186
734 1857 91 54 Santa_Gertrudis 0 734 1857
735 2139 66 131 Jalcomulco 0 735 2139
431 2062 111 91 Tetipac 0 431 2062
702 2220 87 145 Martínez_de_la_Torre 0 702 2220
689 1835 150 136 Teojomulco 0 689 1835
233 2317 76 58 Kanasín 0 233 2317
587 2058 80 109 Coatzingo 0 587 2058
569 2062 66 108 Xochiltepec 0 569 2062
481 2087 84 127 Jiutepec 0 481 2087
511 1879 98 98 Bochil 0 511 1879
395 2149 150 52 Villa_Victoria 0 395 2149
500 2143 150 105 Nezahualcóyotl 0 500 2143
577 2137 100 124 Totolac 0 577 2137
732 2198 132 76 Yecuatla 0 732 2198
586 2138 72 117 Apetatitlán_Antonio_Carbajal 0 586 2138
556 2056 65 69 Izúcar_de_Matamoros 0 556 2056
768 1876 116 58 Tlacolula_de_Matamoros 0 768 1876
480 2083 124 92 Emiliano_Zapata 0 480 2083
292 1978 128 149 Sayula_de_Alemán 0 292 1978
603 2299 132 117 San_Juanito_de_Escobedo 0 603 2299
258 1811 91 64 Santa_María_Mixtequilla 0 258 1811
709 2148 63 123 Xico 0 709 2148
478 2446 105 150 Rosamorada 0 478 2446
629 2134 129 96 Cuapiaxtla 0 629 2134
570 2113 96 111 Cuanalá 0 570 2113
416 2786 132 139 Montemorelos 0 416 2786
768 2208 150 66 Santiago_Tangamandapio 0 768 2208
665 1930 142 125 San_Vicente_Nuñu 0 665 1930
523 2075 143 76 Temoac 0 523 2075
736 1878 113 137 Cuilapan_de_Guerrero 0 736 1878
715 2205 93 52 Valle_de_Juárez 0 715 2205
711 1850 107 120 Santa_María_Lachixío 0 711 1850
534 1829 134 76 Totolapa 0 534 1829
764 1884 96 81 Teotitlán_del_Valle 0 764 1884
556 1828 125 102 Teopisca 0 556 1828
510 2093 116 51 Atlatlahucan 0 510 2093
523 2104 103 139 Atlautla 0 523 2104
508 2099 90 93 Totolapan 0 508 2099
451 2130 126 68 Ocoyoacac 0 451 2130
747 1857 72 123 Ocotlán_de_Morelos 0 747 1857
472 1878 131 133 Tecoanapa 0 472 1878
709 2175 73 79 Tlacolulan 0 709 2175
783 2251 149 74 Yurécuaro 0 783 2251
760 1943 134 54 Santiago_Comaltepec 0 760 1943
639 2011 58 115 Santiago_Chazumba 0 639 2011
518 3093 74 88 Empalme 0 518 3093
769 1880 97 79 Santa_Ana_del_Valle 0 769 1880
651 1911 145 56 San_Cristóbal_Amoltepec 0 651 1911
776 1805 74 116 San_Cristóbal_Amatlán 0 776 1805
488 3378 69 144 Santa_Ana 0 488 3378
346 2164 57 92 Tuxpan 0 346 2164
748 1806 123 53 Santa_Cruz_Xitla 0 748 1806
342 2229 94 101 Jerécuaro 0 342 2229
565 2100 51 72 Santa_Isabel_Cholula 0 565 2100
725 1857 93 110 Santa_Cruz_Mixtepec 0 725 1857
589 2140 119 111 Santa_Cruz_Tlaxcala 0 589 2140
566 2220 57 128 Tulancingo 0 566 2220
762 1742 67 75 Santa_María_Tonameca 0 762 1742
569 1948 74 92 Tlachichilco 0 569 1948
786 1967 96 54 Valle_Nacional 0 786 1967
550 2208 101 98 Singuilucan 0 550 2208
307 1979 109 93 Texistepec 0 307 1979
512 2157 61 59 Texcoco 0 512 2157
690 2129 130 149 Rafael_J._García 0 690 2129
450 2022 85 143 Tepecoacuilco_de_Trujano 0 450 2022
673 2397 99 94 Tepechitlán 0 673 2397
776 2050 113 119 Tumbiscatío_de_Ruiz 0 776 2050
695 2129 57 123 Quimixtlán 0 695 2129
709 2393 119 90 Jalpa 0 709 2393
493 2009 73 116 Jalpa_de_Méndez 0 493 2009
756 1807 55 110 Miahuatlán_de_Porfirio_Díaz 0 756 1807
462 2074 145 70 Miacatlán 0 462 2074
529 1831 72 78 Chiapilla 0 529 1831
675 1928 53 150 San_Pedro_Topiltepec 0 675 1928
672 1918 57 145 San_Pedro_Tidaá 0 672 1918
778 1866 122 140 Santiago_Matatlán 0 778 1866
638 1988 91 101 Santiago_Miltepec 0 638 1988
617 2086 87 128 Tlanepantla 0 617 2086
722 2120 100 69 Comapa 0 722 2120
700 2080 57 135 Tlilapan 0 700 2080
632 2304 127 111 Amatitán 0 632 2304
600 3466 115 83 Naco 0 600 3466
463 2629 94 77 El_Salto 0 463 2629
447 2095 99 101 Malinalco 0 447 2095
201 2185 84 126 Hopelchén 0 201 2185
367 2853 119 145 Ciudad_General_Escobedo 0 367 2853
195 2453 77 74 Villa_García 0 195 2453
378 2090 147 102 Tejupilco_de_Hidalgo 0 378 2090
510 2162 108 123 Chiconcuac 0 510 2162
528 2089 78 120 Tetela_del_Volcán 0 528 2089
748 1830 87 124 Coatecas_Altas 0 748 1830
736 1866 130 92 Zimatlán_de_Álvarez 0 736 1866
484 2923 81 126 Mier 0 484 2923
738 2212 124 143 Jiquílpan_de_Juárez 0 738 2212
756 1947 134 82 San_Juan_Quiotepec 0 756 1947
587 1701 102 54 Mazapa 0 587 1701
559 1643 110 133 Mazatán 0 559 1643
418 2069 120 110 Zacualpan 0 418 2069
286 2192 141 71 Álvaro_Obregón 0 286 2192
248 2330 73 115 Yaxkukul 0 248 2330
709 2028 57 87 Zoquitlán 0 709 2028
438 2124 71 53 San_Mateo_Mexicaltzingo 0 438 2124
540 1875 113 99 Chalchihuitán 0 540 1875
736 1795 142 131 San_Pablo_Coatlán 0 736 1795
636 2100 104 61 San_Pablo_de_las_Tunas 0 636 2100
730 1813 101 142 San_Vicente_Coatlán 0 730 1813
565 2326 129 71 Ixtlán_del_Río 0 565 2326
749 1751 103 145 Santo_Domingo_de_Morelos 0 749 1751
481 2058 96 106 Jojutla 0 481 2058
362 2338 101 71 Doctor_Mora 0 362 2338
234 2467 150 53 Pinos 0 234 2467
526 2096 80 107 Ecatzingo 0 526 2096
355 2297 117 54 Tinum 0 355 2297
190 2179 61 97 Cherán 0 190 2179
508 2206 57 83 Tolcayuca 0 508 2206
299 2060 127 129 Huetamo_de_Núñez 0 299 2060
734 1839 89 117 La_Pe 0 734 1839
739 1833 111 105 Taniche 0 739 1833
360 2870 140 50 Abasolo 0 360 2870
235 2263 111 136 Abasolo 0 235 2263
475 2248 59 53 Chilcuautla 0 475 2248
660 2425 127 76 Totatiche 0 660 2425
414 2288 82 103 Cadereyta 0 414 2288
577 2069 127 131 Teopantlán 0 577 2069
643 2213 69 106 Atlequizayan 0 643 2213
429 3401 132 77 Oquitoa 0 429 3401
558 2227 76 63 Acatlán 0 558 2227
207 2193 132 71 Zacapú 0 207 2193
767 1854 141 120 San_Baltazar_Chichicapam 0 767 1854
736 1778 126 61 San_Baltazar_Loxicha 0 736 1778
548 2067 95 78 Tlapanalá 0 548 2067
547 2173 66 133 Emiliano_Zapata 0 547 2173
288 2213 82 111 Santa_Ana_Maya 0 288 2213
801 1918 76 91 San_Cristóbal_Lachirioag 0 801 1918
555 2155 62 126 Sanctorum 0 555 2155
590 1708 118 78 Bejucal_de_Ocampo 0 590 1708
511 1707 113 94 Mapastepec 0 511 1707
599 2272 111 93 Ameca 0 599 2272
503 2179 85 105 Tecámac 0 503 2179
652 1919 118 108 Santa_Cruz_Tayata 0 652 1919
649 1919 66 138 Santa_María_del_Rosario 0 649 1919
637 1923 88 73 San_Juan_Ñumí 0 637 1923
676 1911 144 72 Santiago_Tilantongo 0 676 1911
363 2114 56 122 Otzoloapan 0 363 2114
534 2226 119 87 Mineral_del_Monte 0 534 2226
567 2215 133 147 Santiago_Tulantepec 0 567 2215
575 3309 101 58 Huépac 0 575 3309
769 1869 140 67 San_Lucas_Quiavini 0 769 1869
428 2382 54 59 Arroyo_Seco 0 428 2382
694 2090 116 126 Ixhuatlancillo 0 694 2090
311 3153 149 75 Zaragoza 0 311 3153
603 2235 76 61 Nuevo_Necaxa 0 603 2235
640 2239 132 93 Coyutla 0 640 2239
349 2136 134 113 Benito_Juárez 0 349 2136
687 2226 51 66 San_José_Acateno 0 687 2226
546 2188 150 136 Tepeapulco 0 546 2188
608 2110 99 98 Tepatlaxco 0 608 2110
615 2097 131 73 Tepeaca 0 615 2097
726 2109 70 88 Tepatlaxco 0 726 2109
575 2108 118 121 Tapeixtles 0 575 2108
293 2189 99 76 Indaparapeo 0 293 2189
627 1813 98 145 San_Agustín_Chayuco 0 627 1813
762 1841 67 94 San_Pedro_Taviche 0 762 1841
594 2148 124 114 Sección_Primera_Santiago_Tetla 0 594 2148
765 2214 92 74 Chavinda 0 765 2214
751 1804 91 108 Santa_Catarina_Cuixtla 0 751 1804
626 2408 132 74 Chimaltitán 0 626 2408
428 2083 56 144 Ixtapan_de_la_Sal 0 428 2083
300 2412 56 133 Villa_de_Reyes 0 300 2412
222 2147 71 73 Santa_Clara_del_Cobre 0 222 2147
714 2152 122 101 Coatepec 0 714 2152
419 2092 149 63 Coatepec_Harinas 0 419 2092
425 2351 80 123 Atarjea 0 425 2351
679 1927 71 52 San_Francisco_Chindúa 0 679 1927
311 2056 82 86 San_Lucas 0 311 2056
741 1834 85 55 San_Miguel_Ejutla 0 741 1834
558 2070 50 140 Tepeojuma 0 558 2070
330 2262 96 86 Apaseo_el_Alto 0 330 2262
437 2112 132 74 Tenango_de_Arista 0 437 2112
697 2141 90 66 Ixhuacán_de_los_Reyes 0 697 2141
741 1816 52 99 San_Nicolás 0 741 1816
474 1925 70 127 Quechultenango 0 474 1925
241 2128 67 88 Tacámbaro_de_Codallos 0 241 2128
514 2177 121 128 Teotihuacán 0 514 2177
461 2070 137 141 Mazatepec 0 461 2070
585 2120 124 86 Mazatecochco 0 585 2120
220 2065 82 142 Churumuco_de_Morelos 0 220 2065
354 2873 111 93 Hidalgo 0 354 2873
731 2612 63 123 Cañitas_de_Felipe_Pescador 0 731 2612
346 2876 114 100 Mina 0 346 2876
716 2123 112 78 Sochiapa 0 716 2123
769 1850 56 76 Yaxe 0 769 1850
444 2130 149 113 San_Mateo_Atenco 0 444 2130
797 1899 67 69 San_Mateo_Cajonos 0 797 1899
441 2960 94 143 Matamoros 0 441 2960
711 1847 65 122 San_Vicente_Lachixío 0 711 1847
733 1911 66 120 San_Juan_del_Estado 0 733 1911
625 2124 88 71 Coquimatlán 0 625 2124
326 1904 138 51 Técpan_de_Galeana 0 326 1904
413 3163 149 120 Santa_Eulalia 0 413 3163
406 2285 83 71 Ezequiel_Montes 0 406 2285
800 1902 150 55 Villa_Hidalgo 0 800 1902
244 2303 90 129 Acanceh 0 244 2303
388 2338 147 150 Santa_Catarina 0 388 2338
373 2346 128 62 Victoria 0 373 2346
596 2262 117 87 Huehuetla 0 596 2262
640 1887 103 72 San_Esteban_Atatlahuca 0 640 1887
626 2202 96 146 Cuautempan 0 626 2202
693 2082 61 131 Nogales 0 693 2082
200 2158 109 117 Tingambato 0 200 2158
355 2648 138 53 San_Ignacio 0 355 2648
798 2263 127 107 Degollado 0 798 2263
557 2116 75 140 Domingo_Arenas 0 557 2116
569 1796 59 76 Socoltenango 0 569 1796
300 1987 138 90 Soconusco 0 300 1987
552 2257 117 117 Atenguillo 0 552 2257
743 1808 75 112 Santa_Ana 0 743 1808
314 3143 62 92 Morelos 0 314 3143
364 2323 121 66 Espita 0 364 2323
394 2103 130 140 San_Simón_de_Guerrero 0 394 2103
743 1815 62 87 San_Simón_Almolongas 0 743 1815
678 1931 101 83 Santiago_Tillo 0 678 1931
745 1865 111 50 San_Martín_Tilcajete 0 745 1865
628 2099 64 64 Acatzingo 0 628 2099
583 2229 128 124 Acaxochitlán 0 583 2229
548 1992 106 56 Acaxtlahuacán_de_Albino_Zertuche 0 548 1992
793 1911 135 136 San_Andrés_Solaga 0 793 1911
598 2056 98 113 Zacapala 0 598 2056
612 1928 77 98 Santos_Reyes_Tepejillo 0 612 1928
581 2190 143 125 El_Grullo 0 581 2190
756 2245 93 124 La_Barca 0 756 2245
458 3144 68 61 Julimes 0 458 3144
529 2076 77 97 Cohuecán 0 529 2076
345 2179 83 68 Irimbo 0 345 2179
693 2077 61 62 Coalcomán_de_Vázquez_Pallares 0 693 2077
602 2144 95 77 Tocatlán 0 602 2144
624 2083 68 52 Tochtepec 0 624 2083
545 2088 117 142 Tochimilco 0 545 2088
484 2201 141 106 Tequixquiac 0 484 2201
365 2169 65 94 Mineral_de_Angangueo 0 365 2169
751 1886 146 127 Santa_María_del_Tule 0 751 1886
708 1956 95 126 Jaltepetongo 0 708 1956
477 2264 106 52 Ixmiquilpan 0 477 2264
525 2181 89 64 Axapusco 0 525 2181
678 2079 59 131 Aquila 0 678 2079
720 2804 94 123 Viesca 0 720 2804
629 2205 70 123 Tapalpa 0 629 2205
626 1952 61 77 Tezoatlán_de_Segura_y_Luna 0 626 1952
456 2121 107 60 Xalatlaco 0 456 2121
244 2163 149 143 Huiramba 0 244 2163
756 1849 138 86 San_Jerónimo_Taviche 0 756 1849
614 2014 88 64 San_Jerónimo_Xayacatlán 0 614 2014
655 1803 113 75 Tataltepec_de_Valdés 0 655 1803
633 1804 63 150 Santiago_Tetepec 0 633 1804
601 1806 133 51 Pinotepa 0 601 1806
725 1908 140 53 Santiago_Suchilquitongo 0 725 1908
342 2355 117 61 San_Luis_de_la_Paz 0 342 2355
740 1867 150 78 Santa_Catarina_Quiané 0 740 1867
754 1856 132 92 Santa_Catarina_Minas 0 754 1856
624 1806 142 115 Santa_Catarina_Mechoacán 0 624 1806
740 1777 92 129 Santa_Catarina_Loxicha 0 740 1777
561 1952 129 141 San_Mateo_Nejápam 0 561 1952
544 2234 117 54 Huasca_de_Ocampo 0 544 2234
238 1819 86 133 Santa_María_Jalapa_del_Marqués 0 238 1819
437 2096 72 95 Tenancingo 0 437 2096
792 1900 149 82 San_Francisco_Cajonos 0 792 1900
692 1834 82 82 Texmelucan 0 692 1834
475 2076 85 82 Xochitepec 0 475 2076
802 1762 71 141 San_Miguel_del_Puerto 0 802 1762
635 1956 105 134 San_Andrés_Dinicuiti 0 635 1956
739 2137 72 105 Apazapan 0 739 2137
482 2208 114 121 Apaxco_de_Ocampo 0 482 2208
401 2004 142 106 Apaxtla_de_Castrejón 0 401 2004
790 2218 121 59 Tenabo 0 790 2218
558 2098 107 108 Tianguismanalco 0 558 2098
608 2204 124 148 Zacatlán 0 608 2204
637 2312 100 131 Álamo 0 637 2312
194 2175 57 52 Nahuatzén 0 194 2175
536 2230 95 89 Omitlán_de_Juárez 0 536 2230
588 2192 112 58 El_Limón 0 588 2192
611 2189 58 67 Aquixtla 0 611 2189
525 2178 73 95 Otumba 0 525 2178
576 2637 60 69 Nombre_de_Dios 0 576 2637
757 1882 65 54 San_Jerónimo_Tlacochahuaya 0 757 1882
357 2149 83 146 Heróica_Zitácuaro 0 357 2149
655 1969 99 140 Balancán 0 655 1969
679 2032 141 131 Altepexi 0 679 2032
386 2036 78 146 Acapetlahuaya 0 386 2036
462 2487 128 77 Acaponeta 0 462 2487
569 1855 78 72 Oxchuc 0 569 1855
635 2297 65 70 El_Arenal 0 635 2297
678 1960 66 102 Coixtlahuaca 0 678 1960
743 1879 88 142 Animas_Trujano 0 743 1879
796 1915 92 83 San_Juan_Tabaá 0 796 1915
806 1919 139 72 Santo_Domingo_Roayaga 0 806 1919
619 1905 117 58 San_Martín_Itunyoso 0 619 1905
786 1920 68 100 San_Juan_Juquila_Vijanos 0 786 1920
616 2129 60 112 Ixtenco 0 616 2129
761 1835 74 113 San_Juán_Lachigalla 0 761 1835
554 2108 113 90 San_Nicolás_de_los_Ranchos 0 554 2108
745 2225 83 111 Venustiano_Carranza 0 745 2225
748 1890 72 143 San_Agustín_Yatareni 0 748 1890
247 2317 131 137 Silao 0 247 2317
622 1969 139 73 San_Jerónimo_Silacayoapilla 0 622 1969
709 1921 135 53 San_Jerónimo_Sosola 0 709 1921
481 1997 68 66 Cunduacán 0 481 1997
553 2328 93 144 Ahuacatlán 0 553 2328
297 1985 52 144 Acayucan 0 297 1985
646 2234 55 143 Chumatlán 0 646 2234
694 2083 56 81 Río_Blanco 0 694 2083
723 2364 106 85 Nochistlán_de_Mejía 0 723 2364
229 2193 64 123 Coeneo_de_la_Libertad 0 229 2193
753 1887 77 68 Santo_Domingo_Tomaltepec 0 753 1887
652 2146 120 62 Tonila 0 652 2146
755 1882 86 79 San_Francisco_Lachigoló 0 755 1882
673 1798 112 128 San_Miguel_Panixtlahuaca 0 673 1798
459 2424 146 140 Tamasopo 0 459 2424
401 2093 108 52 Texcaltitlán 0 401 2093
610 2113 86 103 Acajete 0 610 2113
730 2353 69 140 Mexticacán 0 730 2353
618 2080 51 80 Tepeyahualco 0 618 2080
487 1852 150 58 Tuxtla 0 487 1852
648 2219 127 127 Tuzamapan 0 648 2219
210 2027 144 68 Coahuayutla_de_Guerrero 0 210 2027
508 2161 87 72 Atenco 0 508 2161
610 1983 57 94 Santiago_Ayuquililla 0 610 1983
213 1769 70 58 Santiago_Astata 0 213 1769
543 2081 107 76 Santiago_Atzitzihuacán 0 543 2081
786 1752 62 102 Santa_María_Huatulco 0 786 1752
616 1802 143 94 Santa_María_Huazolotitlán 0 616 1802
795 1977 74 100 Santa_María_Jacatepec 0 795 1977
464 1924 55 126 Ostuacán 0 464 1924
624 2170 110 91 Ixtacamaxtitlán 0 624 2170
704 2085 80 147 Ixtaczoquitlán 0 704 2085
582 1943 69 96 Santa_Cruz_de_Bravo 0 582 1943
518 2198 72 104 Tezontepec 0 518 2198
422 2132 60 124 San_Miguel_Zinacantepec 0 422 2132
630 1882 56 55 Santa_María_Yucuhiti 0 630 1882
544 2137 91 107 Santa_Rita_Tlahuapan 0 544 2137
799 1986 67 84 San_José_Chiltepec 0 799 1986
629 2127 105 70 San_José_Chiapa 0 629 2127
681 2080 144 101 Maltrata 0 681 2080
727 1795 131 54 San_Jerónimo_Coatlán 0 727 1795
343 1895 99 141 San_Jerónimo_de_Juárez 0 343 1895
528 1858 124 126 San_Luis_Acatlán 0 528 1858
767 1813 100 130 San_Luis_Amatlán 0 767 1813
381 2122 57 109 Valle_de_Bravo 0 381 2122
524 2077 102 125 Zacualpan_de_Amilpas 0 524 2077
363 2869 93 51 Carmen 0 363 2869
635 1898 146 124 Santa_Cruz_Nundaco 0 635 1898
771 2107 145 63 Soledad_de_Doblado 0 771 2107
237 2202 128 134 Huaniqueo_de_Morales 0 237 2202
562 2118 121 114 Huejotzingo 0 562 2118
513 2123 138 128 Temamatla 0 513 2123
510 2192 135 126 Temascalapa 0 510 2192
238 2339 139 104 Chicxulub_Pueblo 0 238 2339
509 2166 73 106 Tezoyuca 0 509 2166
724 1878 123 117 San_Pablo_Cuatro_Venados 0 724 1878
717 1856 85 148 San_Miguel_Mixtepec 0 717 1856
440 2119 70 95 San_Antonio_la_Isla 0 440 2119
555 2123 82 76 San_Lorenzo_Chiautzingo 0 555 2123
444 2145 54 61 Xonacatlán 0 444 2145
318 2313 100 110 San_Miguel_de_Allende 0 318 2313
512 2111 123 54 Juchitepec 0 512 2111
284 1818 139 81 Juchitán_de_Zaragoza 0 284 1818
741 2195 100 144 Juchique_de_Ferrer 0 741 2195
589 1657 129 89 Cacahoatán 0 589 1657
557 2179 84 115 Apan 0 557 2179
722 2129 133 96 Tenampa 0 722 2129
587 2235 113 125 Tenamaxtlán 0 587 2235
788 1929 123 127 San_Juan_Yaee 0 788 1929
707 2203 119 113 Mazamitla 0 707 2203
574 3302 95 116 San_Felipe_de_Jesús 0 574 3302
684 1923 53 115 San_Francisco_Jaltepetongo 0 684 1923
676 1922 67 62 San_Francisco_Nuxaño 0 676 1922
398 3394 101 142 Pitiquito 0 398 3394
449 3363 131 109 Trincheras 0 449 3363
754 2243 112 79 Briseñas_de_Matamoros 0 754 2243
309 2273 54 117 Yaxcabá 0 309 2273
727 2123 121 62 Tlacotepec_de_Mejía 0 727 2123
792 1871 106 146 San_Lorenzo_Albarradas 0 792 1871
814 1933 81 124 San_Juan_Petlapa 0 814 1933
646 2213 80 57 Amacueca 0 646 2213
461 2056 56 118 Amacuzac 0 461 2056
268 2201 60 86 Copándaro_de_Galeana 0 268 2201
636 2208 94 104 Huitzilan 0 636 2208
420 2141 72 123 Almoloya_de_Juárez 0 420 2141
271 2256 78 114 Valle_de_Santiago 0 271 2256
520 1830 109 54 Acala 0 520 1830
708 2166 96 100 Acajete 0 708 2166
221 2282 97 100 Cuerámaro 0 221 2282
712 2107 132 78 Ixhuatlán_del_Café 0 712 2107
607 2188 143 87 Tonaya 0 607 2188
742 1859 74 51 Santiago_Apostol 0 742 1859
282 1823 130 143 El_Espinal 0 282 1823
648 1923 71 133 San_Martín_Huamelulpam 0 648 1923
742 1842 93 77 San_Martín_de_los_Canseco 0 742 1842
545 1682 100 125 Villa_Comaltitlán 0 545 1682
659 2189 93 135 Gómez_Farías 0 659 2189
460 1990 136 79 Cárdenas 0 460 1990
396 2862 54 118 Marín 0 396 2862
487 2066 143 101 Tlaltizapán 0 487 2066
250 2336 150 66 Baca 0 250 2336
694 2081 135 144 Huiloapan 0 694 2081
364 2025 136 133 Arcelia 0 364 2025
666 2239 71 66 Espinal 0 666 2239
202 1990 146 113 La_Unión 0 202 1990
588 2072 76 108 Santo_Domingo_Huehuetlán 0 588 2072
330 2308 105 109 Quintana_Roo 0 330 2308
334 2124 111 108 Tuzantla 0 334 2124
436 2129 114 111 Metepec 0 436 2129
570 2237 83 98 Metepec 0 570 2237
651 1932 81 106 Santiago_Yolomécatl 0 651 1932
290 2278 54 90 Sotuta 0 290 2278
723 1861 78 58 San_Bernardo_Mixtepec 0 723 1861
520 2114 62 148 Ayapango 0 520 2114
501 2075 119 66 Ciudad_Ayala 0 501 2075
625 1978 85 142 Zapotitlán_Palmas 0 625 1978
646 2213 99 115 Zoquiopan 0 646 2213
802 1909 62 67 San_Melchor_Betaza 0 802 1909
609 1984 112 142 San_José_Ayuquila 0 609 1984
304 2826 99 55 Ramos_Arizpe 0 304 2826
646 2137 144 81 Cuauhtémoc 0 646 2137
725 2114 73 87 Colonia_Manuel_Gonzalez 0 725 2114
216 2230 73 55 Angamacutiro_de_la_Unión 0 216 2230
539 1867 50 99 Chenalhó 0 539 1867
435 2337 110 83 Pinal_de_Amoles 0 435 2337
631 1895 134 79 Santo_Tomás_Ocotepec 0 631 1895
547 2075 127 87 Huaquechula 0 547 2075
408 2031 129 106 Teloloapan 0 408 2031
597 2061 120 109 Chigmecatitlán 0 597 2061
377 2190 52 71 Tlalpujahua_de_Rayón 0 377 2190
753 1881 53 110 Rojas_de_Cuauhtémoc 0 753 1881
558 2333 103 107 Jala 0 558 2333
746 1792 130 63 San_Miguel_Coatlán 0 746 1792
440 2123 53 126 Chapultepec 0 440 2123
594 2221 127 111 Juchitlán 0 594 2221
400 2180 63 113 San_Felipe_del_Progreso 0 400 2180
435 2119 130 150 Calimaya_de_Díaz_González 0 435 2119
576 1938 142 89 Calihualá 0 576 1938
614 2123 72 65 Zitlaltepec 0 614 2123
612 2135 116 92 Huamantla 0 612 2135
759 1946 90 75 San_Pedro_Yólox 0 759 1946
649 2215 108 148 Jonotla 0 649 2215
591 2000 110 135 Jonuta 0 591 2000
443 2106 136 51 Joquicingo_de_León_Guzmán 0 443 2106
697 1935 89 63 San_Pedro_Coxcaltepec 0 697 1935
688 1923 122 53 Magdalena_Zahuatlán 0 688 1923
740 2192 124 147 Cotija_de_la_Paz 0 740 2192
738 1872 140 99 Trinidad_Zaachila 0 738 1872
253 2305 90 72 Seyé 0 253 2305
429 2079 125 62 Tonatico 0 429 2079
476 2842 137 86 China 0 476 2842
799 1931 50 75 Santiago_Camotlán 0 799 1931
514 2118 50 54 Tenango_del_Aire 0 514 2118
635 2114 56 131 Soltepec 0 635 2114
550 2130 143 116 San_Salvador_el_Verde 0 550 2130
629 2092 92 106 Huixcolotla 0 629 2092
706 2211 141 61 San_José_de_Gracia 0 706 2211
810 2252 86 79 La_Piedad 0 810 2252
552 1859 136 59 Tenejapa 0 552 1859
783 2483 147 90 Luis_Moya 0 783 2483
421 2651 123 93 General_Zaragoza 0 421 2651
411 2206 63 130 Acambay 0 411 2206
699 2172 82 103 Las_Vigas_de_Ramírez 0 699 2172
697 1952 64 132 Apoala 0 697 1952
566 2061 60 121 San_Juan_Epatlán 0 566 2061
761 1876 96 88 San_Juan_Guelavía 0 761 1876
700 2636 113 88 Río_Grande 0 700 2636
724 2205 62 147 Misantla 0 724 2205
542 1963 110 118 Macuspana 0 542 1963
547 2056 57 64 Tilapa 0 547 2056
585 1947 82 150 Yucuyachi 0 585 1947
647 1927 83 111 San_Pedro_Mártir_Yucuxaco 0 647 1927
678 2134 60 54 Saltillo 0 678 2134
541 2191 66 137 Tlanalapa 0 541 2191
559 1995 120 112 Tulcingo_de_Valle 0 559 1995
813 1877 121 118 Santo_Domingo_Tepuxtepec 0 813 1877
790 1898 50 121 Xagacía 0 790 1898
675 1925 106 50 Santo_Domingo_Tlatayapam 0 675 1925
428 2072 88 127 Pilcaya 0 428 2072
575 1961 65 138 San_Juan_Ihualtepec 0 575 1961
533 1856 119 78 Chamula 0 533 1856
226 2159 55 114 Pátzcuaro 0 226 2159
576 2135 68 83 Panotla 0 576 2135
214 1773 107 94 San_Pedro_Huamelula 0 214 1773
501 2096 129 73 Tlayacapan 0 501 2096
676 1953 108 144 Nativitas 0 676 1953
660 1925 63 89 Santa_María_Nduayaco 0 660 1925
530 2186 54 81 Nopaltepec 0 530 2186
508 1867 77 71 Soyaló 0 508 1867
510 1857 112 59 Ixtapa 0 510 1857
564 2011 100 84 Axutla 0 564 2011
694 2140 123 104 Ayahualulco 0 694 2140
749 2398 75 117 Villa_Hidalgo 0 749 2398
394 2202 76 125 Temascalcingo_de_José_María_Velazco 0 394 2202
390 2106 124 71 Temascaltepec_de_González 0 390 2106
624 2191 137 149 Tetela_de_Ocampo 0 624 2191
502 2193 59 118 Tizayuca 0 502 2193
556 2407 95 132 El_Higo 0 556 2407
450 2120 64 72 Santiago_Tíanguistenco 0 450 2120
800 1926 70 84 San_Juan_Yatzona 0 800 1926
726 2122 78 77 Tepalcatepec 0 726 2122
351 2125 61 145 Susupuato_de_Guerrero 0 351 2125
612 1884 129 79 Constancia_del_Rosario 0 612 1884
489 1875 110 150 Ayutla_de_los_Libres 0 489 1875
378 2005 99 60 Agua_Dulce 0 378 2005
397 2795 148 77 Allende 0 397 2795
578 1841 121 80 Chanal 0 578 1841
646 2199 88 69 Sayula 0 646 2199
584 2125 114 146 Acuamanala 0 584 2125
677 2190 84 65 Jalacingo 0 677 2190
746 1859 125 132 San_Antonino_Castillo_Velasco 0 746 1859
398 2871 107 96 Higueras 0 398 2871
275 2209 141 79 Cuitzeo_del_Porvenir 0 275 2209
398 2085 70 60 Sultepec_de_Pedro_Ascencio_de_Alquisiras 0 398 2085
745 1926 121 55 San_Miguel_Aloápam 0 745 1926
352 2175 127 66 Aporo 0 352 2175
611 1820 90 92 San_Juan_Colorado 0 611 1820
747 1852 139 85 Santa_Lucía_Ocotlán 0 747 1852
784 1812 108 87 San_José_Lachiguirí 0 784 1812
680 2023 69 131 Miahuatlán 0 680 2023
238 2309 149 72 Romita 0 238 2309
429 2187 121 105 San_Bartolo_Morelos 0 429 2187
563 1901 53 72 Metlatónoc 0 563 1901
807 2255 131 147 Calkiní 0 807 2255
811 1884 78 127 Ayutla 0 811 1884
635 1997 95 125 San_Pedro_y_San_Pablo_Tequistepec 0 635 1997
538 3455 147 135 Santa_Cruz 0 538 3455
560 2106 123 53 Nealtican 0 560 2106
580 2249 73 78 Tenango_de_Doria 0 580 2249
201 2326 144 123 Hunucmá 0 201 2326
351 3125 83 67 Gran_Morelos 0 351 3125
778 2475 60 95 Cosío 0 778 2475
724 1911 50 147 San_Pablo_Huitzo 0 724 1911
759 1940 92 108 San_Pablo_Macuiltianguis 0 759 1940
736 1860 123 105 San_Pablo_Huixtepec 0 736 1860
731 2155 73 139 Dos_Ríos 0 731 2155
470 2382 89 66 San_Blas 0 470 2382
786 1923 52 136 Tanetze_de_Zaragoza 0 786 1923
255 2157 105 97 Acuítzio_del_Canje 0 255 2157
727 1872 104 97 Santa_Inés_del_Monte 0 727 1872
580 1699 115 99 Motozintla 0 580 1699
284 1810 88 107 Santa_María_Xadani 0 284 1810
365 3135 141 60 Santa_Isabel 0 365 3135
389 2864 82 115 General_Zuazua 0 389 2864
253 2424 101 98 Villa_de_Arriaga 0 253 2424
582 2238 127 67 Honey 0 582 2238
608 1936 96 141 Palenque 0 608 1936
214 2168 135 60 Erongarícuaro 0 214 2168
621 2015 126 62 Totoltepec_de_Guerrero 0 621 2015
745 1766 149 87 San_Bartolomé_Loxícha 0 745 1766
679 1945 133 131 Soyaltepec 0 679 1945
785 2383 110 122 Encarnación_de_Díaz 0 785 2383
228 2247 117 91 Pastor_Ortíz 0 228 2247
673 1911 101 148 San_Juan_Diuxi 0 673 1911
515 2163 88 143 Papalotla 0 515 2163
735 1826 120 124 San_Agustín_Amatengo 0 735 1826
394 2852 59 59 Pesquería 0 394 2852
215 2126 86 65 Ario_de_Rosales 0 215 2126
754 2226 103 86 Pajacuarán 0 754 2226
701 2655 68 111 Nieves 0 701 2655
443 1897 126 56 Tierra_Colorada 0 443 1897
246 2164 102 78 Lagunillas 0 246 2164
574 3299 51 55 Aconchi 0 574 3299
696 2092 107 60 Mariano_Escobedo 0 696 2092
448 2120 53 85 Santa_Cruz_Atizapán 0 448 2120
489 2099 59 115 Tepoztlán 0 489 2099
498 2243 68 110 San_Salvador 0 498 2243
637 2152 96 98 Libres 0 637 2152
658 1918 84 80 San_Juan_Achiutla 0 658 1918
602 2072 115 132 San_Juan_Atzompa 0 602 2072
415 2394 116 92 San_Ciro_de_Acosta 0 415 2394
653 1918 122 144 Santa_Catarina_Tayata 0 653 1918
596 2058 123 73 Santa_Catarina_Tlaltempan 0 596 2058
776 1762 93 110 Pluma_Hidalgo 0 776 1762
529 1853 120 85 Zinacantán 0 529 1853
785 1905 82 140 Santiago_Laxopa 0 785 1905
235 2176 144 61 Quiroga 0 235 2176
755 1881 79 113 Santa_María_Guelacé 0 755 1881
767 2207 138 89 El_Guayabito 0 767 2207
193 2426 90 86 Palo_Alto 0 193 2426
587 2137 75 113 San_Bernardino_Contla 0 587 2137
737 2204 117 115 Colipa 0 737 2204
533 1781 75 103 La_Concordia 0 533 1781
639 2180 137 115 Zautla 0 639 2180
793 1906 73 105 Santiago_Zoochila 0 793 1906
601 2258 143 144 Tlaxco 0 601 2258
592 2169 97 83 Tlaxco 0 592 2169
504 2146 141 81 Chimalhuacán 0 504 2146
720 1758 67 118 Santa_María_Colotepec 0 720 1758
661 1914 119 81 San_Miguel_Achiutla 0 661 1914
548 2155 70 92 Nanacamilpa 0 548 2155
367 2130 84 137 Ixtapan_del_Oro 0 367 2130
512 2135 93 67 Ixtapaluca 0 512 2135
367 2121 95 71 Santo_Tomás_de_los_Plátanos 0 367 2121
645 2431 105 99 Villa_Guerrero 0 645 2431
432 2096 93 96 Villa_Guerrero 0 432 2096
321 2437 109 93 Villa_Zaragoza 0 321 2437
457 2071 134 77 Tetecala 0 457 2071
778 2858 65 90 Sinaloa_de_Leyva 0 778 2858
601 2193 123 74 Chignahuapan 0 601 2193
588 1633 62 133 Frontera_Hidalgo 0 588 1633
602 1850 94 115 Altamirano 0 602 1850
761 2489 69 69 Genaro_Codina 0 761 2489
415 2971 72 101 El_Oro 0 415 2971
245 2108 110 69 Turicato 0 245 2108
576 2110 81 114 Cuautlancingo 0 576 2110
506 2079 72 72 Cuautla 0 506 2079
378 2206 137 64 Contepec 0 378 2206
222 1800 130 113 San_Miguel_Tenango 0 222 1800
600 1815 85 150 San_Miguel_Tlacamama 0 600 1815
757 1857 149 140 San_Miguel_Tilquiapam 0 757 1857
442 2028 70 79 Iguala_de_la_Independencia 0 442 2028
441 2312 137 97 San_Joaquín 0 441 2312
286 2517 103 149 Moctezuma 0 286 2517
498 2008 113 109 Nacajuca 0 498 2008
561 2260 88 145 Mixtlán 0 561 2260
232 2420 57 84 Ojuelos_de_Jalisco 0 232 2420
489 2188 54 119 Zumpango_de_Ocampo 0 489 2188
481 2852 63 59 General_Bravo 0 481 2852
214 2328 147 140 Ucú 0 214 2328
265 2361 99 94 Telchac_Puerto 0 265 2361
766 1870 129 86 San_Bartolomé_Quialana 0 766 1870
741 1862 127 56 Santa_Ana_Zegache 0 741 1862
262 1806 125 62 San_Blas_Atempa 0 262 1806
343 2152 103 94 Jungapeo_de_Juárez 0 343 2152
737 1869 113 76 Ciénega_de_Zimatlán 0 737 1869
579 1809 142 150 San_José_Estancia_Grande 0 579 1809
363 2340 119 132 Sucilá 0 363 2340
436 2051 146 107 Taxco_de_Alarcón 0 436 2051
476 2084 126 98 Temixco 0 476 2084
283 2559 75 149 Charcas 0 283 2559
763 2243 120 107 Vista_Hermosa_de_Negrete 0 763 2243
198 2121 63 112 Nuevo_Urecho 0 198 2121
383 2871 66 110 Ciénega_de_Flores 0 383 2871
364 3132 115 70 Guerrero 0 364 3132
521 2105 120 95 Ozumba 0 521 2105
682 2210 108 124 Concepción_de_Buenos_Aires 0 682 2210
742 1832 103 78 Ejutla_de_Crespo 0 742 1832
781 1872 145 52 San_Pablo_Villa_de_Mitla 0 781 1872
794 1897 145 98 Yaganiza 0 794 1897
334 2047 52 99 Sergio_Butrón_Casas 0 334 2047
812 2279 143 92 Maxcanú 0 812 2279
530 1866 99 51 Larráinzar 0 530 1866
608 2016 115 116 Xayacatlán_de_Bravo 0 608 2016
816 1910 116 126 Totontepec_Villa_de_Morelos 0 816 1910
583 2255 137 73 San_Bartolo_Tutotepec 0 583 2255
182 1818 88 59 San_Bartolo_Yautepec 0 182 1818
685 2028 146 117 Zinacatepec 0 685 2028
510 2372 91 105 Xalisco 0 510 2372
802 1914 90 55 San_Andrés_Yaá 0 802 1914
381 2190 115 56 El_Oro_de_Hidalgo 0 381 2190
666 2231 134 63 Tenampulco 0 666 2231
614 1999 58 131 Petlalcingo 0 614 1999
791 1900 144 72 Cajonos 0 791 1900
608 1823 67 100 San_Pedro_Atoyac 0 608 1823
740 2366 99 105 Apulco 0 740 2366
742 1851 83 98 San_Pedro_Apóstol 0 742 1851
559 2090 130 54 Ciudad_de_Atlixco 0 559 2090
695 2020 96 147 Coxcatlán 0 695 2020
589 1651 143 101 Tuxtla_Chico 0 589 1651
675 2189 93 104 San_Juan_Xiutetelco 0 675 2189
337 2397 81 130 Tierra_Nueva 0 337 2397
733 2073 64 85 Aguililla 0 733 2073
509 2171 107 83 Acolman 0 509 2171
347 1903 139 146 Atoyac_de_Álvarez 0 347 1903
614 2081 109 132 Atoyatempan 0 614 2081
633 2088 68 132 Tecamachalco 0 633 2088
608 2090 116 79 Tecali 0 608 2090
807 1898 53 120 Mixistlán 0 807 1898
645 2219 54 103 Caxhuacán 0 645 2219
510 2129 94 147 Chalco 0 510 2129
713 2118 106 61 Huatusco_de_Chicuellar 0 713 2118
598 2230 78 118 Huauchinango 0 598 2230
600 2065 75 82 Huatlatlauca 0 600 2065
697 1962 130 120 San_Miguel_Huautla 0 697 1962
818 1881 99 64 Santa_María_Tepantlali 0 818 1881
552 2136 148 132 San_Matias_Tlalancaleca 0 552 2136
754 1873 135 114 San_Juan_Teitipac 0 754 1873
186 2233 52 120 Zináparo 0 186 2233
308 2197 64 82 Zinapécuaro 0 308 2197
452 3127 126 58 Meoqui 0 452 3127
672 3045 59 51 Quiriego 0 672 3045
212 2205 134 105 Villa_Jiménez 0 212 2205
565 2130 126 141 Tepetitla 0 565 2130
595 2142 117 106 San_Salvador_Tzompantepec 0 595 2142
298 2166 147 129 Tzitzio 0 298 2166
790 1800 96 144 San_Pedro_Mixtepec 0 790 1800
794 1816 118 123 San_Pedro_Mártir_Quiechapa 0 794 1816
705 1767 64 85 San_Pedro_Mixtepec 0 705 1767
300 2455 119 107 Soledad_de_Graciano_Sánchez 0 300 2455
730 1845 84 139 Ayoquezco_de_Aldama 0 730 1845
682 1938 97 94 Santa_María_Chachoápam 0 682 1938
638 1979 70 57 Santa_María_Camotlán 0 638 1979
316 2292 71 98 Comonfort 0 316 2292
524 2114 62 150 Amecameca_de_Juárez 0 524 2114
395 2426 140 131 Ciudad_Fernández 0 395 2426
591 1623 57 122 Ciudad_Hidalgo 0 591 1623
576 1819 95 118 Santa_María_Cortijo 0 576 1819
445 3118 139 140 Rosales 0 445 3118
694 2074 127 85 Soledad_Atzompa 0 694 2074
547 2050 59 60 Atzala 0 547 2050
701 2091 107 116 Atzacan 0 701 2091
500 2101 130 133 Tlalnepantla 0 500 2101
751 2215 129 110 Villamar 0 751 2215
514 2208 137 129 Zapotlán_de_Juárez 0 514 2208
572 1953 127 74 Ahuehuetitlán 0 572 1953
567 1867 96 86 San_Juan_Cancuc 0 567 1867
392 2129 61 122 Amanalco_de_Becerra 0 392 2129
792 1921 99 139 Villa_Talea_de_Castro 0 792 1921
538 2213 120 61 Epazoyucan 0 538 2213
757 1876 99 85 Santa_Cruz_Papalutla 0 757 1876
456 2041 98 121 Buenavista_de_Cuéllar 0 456 2041
720 2136 74 83 Tlaltetela 0 720 2136
572 2215 53 65 Cuautepec_de_Hinojosa 0 572 2215
499 1851 126 62 Cuautepec 0 499 1851
793 2325 62 76 San_Julián 0 793 2325
815 1801 83 140 Santa_María_Quiegolani 0 815 1801
792 1806 114 126 Santa_Catalina_Quieri 0 792 1806
465 2058 64 70 Puente_de_Ixtla 0 465 2058
245 2335 103 53 Mococha 0 245 2335
560 2152 60 72 Españita 0 560 2152
551 1953 58 109 Alpoyeca 0 551 1953
204 2099 59 51 La_Huacana 0 204 2099
768 1762 122 141 Candelaria_Loxicha 0 768 1762
299 1983 63 108 Oluta 0 299 1983
773 1907 114 126 Santa_María_Yavesía 0 773 1907
676 2090 115 126 Atzitzintla 0 676 2090
568 2062 67 98 Totoltepec 0 568 2062
582 2147 124 108 San_Martín_Xaltocan 0 582 2147
444 1951 62 63 Zumpango_del_Río 0 444 1951
773 1880 121 139 Villa_Díaz_Ordaz 0 773 1880
594 2140 56 85 Coaxomulco 0 594 2140
635 1939 94 77 San_Antonino_Monteverde 0 635 1939
722 1913 130 103 San_Francisco_Telixtlahuaca 0 722 1913
716 1827 116 85 San_Francisco_Sola 0 716 1827
437 2842 55 139 Los_Ramones 0 437 2842
419 3398 58 110 Altar 0 419 3398
565 2137 132 89 Ixtacuixtla 0 565 2137
437 2152 56 126 Temoaya 0 437 2152
575 1823 113 82 Santiago_Llano_Grande 0 575 1823
377 2324 150 86 Calotmul 0 377 2324
545 2166 77 74 Calpulalpan 0 545 2166
801 2149 85 50 Nuevo_San_Juan_Parangaricutiro 0 801 2149
623 2091 132 58 Cuapiaxtla_de_Madero 0 623 2091
736 1821 77 108 Santiago_Yogana 0 736 1821
422 2591 103 131 Bustamante 0 422 2591
754 2517 105 96 Guadalupe 0 754 2517
303 2366 118 78 Dzilam_de_Bravo 0 303 2366
340 2305 110 131 Dzitás 0 340 2305
299 2354 99 67 Dzilam_González 0 299 2354
457 1942 99 75 Tixtla_de_Guerrero 0 457 1942
582 2153 86 113 Muñoz_Arenas_de_Domingo 0 582 2153
438 2082 97 85 Zumpahuacán 0 438 2082
358 2182 87 144 Senguio 0 358 2182
578 2053 83 145 Ahuatlán 0 578 2053
587 2216 148 110 Ahuazotepec 0 587 2216
696 2093 66 135 La_Perla 0 696 2093
600 2146 112 116 Xaloztoc 0 600 2146
744 1876 148 61 San_Bartolo_Coyotepec 0 744 1876
642 2295 112 133 Castillo_de_Teayo 0 642 2295
314 2458 139 96 Cerro_de_San_Pedro 0 314 2458
585 2146 67 129 Yauhquemehcan 0 585 2146
777 1859 94 67 San_Dionisio_Ocotepec 0 777 1859
333 2319 84 65 Cenotillo 0 333 2319
674 1922 79 123 Magdalena_Yodocono_de_Porfirio_Díaz 0 674 1922
682 1932 61 95 San_Andrés_Sinaxtla 0 682 1932
564 1953 149 129 Tepetlapa 0 564 1953
700 2078 108 101 San_Andrés_Tenejapan 0 700 2078
423 2197 100 138 San_Andrés_Timilpan 0 423 2197
647 2232 147 117 Coxquihui 0 647 2232
588 2242 140 144 Pahuatlán_de_Valle 0 588 2242
770 2308 100 126 Celestún 0 770 2308
238 2303 83 60 Timucuy 0 238 2303
731 1927 147 72 San_Juan_Bautista_Jayacatlán 0 731 1927
606 2312 114 104 Magdalena 0 606 2312
783 2816 114 139 Parras_de_la_Fuente 0 783 2816
782 1832 90 121 Santa_María_Zoquitlán 0 782 1832
683 1924 51 104 San_Miguel_Tecomatlán 0 683 1924
738 1806 111 123 Zamora_Pico_de_Oro 0 738 1806
238 2332 84 78 Conkal 0 238 2332
633 2209 50 92 Zongozotla 0 633 2209
370 2872 107 94 Salinas_Victoria 0 370 2872
722 2204 74 121 Quitupán 0 722 2204
620 1959 88 115 San_Marcos_Arteaga 0 620 1959
609 1954 57 114 Santo_Domingo_Tonalá 0 609 1954
519 2164 130 81 Tepetlaoxtoc 0 519 2164
211 2212 50 122 Panindícuaro 0 211 2212
605 1819 130 127 San_Pedro_Jicayán 0 605 1819
701 1950 111 51 Santa_María_Apazco 0 701 1950
640 1909 60 126 Heroica_Ciudad_de_Tlaxiaco 0 640 1909
768 1807 148 79 San_Ildefonso_Amatlán 0 768 1807
192 2294 101 76 Ciudad_Manuel_Doblado 0 192 2294
583 2119 127 122 Papalotla 0 583 2119
566 2185 128 63 Autlán_de_Navarro 0 566 2185
691 1950 72 90 Chicahua 0 691 1950
801 1923 76 75 Santa_María_Temaxcalapa 0 801 1923
685 1846 136 112 Santiago_Textitlán 0 685 1846
518 2104 83 100 Tepetlixpa 0 518 2104
577 1708 145 84 El_Porvenir_de_Velasco_Suárez 0 577 1708
417 2179 103 62 Jocotitlán 0 417 2179
301 2191 149 50 Queréndaro 0 301 2191
532 1993 112 63 Ixcamilpa 0 532 1993
600 2106 112 138 Amozoc 0 600 2106
428 1952 74 142 Chichihualco 0 428 1952
405 2086 96 109 Almoloya_de_Alquisiras 0 405 2086
613 2153 117 84 Terrenate 0 613 2153
574 2126 80 58 Tetlatlahuca 0 574 2126
569 2119 92 78 Tlaltenango 0 569 2119
614 1882 59 124 Putla_Villa_de_Guerrero 0 614 1882
558 2132 75 61 San_Martin_Texmelucan_de_Labastida 0 558 2132
648 2227 88 103 Zozocolco_de_Hidalgo 0 648 2227
694 2178 123 101 Las_Minas 0 694 2178
714 2125 125 63 Totutla 0 714 2125
641 2214 93 62 Ixtepec 0 641 2214
739 1859 104 95 Santa_Inés_Yatzeche 0 739 1859
680 2046 142 142 San_Antonio_Cañada 0 680 2046
772 2232 111 121 Ixtlán_de_los_Hervores 0 772 2232
616 2090 141 116 Mixtla 0 616 2090
502 2141 116 106 Los_Reyes_Acaquilpan 0 502 2141
625 2095 101 85 Los_Reyes_de_Juárez 0 625 2095
778 2245 64 107 Tanhuato_de_Guerrero 0 778 2245
539 2071 101 92 Tepemaxalco 0 539 2071
589 2146 61 98 Apizaco 0 589 2146
380 2852 71 115 Ciudad_Apodaca 0 380 2852
705 1959 105 119 Texcatitlán 0 705 1959
636 2114 68 133 Mazapiltepec 0 636 2114
514 2087 109 148 Yecapixtla 0 514 2087
580 2128 94 60 Tepeyanco 0 580 2128
576 1740 75 100 Chicomuselo 0 576 1740
788 1801 64 119 San_Juan_Mixtepec 0 788 1801
624 1913 71 54 San_Juan_Mixtepec 0 624 1913
711 2138 85 81 Cosautlán_de_Carvajal 0 711 2138
795 1906 147 140 Yatzachi 0 795 1906
493 2087 88 109 Yautepec_de_Zaragoza 0 493 2087
712 2144 100 118 Teocelo 0 712 2144
320 2585 56 94 Villa_de_Guadalupe 0 320 2585
339 2855 89 94 García 0 339 2855
732 1792 79 57 San_Sebastián_Coatlán 0 732 1792
756 1880 68 60 San_Sebastián_Abasolo 0 756 1880
596 1869 132 60 Ocosingo 0 596 1869
604 1797 144 104 La_Independencia 0 604 1797
620 1987 57 134 Chila 0 620 1987
627 2006 103 96 Cosoltepec 0 627 2006
777 2352 106 105 San_Juan_de_los_Lagos 0 777 2352
674 2425 83 125 Momax 0 674 2425
812 1887 69 100 Tamazulapam 0 812 1887
748 1892 114 116 San_Andrés_Huayápam 0 748 1892
619 2089 134 61 Hueyotlipan 0 619 2089
748 1863 130 80 Santo_Tomás_Jalieza 0 748 1863
744 1877 150 147 Santa_María_Coyotepec 0 744 1877
730 1852 114 150 Santa_Ana_Tlapacoyan 0 730 1852
514 2126 60 107 Cocotitlán 0 514 2126
379 2135 118 63 Villa_Donato_Guerra 0 379 2135
688 1931 113 147 Asunción_Nochixtlán 0 688 1931
742 1854 54 50 Asunción_Ocotlán 0 742 1854
208 1804 125 143 Asunción_Tlacolulita 0 208 1804
379 2333 56 126 Tierra_Blanca 0 379 2333
348 2200 107 120 Maravatío_de_Ocampo 0 348 2200
530 2074 76 56 Acteopan 0 530 2074
626 2148 109 68 Villa_Atltzayanca_de_Hidalgo 0 626 2148
665 2318 100 55 Túxpam_de_Rodríguez_Cano 0 665 2318
586 1640 112 90 Metapa 0 586 1640
510 2146 74 88 Chicoloapan 0 510 2146
591 1935 73 117 Silacayoápam 0 591 1935
459 2865 84 122 Los_Herreras 0 459 2865
406 2269 136 103 Tequisquiapan 0 406 2269
222 1814 126 97 Magdalena_Tequisistlán 0 222 1814
760 1870 103 102 Magdalena_Teitipac 0 760 1870
439 2117 58 84 Santa_María_Rayón 0 439 2117
750 1888 127 86 Tlalixtac_de_Cabrera 0 750 1888
567 1943 129 130 Tlalixtaquilla 0 567 1943
520 2123 106 75 Tlalmanalco_de_Velázquez 0 520 2123
446 2132 127 127 Lerma_de_Villada 0 446 2132
261 2212 96 58 Huandacareo 0 261 2212
625 2126 117 130 Grajales 0 625 2126
703 2080 139 51 Rafael_Delgado 0 703 2080
666 2222 104 80 Ayotoxco_de_Guerrero 0 666 2222
791 1908 75 111 Yalina 0 791 1908
383 1980 110 94 Las_Choapas 0 383 1980
793 1908 78 99 Zoogocho 0 793 1908
697 2178 92 130 Tatatila 0 697 2178
415 2328 86 135 Peñamiller 0 415 2328
318 1987 95 119 Jáltipan_de_Morelos 0 318 1987
604 1947 123 132 San_Agustín_Atenango 0 604 1947
593 1953 119 73 San_Lorenzo 0 593 1953
582 1953 108 50 Tamazola 0 582 1953
595 1952 112 141 San_Jorge_Nuchita 0 595 1952
621 2208 119 137 Tepetzintla 0 621 2208
772 2484 149 95 San_Pedro_Piedra_Gorda 0 772 2484
816 1857 124 135 San_Pedro_Quiatoni 0 816 1857
691 2080 96 63 Ciudad_Mendoza 0 691 2080
497 2919 107 131 Ciudad_Miguel_Alemán 0 497 2919
482 2060 57 149 Tlaquiltenango 0 482 2060
269 1824 95 116 San_Pedro_Comitancillo 0 269 1824
592 1796 93 110 Comitán_de_Domínguez 0 592 1796
706 2075 84 52 Magdalena 0 706 2075
620 1812 74 63 San_Lorenzo 0 620 1812
802 1919 111 104 San_Ildefonso_Villa_Alta 0 802 1919
634 1971 116 101 Santiago_Huajolotitlán 0 634 1971
704 1930 138 104 Santiago_Huauclilla 0 704 1930
812 1892 97 69 Tlahuitoltepec 0 812 1892
441 2147 80 99 Villa_Cuauhtémoc_Otzolotepec 0 441 2147
632 2130 103 91 Villa_de_Álvarez 0 632 2130
683 1936 101 113 Yucuita 0 683 1936
771 1877 67 146 Yagul 0 771 1877
454 2072 144 147 Coatlán_del_Río 0 454 2072
379 2142 132 149 San_José_Villa_de_Allende 0 379 2142
686 2173 102 109 Villa_Aldama 0 686 2173
544 2047 140 70 Chietla 0 544 2047
229 2172 51 57 Tzintzuntzán 0 229 2172
629 1990 123 149 San_Miguel_Ixitlán 0 629 1990
272 2190 62 95 Tarímbaro 0 272 2190
682 1930 100 62 San_Juan_Sayultepec 0 682 1930
683 1926 108 99 San_Mateo_Etlatongo 0 683 1926
