32
641 5207 146 62 Chisinau 0 641 5207
700 5191 134 104 Tiraspol 0 700 5191
569 5290 73 83 Bălţi 0 569 5290
593 5084 78 129 Cahul 0 593 5084
663 5236 91 77 Dubăsari 0 663 5236
629 5084 96 135 Taraclia 0 629 5084
704 5154 68 71 Ştefan_Vodă 0 704 5154
544 5343 146 69 Donduşeni 0 544 5343
688 5189 123 111 Bender 0 688 5189
522 5335 141 77 Edineţ 0 522 5335
621 5222 90 132 Straşeni 0 621 5222
560 5320 142 148 Drochia 0 560 5320
651 5132 107 82 Basarabeasca 0 651 5132
635 5200 143 117 Ialoveni 0 635 5200
659 5241 119 103 Cocieri 0 659 5241
542 5310 67 96 Rîşcani 0 542 5310
602 5261 56 69 Teleneşti 0 602 5261
596 5305 96 99 Floreşti 0 596 5305
647 5290 138 60 Rezina 0 647 5290
505 5356 65 98 Briceni 0 505 5356
634 5297 143 118 Şoldăneşti 0 634 5297
637 5249 56 54 Orhei 0 637 5249
553 5269 59 113 Făleşti 0 553 5269
532 5358 148 118 Ocniţa 0 532 5358
596 5148 54 108 Leova 0 596 5148
592 5125 81 117 Cantemir 0 592 5125
585 5276 84 133 Sîngerei 0 585 5276
670 5194 80 66 Anenii_Noi 0 670 5194
684 5167 144 146 Căuşeni 0 684 5167
627 5128 122 60 Comrat 0 627 5128
663 5231 97 112 Criuleni 0 663 5231
635 5154 102 76 Cimişlia 0 635 5154
