331
643 5308 53 68 Ulaanbaatar 0 643 5308
432 5431 99 94 Erdenet 0 432 5431
597 5496 121 70 Darhan 0 597 5496
433 5536 65 104 Ulaangom 0 433 5536
716 5428 118 103 Ölgiy 0 716 5428
313 5326 135 136 Choybalsan 0 313 5326
328 5125 111 61 Arvayheer 0 328 5125
583 5498 71 73 Mörön 0 583 5498
586 5565 143 130 Sühbaatar 0 586 5565
684 5260 99 148 Tsetserleg 0 684 5260
607 5413 104 120 Dzüünharaa 0 607 5413
638 5293 148 107 Dzuunmod 0 638 5293
392 5407 104 139 Bulgan 0 392 5407
674 5172 127 113 Baruun-Urt 0 674 5172
453 4824 122 146 Dalandzadgad 0 453 4824
473 5240 130 81 Öndörhaan 0 473 5240
338 5289 103 80 Uliastay 0 338 5289
518 4908 66 92 Ulaan-Uul 0 518 4908
601 5067 140 123 Mandal 0 601 5067
337 5426 124 128 Hödrögö 0 337 5426
433 5250 105 143 Mörön 0 433 5250
594 5372 116 92 Hungiy 0 594 5372
534 5301 97 142 Hunt 0 534 5301
573 5400 57 139 Javhlant 0 573 5400
626 5445 86 110 Javarthushuu 0 626 5445
498 5421 60 96 Orhontuul 0 498 5421
300 5497 119 136 Nogoonnuur 0 300 5497
406 5439 114 112 Namir 0 406 5439
703 5143 133 134 Haraat 0 703 5143
692 5091 100 51 Tsagaan_Ovoo 0 692 5091
558 5040 127 113 Tsagaan-Ovoo 0 558 5040
617 5245 71 150 Sayn-Ust 0 617 5245
632 5115 71 114 Tsant 0 632 5115
418 5302 96 80 Bayanbulag 0 418 5302
389 5104 150 124 Bürenhayrhan 0 389 5104
367 5134 54 103 Taygan 0 367 5134
454 5463 111 92 Sört 0 454 5463
560 5140 52 86 Tavin 0 560 5140
297 5036 149 128 Arguut 0 297 5036
359 5195 89 135 Balgatay 0 359 5195
715 5298 89 145 Arhust 0 715 5298
315 5022 101 146 Tahilt 0 315 5022
641 5104 73 91 Ulaan-Uul 0 641 5104
380 4816 139 75 Dalay 0 380 4816
525 5381 86 146 Orgil 0 525 5381
524 5362 102 51 Orgil 0 524 5362
608 4954 109 93 Örgön 0 608 4954
564 5309 144 122 Argalant 0 564 5309
677 5444 109 111 Rashaant 0 677 5444
594 5016 55 148 Rashaant 0 594 5016
337 5292 62 91 Rashaant 0 337 5292
672 5456 108 67 Naranbulag 0 672 5456
306 5464 65 107 Altanbulag 0 306 5464
303 5325 99 98 Tsagaanders 0 303 5325
300 4832 58 120 Saynshand 0 300 4832
646 5285 115 141 Dzuunmod 0 646 5285
379 5341 123 86 Dzuunmod 0 379 5341
595 5191 104 92 Bayanbaraat 0 595 5191
431 5183 86 64 Bayanbulag 0 431 5183
493 4982 134 79 Bayanbulag 0 493 4982
363 5421 113 120 Bayannuur 0 363 5421
717 5251 77 105 Tavanbulag 0 717 5251
324 5392 105 73 Hüremt 0 324 5392
304 5130 140 116 Hüremt 0 304 5130
483 5169 134 108 Ulaantolgoy 0 483 5169
468 5468 113 127 Naranbulag 0 468 5468
486 5010 61 76 Hashaat 0 486 5010
314 5154 147 104 Bayan-Ulaan 0 314 5154
370 5073 119 87 Tsagaandörvölj 0 370 5073
503 5573 137 142 Dzelter 0 503 5573
556 5527 105 100 Dzel 0 556 5527
317 5280 123 93 Dzegstey 0 317 5280
488 5325 76 102 Tsahir 0 488 5325
328 5536 83 148 Teshig 0 328 5536
568 5320 77 149 Dund-Urt 0 568 5320
398 5317 109 81 Hovd 0 398 5317
360 5256 53 108 Bayan 0 360 5256
645 5308 92 69 Bayan 0 645 5308
666 5205 99 62 Bayan 0 666 5205
486 5223 81 88 Bayan 0 486 5223
435 5122 148 109 Bayan 0 435 5122
506 5377 57 76 Bayan 0 506 5377
543 5475 116 61 Bayan 0 543 5475
521 4931 146 59 Dzalaa 0 521 4931
586 5174 132 117 Bayanhushuu 0 586 5174
633 5493 125 60 Bugant 0 633 5493
402 5435 54 125 Bugat 0 402 5435
559 5487 75 144 Bugat 0 559 5487
279 5402 114 103 Tegsh 0 279 5402
565 5453 85 141 Hongor 0 565 5453
585 5144 124 62 Darvi 0 585 5144
311 5489 126 92 Dashbalbar 0 311 5489
456 4825 117 102 Nüden 0 456 4825
431 4971 63 112 Saynshand 0 431 4971
317 5330 83 136 Höshööt 0 317 5330
656 5422 87 61 Höshööt 0 656 5422
383 4885 75 102 Bulgan 0 383 4885
680 5384 94 150 Holboo 0 680 5384
723 5049 62 147 Tseel 0 723 5049
636 5482 81 81 Tsengel 0 636 5482
656 5353 113 121 Nuga 0 656 5353
516 5614 143 62 Tögöl 0 516 5614
543 5114 84 120 Dzadgay 0 543 5114
512 5197 79 143 Dzag 0 512 5197
419 5342 100 78 Bayanhushuu 0 419 5342
294 5433 117 78 Buga 0 294 5433
612 5322 146 84 Teel 0 612 5322
640 5284 65 50 Buga 0 640 5284
456 5441 82 150 Jargalant 0 456 5441
332 5473 73 97 Hutag 0 332 5473
482 5339 61 121 Bat-Öldziyt 0 482 5339
271 5092 132 61 Mardzad 0 271 5092
724 5020 129 145 Ovoot 0 724 5020
295 5325 81 126 Chandmanĭ 0 295 5325
638 5006 117 137 Horiult 0 638 5006
384 5371 135 147 Har-Us 0 384 5371
429 5431 71 136 Har-Us 0 429 5431
563 5116 93 54 Sergelen 0 563 5116
284 5383 123 145 Sergelen 0 284 5383
290 5188 122 80 Övt 0 290 5188
320 5430 82 76 Oygon 0 320 5430
664 5185 124 87 Dzogsool 0 664 5185
546 5662 129 145 Dzöölön 0 546 5662
457 5605 59 144 Dzüünhövöö 0 457 5605
640 5262 150 111 Dzaanhoshuu 0 640 5262
297 5166 150 123 Bayantal 0 297 5166
593 5368 127 59 Bornuur 0 593 5368
579 5418 120 65 Baruunharaa 0 579 5418
606 5044 130 147 Bayangol 0 606 5044
691 5419 50 85 Uujim 0 691 5419
674 5433 120 84 Bilüü 0 674 5433
378 5163 85 64 Darhan 0 378 5163
422 5342 93 103 Darhan 0 422 5342
566 5481 120 100 Darhan 0 566 5481
678 5601 107 54 Bulgan 0 678 5601
472 4958 133 66 Bulgan 0 472 4958
398 5388 91 77 Övögdiy 0 398 5388
660 5044 94 128 Suugant 0 660 5044
428 5300 83 122 Süüj 0 428 5300
420 5020 97 93 Talshand 0 420 5020
520 5160 106 137 Tsetsegnuur 0 520 5160
481 4951 132 142 Senj 0 481 4951
711 5418 88 108 Songino 0 711 5418
680 5363 99 104 Höövör 0 680 5363
688 5004 77 135 Höövör 0 688 5004
606 5109 98 140 Amardalay 0 606 5109
439 5392 72 115 Eg 0 439 5392
348 4779 143 66 Ergel 0 348 4779
444 5072 136 88 Bor-Üdzüür 0 444 5072
731 5072 141 147 Argatay 0 731 5072
609 5458 107 122 Sharïngol 0 609 5458
564 5374 128 142 Jargalant 0 564 5374
357 5062 145 97 Jargalant 0 357 5062
354 5197 88 60 Jargalant 0 354 5197
685 5352 133 143 Chihertey 0 685 5352
390 5226 107 80 Buyant 0 390 5226
266 4784 65 141 Hövüün 0 266 4784
409 5103 103 111 Mayhan 0 409 5103
432 5196 104 75 Tsenher 0 432 5196
405 5576 82 98 Harmod 0 405 5576
349 5349 140 79 Erhet 0 349 5349
292 4949 115 123 Hovd 0 292 4949
297 5137 54 109 Choyr 0 297 5137
572 5390 54 54 Uldz 0 572 5390
345 5444 112 84 Sümiyn_Bulag 0 345 5444
373 5084 95 91 Chonogol 0 373 5084
390 4829 121 58 Hövsgöl 0 390 4829
464 5234 73 114 Hoviyn_Am 0 464 5234
523 5689 59 58 Tsagaannuur 0 523 5689
335 5229 106 105 Harhorin 0 335 5229
420 5513 59 150 Harhiraa 0 420 5513
308 5174 91 139 Tsagaan-Olom 0 308 5174
480 5458 54 100 Burgaltay 0 480 5458
585 5550 120 63 Delgerhaan 0 585 5550
548 5199 113 120 Bulgan 0 548 5199
468 5160 130 82 Hujirt 0 468 5160
283 5290 103 150 Bayandelger 0 283 5290
715 5500 69 124 Badrah 0 715 5500
544 5483 144 106 Hushaat 0 544 5483
605 5283 70 77 Altanbulag 0 605 5283
388 5276 71 100 Avdzaga 0 388 5276
702 5332 69 100 Altan 0 702 5332
319 5285 120 101 Aldar 0 319 5285
361 5227 72 57 Avraga 0 361 5227
595 5343 59 130 Ihsuuj 0 595 5343
715 5388 63 63 Uubulan 0 715 5388
353 5290 52 70 Modot 0 353 5290
308 5249 139 105 Hotont 0 308 5249
574 5552 83 123 Manhan 0 574 5552
663 5417 93 93 Hujirt 0 663 5417
332 5198 148 73 Hujirt 0 332 5198
634 5458 143 96 Tsetserleg 0 634 5458
462 5242 97 101 Ulaanhudag 0 462 5242
548 5222 76 75 Jargalant 0 548 5222
674 5124 147 90 Sharga 0 674 5124
507 5407 82 69 Sharbulag 0 507 5407
401 4998 87 127 Sangiyn_Dalay 0 401 4998
496 5094 72 114 Sangiyn_Dalay 0 496 5094
371 5167 108 86 Sangiyn_Dalay 0 371 5167
388 5222 128 119 Dzüünbulag 0 388 5222
581 5520 149 87 Orhon 0 581 5520
570 5124 60 62 Dzüyl 0 570 5124
565 5334 102 140 Horgo 0 565 5334
447 5400 134 100 Tosontsengel 0 447 5400
472 5351 113 77 Seer 0 472 5351
616 5523 150 63 Bulag 0 616 5523
313 5341 120 123 Bulag 0 313 5341
632 5117 82 121 Bayanhongor 0 632 5117
589 5472 86 60 Möndööhöö 0 589 5472
691 5236 128 122 Maanĭt 0 691 5236
383 5350 63 100 Maanĭt 0 383 5350
590 5137 104 145 Dzüünbulag 0 590 5137
350 5086 132 83 Tsomog 0 350 5086
425 4795 86 76 Tsoohor 0 425 4795
541 5309 87 145 Ulaanhad 0 541 5309
528 5443 103 54 Nart 0 528 5443
286 5437 123 87 Sharga 0 286 5437
485 5516 135 122 Sharga 0 485 5516
347 5459 141 131 Höhtolgoy 0 347 5459
407 5202 127 94 Ongon 0 407 5202
462 5297 135 65 Tsul-Ulaan 0 462 5297
537 5307 77 97 Dundbürd 0 537 5307
606 5574 53 116 Altanbulag 0 606 5574
459 4848 105 117 Ögöömör 0 459 4848
475 5377 85 142 Bayan-Uhaa 0 475 5377
709 5258 66 112 Altan-Ovoo 0 709 5258
541 5590 133 119 Tooromt 0 541 5590
683 5515 61 75 Bulagtay 0 683 5515
658 5242 122 112 Bulagiyn_Denj 0 658 5242
543 5442 142 50 Hotol 0 543 5442
488 5216 74 110 Altanteel 0 488 5216
289 5139 107 146 Altay 0 289 5139
307 5506 73 117 Altay 0 307 5506
425 5479 124 144 Ingettolgoy 0 425 5479
598 5068 141 74 Mandalgovĭ 0 598 5068
531 5527 50 79 Mandal 0 531 5527
629 5360 113 124 Mandal 0 629 5360
627 5388 54 98 Dzüünkharaa 0 627 5388
391 5387 150 89 Mandal 0 391 5387
404 5194 101 81 Ulaan-Ereg 0 404 5194
398 5483 149 73 Halban 0 398 5483
693 5104 148 73 Hajuu-Us 0 693 5104
684 5196 92 134 Haylaastay 0 684 5196
342 4949 80 134 Öldziyt 0 342 4949
674 5378 106 69 Öldziyt 0 674 5378
340 5486 134 138 Asgat 0 340 5486
532 5044 144 50 Bayansayr 0 532 5044
450 5151 63 50 Delgermörön 0 450 5151
530 5550 53 58 Huurch 0 530 5550
503 5195 90 58 Bayantöhöm 0 503 5195
298 5366 141 136 Tolbo 0 298 5366
564 5402 77 85 Ider 0 564 5402
518 5301 61 146 Lün 0 518 5301
320 5106 129 60 Shiveegovi 0 320 5106
467 5238 56 89 Herlen 0 467 5238
496 5562 61 95 Altraga 0 496 5562
699 5138 149 102 Ulaandel 0 699 5138
709 5004 121 144 Hongor 0 709 5004
515 5071 133 138 Hongor 0 515 5071
458 5042 129 73 Chandmanĭ 0 458 5042
424 4944 100 101 Sharhulsan 0 424 4944
510 4742 129 148 Sangiyn_Dalay 0 510 4742
423 5100 80 105 Üyönch 0 423 5100
718 5320 76 62 Öndörhushuu 0 718 5320
407 5526 110 104 Ereentsav 0 407 5526
629 5399 64 100 Bayantsagaan 0 629 5399
622 5028 74 105 Bodĭ 0 622 5028
559 4838 128 93 Baruunsuu 0 559 4838
646 4882 77 91 Üydzin 0 646 4882
413 5237 92 111 Ulaanshiveet 0 413 5237
599 5500 86 80 Baruunturuun 0 599 5500
669 4790 75 103 Urt 0 669 4790
386 5178 99 86 Mönhbulag 0 386 5178
647 5268 55 62 Höshigiyn-Ar 0 647 5268
544 4988 76 83 Ulaanjirem 0 544 4988
722 5296 136 53 Jargalant 0 722 5296
636 5592 140 97 Höhöö 0 636 5592
585 5274 74 116 Hanhöhiy 0 585 5274
591 5265 59 51 Jargalant 0 591 5265
650 5114 144 140 Hatavch 0 650 5114
645 4934 147 138 Hatansuudal 0 645 4934
678 5478 70 114 Selenge 0 678 5478
699 5503 61 79 Dzur 0 699 5503
321 5217 146 58 Tsagaanchuluut 0 321 5217
526 4920 95 85 Doloon 0 526 4920
411 5324 102 61 Buyant 0 411 5324
686 5382 125 53 Buyant 0 686 5382
474 5110 106 85 Buyant 0 474 5110
487 5121 60 57 Buyant 0 487 5121
539 5422 104 137 Erdenet 0 539 5422
684 5553 70 87 Eg-Uur 0 684 5553
638 5141 130 54 Erdenetsogt 0 638 5141
591 4758 138 103 Erdenetsogt 0 591 4758
440 5251 61 108 Tögrög 0 440 5251
650 5069 78 51 Tögrög 0 650 5069
605 5063 75 59 Shireet 0 605 5063
375 5078 83 104 Shiree 0 375 5078
338 5262 83 125 Shiree 0 338 5262
678 4785 105 59 Ihbulag 0 678 4785
486 5251 92 97 Bayshint 0 486 5251
303 5505 141 111 Bayshint 0 303 5505
473 5297 121 141 Urdgol 0 473 5297
342 5044 136 145 Hoolt 0 342 5044
342 5366 101 99 Hulstay 0 342 5366
677 5459 116 111 Jargalant 0 677 5459
590 5457 141 78 Jargalant 0 590 5457
596 5502 117 113 Jargalant 0 596 5502
563 5546 63 94 Jargalant 0 563 5546
470 5384 77 139 Onon 0 470 5384
615 5708 53 139 Turt 0 615 5708
413 5033 114 126 Ongi 0 413 5033
291 5149 81 141 Ongi 0 291 5149
313 5436 86 74 Tsagaantüngi 0 313 5436
404 5550 103 129 Havtsal 0 404 5550
662 5059 136 122 Havirga 0 662 5059
530 5345 119 123 Ar-Asgat 0 530 5345
613 5124 86 133 Höhbürd 0 613 5124
279 5090 119 119 Haliun 0 279 5090
519 5507 134 132 Tsalgar 0 519 5507
724 5207 148 62 Buyanbat 0 724 5207
527 5455 65 129 Enhtal 0 527 5455
281 4919 83 84 Töhöm 0 281 4919
430 5146 115 105 Bumbat 0 430 5146
397 5263 92 58 Duut 0 397 5263
652 4942 58 146 Bayan-Ovoo 0 652 4942
546 5429 99 112 Bayan-Ovoo 0 546 5429
583 5292 146 55 Jibhalant 0 583 5292
579 5203 131 116 Bayasgalant 0 579 5203
291 5229 114 147 Bayasgalant 0 291 5229
613 5279 79 142 Sümber 0 613 5279
286 5014 136 91 Böhöt 0 286 5014
