26
360 4701 31 17 Potkrajnica 0 360 4701
415 4751 43 22 Petnjica 0 415 4751
351 4643 44 23 Ulcinj 0 351 4643
321 4683 48 26 Budva 0 321 4683
332 4737 40 23 Nikšić 0 332 4737
344 4712 27 27 Danilovgrad 0 344 4712
310 4700 41 21 Tivat 0 310 4700
432 4743 45 25 Rožaje 0 432 4743
354 4688 32 23 Golubovci 0 354 4688
413 4716 32 29 Plav 0 413 4716
324 4780 49 18 Plužine 0 324 4780
342 4661 43 30 Bar 0 342 4661
357 4700 35 21 Podgorica 0 357 4700
384 4757 28 26 Mojkovac 0 384 4757
347 4779 50 23 Žabljak 0 347 4779
297 4703 40 16 Herceg-Novi 0 297 4703
344 4757 43 25 Šavnik 0 344 4757
329 4695 48 20 Cetinje 0 329 4695
362 4691 35 27 Tuzi 0 362 4691
401 4731 42 20 Andrijevica 0 401 4731
379 4742 46 22 Kolašin 0 379 4742
407 4743 41 15 Berane 0 407 4743
316 4699 32 24 Kotor 0 316 4699
397 4764 36 18 Bijelo_Polje 0 397 4764
404 4712 33 22 Gusinje 0 404 4712
366 4801 49 18 Pljevlja 0 366 4801
