408
589 5771 26 17 The_Hague 0 589 5771
630 5801 50 15 Amsterdam 0 630 5801
603 5752 31 18 Rotterdam 0 603 5752
645 5773 35 30 Utrecht 0 645 5773
671 5702 31 15 Eindhoven 0 671 5702
614 5805 49 15 Haarlemmerliede 0 614 5805
336 5899 40 22 Groningen 0 336 5899
700 5762 44 28 Arnhem 0 700 5762
659 5730 38 16 ’s-Hertogenbosch 0 659 5730
687 5898 32 15 Leeuwarden 0 687 5898
688 5636 39 19 Maastricht 0 688 5636
302 5821 27 15 Zwolle 0 302 5821
336 5874 32 27 Assen 0 336 5874
542 5705 50 16 Middelburg 0 542 5705
619 5805 30 30 Halfweg 0 619 5805
669 5896 41 16 Franeker 0 669 5896
349 5875 43 17 Gieten 0 349 5875
664 5687 34 25 Bergeijk 0 664 5687
653 5769 39 15 Odijk 0 653 5769
318 5899 32 22 Grootegast 0 318 5899
627 5812 36 29 Oostzaan 0 627 5812
622 5748 48 16 Bleskensgraaf 0 622 5748
612 5803 30 21 Haarlem 0 612 5803
667 5821 25 29 Lelystad 0 667 5821
671 5691 47 15 Valkenswaard 0 671 5691
694 5649 44 16 Stein 0 694 5649
298 5767 26 30 De_Steeg 0 298 5767
319 5859 47 28 Diever 0 319 5859
345 5920 50 26 Uithuizen 0 345 5920
625 5789 33 25 Uithoorn 0 625 5789
604 5760 37 21 Bergschenhoek 0 604 5760
615 5703 30 18 Zundert 0 615 5703
690 5807 32 19 Nunspeet 0 690 5807
702 5644 46 17 Nuth 0 702 5644
681 5756 42 25 Opheusden 0 681 5756
675 5766 35 28 Veenendaal 0 675 5766
637 5907 38 23 Oost-Vlieland 0 637 5907
580 5734 44 15 Middelharnis 0 580 5734
340 5803 27 24 Almelo 0 340 5803
654 5693 50 23 Bladel 0 654 5693
573 5681 39 19 Hulst 0 573 5681
611 5741 37 17 Zwijndrecht 0 611 5741
703 5803 50 17 Epe 0 703 5803
338 5827 29 19 Hardenberg 0 338 5827
349 5793 36 20 Hengelo 0 349 5793
605 5790 36 25 Lisse 0 605 5790
678 5704 31 23 Nuenen 0 678 5704
658 5725 46 16 Vught 0 658 5725
653 5793 45 26 Blaricum 0 653 5793
317 5892 26 28 Marum 0 317 5892
692 5814 45 19 Elburg 0 692 5814
350 5892 33 22 Hoogezand 0 350 5892
681 5726 30 29 Uden 0 681 5726
613 5744 46 30 Hendrik-Ido-Ambacht 0 613 5744
597 5741 48 17 Oud-Beijerland 0 597 5741
335 5789 34 22 Goor 0 335 5789
675 5837 41 20 Urk 0 675 5837
660 5767 41 22 Doorn 0 660 5767
364 5805 35 19 Denekamp 0 364 5805
696 5871 44 27 Heerenveen 0 696 5871
708 5675 30 26 Roermond 0 708 5675
669 5696 39 26 Waalre 0 669 5696
678 5925 49 27 Ballum 0 678 5925
689 5681 27 27 Weert 0 689 5681
698 5638 35 16 Valkenburg 0 698 5638
615 5714 34 26 Etten-Leur 0 615 5714
647 5914 34 26 West-Terschelling 0 647 5914
608 5710 46 25 Rucphen 0 608 5710
643 5761 46 18 Vianen 0 643 5761
666 5708 39 16 Best 0 666 5708
694 5640 29 20 Meerssen 0 694 5640
571 5700 40 25 Kruiningen 0 571 5700
706 5640 40 22 Voerendaal 0 706 5640
347 5837 30 30 Coevorden 0 347 5837
657 5783 50 30 Soest 0 657 5783
292 5644 29 29 Landgraaf 0 292 5644
310 5842 47 28 Meppel 0 310 5842
678 5699 43 30 Geldrop 0 678 5699
332 5859 34 15 Beilen 0 332 5859
687 5706 40 17 Helmond 0 687 5706
577 5742 29 27 Hellevoetsluis 0 577 5742
613 5767 42 19 Waddinxveen 0 613 5767
310 5906 36 21 Kollum 0 310 5906
330 5776 36 15 Borculo 0 330 5776
623 5726 29 15 Made 0 623 5726
702 5739 48 24 Groesbeek 0 702 5739
690 5749 50 20 Beuningen 0 690 5749
630 5741 37 16 Werkendam 0 630 5741
610 5723 31 23 Zevenbergen 0 610 5723
539 5699 32 29 Vlissingen 0 539 5699
661 5718 28 19 Boxtel 0 661 5718
704 5725 42 19 Boxmeer 0 704 5725
296 5685 40 24 Reuver 0 296 5685
692 5729 32 16 Mill 0 692 5729
647 5840 43 28 Hoogkarspel 0 647 5840
673 5750 29 25 Beneden-Leeuwen 0 673 5750
319 5750 33 20 Gendringen 0 319 5750
687 5872 43 20 Joure 0 687 5872
678 5752 29 19 Druten 0 678 5752
595 5754 28 23 Schiedam 0 595 5754
622 5743 28 15 Sliedrecht 0 622 5743
609 5776 44 22 Hazerswoude-Rijndijk 0 609 5776
612 5816 48 26 Beverwijk 0 612 5816
677 5906 42 30 Sint_Annaparochie 0 677 5906
308 5780 43 27 Zutphen 0 308 5780
711 5628 27 16 Vaals 0 711 5628
624 5714 44 28 Breda 0 624 5714
611 5784 44 29 Roelofarendsveen 0 611 5784
698 5734 34 22 Cuijk 0 698 5734
654 5842 43 24 Enkhuizen 0 654 5842
355 5787 46 18 Enschede 0 355 5787
698 5752 43 17 Bemmel 0 698 5752
695 5763 50 20 Oosterbeek 0 695 5763
608 5751 42 30 Krimpen_aan_den_IJssel 0 608 5751
314 5760 32 30 Doetinchem 0 314 5760
605 5716 41 23 Oudenbosch 0 605 5716
656 5787 25 19 Baarn 0 656 5787
615 5751 40 29 Lekkerkerk 0 615 5751
683 5761 27 16 Wageningen 0 683 5761
303 5694 41 28 Venlo 0 303 5694
685 5715 45 24 Gemert 0 685 5715
629 5729 44 29 Raamsdonksveer 0 629 5729
623 5836 48 22 Heerhugowaard 0 623 5836
596 5783 31 20 Katwijk 0 596 5783
685 5720 35 22 Boekel 0 685 5720
701 5862 35 26 Wolvega 0 701 5862
673 5887 46 30 Wommels 0 673 5887
645 5716 25 22 Tilburg 0 645 5716
618 5833 41 29 Alkmaar 0 618 5833
590 5739 49 21 Piershil 0 590 5739
697 5814 26 23 Oldebroek 0 697 5814
580 5750 28 29 Brielle 0 580 5750
333 5755 39 15 Aalten 0 333 5755
694 5756 41 16 Elst 0 694 5756
338 5809 42 27 Vriezenveen 0 338 5809
603 5710 26 27 Roosendaal 0 603 5710
305 5807 26 21 Wijhe 0 305 5807
340 5908 29 16 Bedum 0 340 5908
661 5692 28 21 Eersel 0 661 5692
646 5795 42 22 Naarden 0 646 5795
624 5818 29 20 Wormer 0 624 5818
619 5784 38 19 Nieuwveen 0 619 5784
612 5754 30 16 Ouderkerk_aan_den_IJssel 0 612 5754
630 5795 31 22 Ouderkerk_aan_de_Amstel 0 630 5795
614 5747 34 28 Alblasserdam 0 614 5747
650 5777 49 26 Bilthoven 0 650 5777
558 5687 43 29 Terneuzen 0 558 5687
333 5762 27 27 Lichtenvoorde 0 333 5762
634 5800 48 24 Diemen 0 634 5800
660 5708 44 26 Oirschot 0 660 5708
636 5838 35 26 Wognum 0 636 5838
303 5766 50 28 Doesburg 0 303 5766
678 5695 40 15 Heeze 0 678 5695
563 5722 47 25 Zierikzee 0 563 5722
689 5737 46 23 Grave 0 689 5737
643 5728 48 19 Waalwijk 0 643 5728
599 5788 32 24 Noordwijk 0 599 5788
702 5789 40 30 Apeldoorn 0 702 5789
637 5742 49 19 Woudrichem 0 637 5742
367 5886 42 21 Oude_Pekela 0 367 5886
349 5808 25 24 Tubbergen 0 349 5808
590 5759 47 24 Schipluiden 0 590 5759
602 5768 33 29 Zoetermeer 0 602 5768
602 5775 46 17 Zoeterwoude 0 602 5775
323 5782 30 16 Lochem 0 323 5782
301 5749 25 22 Lobith 0 301 5749
662 5894 47 29 Harlingen 0 662 5894
356 5861 41 21 Exloo 0 356 5861
643 5751 29 27 Leerdam 0 643 5751
697 5746 45 21 Nijmegen 0 697 5746
566 5722 29 29 Kapelle 0 566 5722
648 5789 30 18 Hilversum 0 648 5789
684 5822 36 24 Dronten 0 684 5822
674 5738 26 19 Oss 0 674 5738
308 5792 50 30 Deventer 0 308 5792
358 5797 31 18 Oldenzaal 0 358 5797
662 5723 33 22 Sint-Michielsgestel 0 662 5723
290 5670 45 18 Sint_Odiliënberg 0 290 5670
670 5715 36 22 Sint-Oedenrode 0 670 5715
647 5736 38 23 Wijk_en_Aalburg 0 647 5736
375 5867 40 19 Sellingen 0 375 5867
685 5843 46 20 Emmeloord 0 685 5843
650 5692 29 16 Reusel 0 650 5692
635 5826 31 16 Oosthuizen 0 635 5826
623 5811 48 22 Zaandam 0 623 5811
556 5702 48 24 Heinkenszand 0 556 5702
628 5785 37 18 Mijdrecht 0 628 5785
621 5759 42 18 Stolwijk 0 621 5759
648 5766 48 15 Houten 0 648 5766
607 5738 38 21 Maasdam 0 607 5738
573 5747 31 27 Rockanje 0 573 5747
621 5850 32 23 Schagen 0 621 5850
590 5753 30 30 Vlaardingen 0 590 5753
622 5755 37 29 Bergambacht 0 622 5755
304 5883 43 19 Beetsterzwaag 0 304 5883
318 5874 49 27 Oosterwolde 0 318 5874
295 5704 28 27 Horst 0 295 5704
633 5759 46 22 Lopik 0 633 5759
614 5829 32 22 Heiloo 0 614 5829
608 5812 32 30 IJmuiden 0 608 5812
633 5819 28 30 Purmerend 0 633 5819
682 5858 28 20 Lemmer 0 682 5858
327 5890 46 17 Roden 0 327 5890
707 5690 47 28 Panningen 0 707 5690
708 5648 34 28 Brunssum 0 708 5648
634 5768 46 27 Montfoort 0 634 5768
688 5696 33 22 Someren 0 688 5696
341 5894 42 18 Haren 0 341 5894
298 5808 44 21 Heerde 0 298 5808
628 5765 37 29 Oudewater 0 628 5765
610 5801 40 24 Heemstede 0 610 5801
691 5628 47 17 Eijsden 0 691 5628
591 5715 35 16 Steenbergen 0 591 5715
595 5771 44 22 Leidschendam 0 595 5771
699 5723 30 26 Sint_Anthonis 0 699 5723
343 5760 27 21 Winterswijk 0 343 5760
335 5911 39 16 Winsum 0 335 5911
641 5799 48 18 Muiden 0 641 5799
303 5758 32 16 Didam 0 303 5758
617 5764 41 17 Gouda 0 617 5764
597 5764 44 19 Pijnacker 0 597 5764
615 5821 48 29 Uitgeest 0 615 5821
622 5838 39 17 Zuid-Scharwoude 0 622 5838
652 5806 36 27 Almere 0 652 5806
599 5732 46 21 Numansdorp 0 599 5732
604 5787 43 18 Sassenheim 0 604 5787
603 5803 29 20 Zandvoort 0 603 5803
635 5705 38 15 Alphen 0 635 5705
613 5777 25 18 Alphen_aan_den_Rijn 0 613 5777
370 5881 42 21 Wedde 0 370 5881
629 5823 46 25 Middenbeemster 0 629 5823
652 5791 39 24 Laren 0 652 5791
310 5904 39 29 Buitenpost 0 310 5904
635 5743 27 16 Gorinchem 0 635 5743
607 5733 48 19 Strijen 0 607 5733
639 5778 27 24 Maarssen 0 639 5778
699 5898 47 20 Burgum 0 699 5898
325 5839 48 16 Zuidwolde 0 325 5839
648 5792 41 30 Bussum 0 648 5792
652 5841 31 23 Bovenkarspel 0 652 5841
613 5823 47 29 Castricum 0 613 5823
345 5780 49 30 Haaksbergen 0 345 5780
315 5770 47 18 Hengelo 0 315 5770
630 5773 32 27 Woerden 0 630 5773
700 5666 49 15 Echt 0 700 5666
666 5759 50 15 Maurik 0 666 5759
356 5910 45 19 Appingedam 0 356 5910
634 5749 49 26 Hoornaar 0 634 5749
327 5903 44 23 Zuidhorn 0 327 5903
678 5879 25 26 Sneek 0 678 5879
661 5738 49 15 Kerkdriel 0 661 5738
608 5754 43 27 Capelle_aan_den_IJssel 0 608 5754
674 5864 33 30 Balk 0 674 5864
654 5719 29 16 Haaren 0 654 5719
330 5844 33 17 Hoogeveen 0 330 5844
592 5697 35 23 Hoogerheide 0 592 5697
670 5734 41 25 Geffen 0 670 5734
618 5868 49 16 Den_Helder 0 618 5868
630 5841 42 25 Opmeer 0 630 5841
644 5750 47 28 Asperen 0 644 5750
630 5723 41 15 Oosterhout 0 630 5723
683 5768 45 26 Ede 0 683 5768
562 5706 47 24 Goes 0 562 5706
305 5774 37 22 Brummen 0 305 5774
640 5818 39 23 Volendam 0 640 5818
368 5890 38 18 Winschoten 0 368 5890
293 5639 36 15 Kerkrade 0 293 5639
676 5779 43 21 Barneveld 0 676 5779
704 5761 30 19 Westervoort 0 704 5761
594 5764 45 16 Delft 0 594 5764
668 5721 26 18 Schijndel 0 668 5721
325 5915 45 25 Leens 0 325 5915
679 5797 27 20 Ermelo 0 679 5797
627 5743 47 24 Hardinxveld-Giessendam 0 627 5743
691 5698 27 22 Asten 0 691 5698
584 5710 28 23 Tholen 0 584 5710
703 5766 42 30 Rozendaal 0 703 5766
679 5683 34 18 Budel 0 679 5683
636 5753 26 16 Meerkerk 0 636 5753
328 5803 45 17 Nijverdal 0 328 5803
605 5745 25 18 Barendrecht 0 605 5745
296 5749 45 27 Millingen_aan_de_Rijn 0 296 5749
300 5756 45 22 Zevenaar 0 300 5756
639 5797 40 23 Weesp 0 639 5797
689 5886 25 21 Grou 0 689 5886
703 5633 39 17 Gulpen 0 703 5633
303 5830 41 22 Hasselt 0 303 5830
324 5893 30 23 Leek 0 324 5893
638 5813 26 15 Monnickendam 0 638 5813
551 5715 32 30 Wissenkerke 0 551 5715
534 5686 30 28 Oostburg 0 534 5686
346 5796 33 22 Borne 0 346 5796
587 5752 35 22 Maassluis 0 587 5752
709 5635 36 18 Simpelveld 0 709 5635
699 5912 35 16 Dokkum 0 699 5912
302 5791 39 20 Twello 0 302 5791
610 5760 47 28 Nieuwerkerk_aan_den_IJssel 0 610 5760
653 5773 49 24 Zeist 0 653 5773
585 5744 38 28 Abbenbroek 0 585 5744
705 5731 38 30 Gennep 0 705 5731
672 5773 45 19 Scherpenzeel 0 672 5773
633 5721 46 27 Dongen 0 633 5721
596 5745 44 17 Poortugaal 0 596 5745
353 5898 39 29 Slochteren 0 353 5898
639 5835 44 16 Hoorn 0 639 5835
679 5803 46 22 Harderwijk 0 679 5803
676 5721 50 16 Veghel 0 676 5721
672 5800 32 16 Zeewolde 0 672 5800
294 5720 35 29 Bergen 0 294 5720
706 5712 36 27 Venray 0 706 5712
653 5729 34 15 Vlijmen 0 653 5729
295 5759 26 27 Duiven 0 295 5759
654 5797 38 18 Huizen 0 654 5797
696 5740 34 15 Malden 0 696 5740
689 5744 38 29 Wijchen 0 689 5744
599 5781 44 28 Oegstgeest 0 599 5781
668 5778 46 16 Leusden 0 668 5778
634 5701 49 24 Baarle-Nassau 0 634 5701
627 5756 46 30 Schoonhoven 0 627 5756
668 5751 39 22 Tiel 0 668 5751
645 5785 36 22 Nieuw-Loosdrecht 0 645 5785
632 5717 44 26 Rijen 0 632 5717
311 5836 40 25 Staphorst 0 311 5836
300 5817 40 30 Hattem 0 300 5817
314 5807 39 18 Raalte 0 314 5807
656 5745 29 29 Neerijnen 0 656 5745
642 5725 38 22 Kaatsheuvel 0 642 5725
644 5764 37 28 Nieuwegein 0 644 5764
653 5717 29 16 Oisterwijk 0 653 5717
676 5760 38 16 Rhenen 0 676 5760
357 5889 39 22 Muntendam 0 357 5889
688 5913 48 28 Ferwert 0 688 5913
337 5883 37 27 Vries 0 337 5883
660 5760 28 30 Wijk_bij_Duurstede 0 660 5760
684 5730 46 27 Zeeland 0 684 5730
335 5804 25 18 Wierden 0 335 5804
359 5887 26 28 Veendam 0 359 5887
665 5772 39 24 Woudenberg 0 665 5772
600 5776 39 26 Voorschoten 0 600 5776
709 5650 45 30 Schinveld 0 709 5650
703 5647 29 23 Schinnen 0 703 5647
306 5852 47 15 Steenwijk 0 306 5852
625 5859 47 21 Anna_Paulowna 0 625 5859
345 5905 44 20 Ten_Boer 0 345 5905
325 5822 34 15 Ommen 0 325 5822
611 5748 31 17 Ridderkerk 0 611 5748
534 5712 37 27 Domburg 0 534 5712
620 5772 34 22 Bodegraven 0 620 5772
643 5710 26 15 Goirle 0 643 5710
674 5734 27 21 Heesch 0 674 5734
653 5758 26 26 Culemborg 0 653 5758
702 5746 27 21 Beek-Ubbergen 0 702 5746
682 5710 43 20 Beek_en_Donk 0 682 5710
696 5646 50 16 Beek 0 696 5646
702 5681 33 22 Heythuysen 0 702 5681
361 5911 37 18 Delfzijl 0 361 5911
701 5653 37 27 Sittard 0 701 5653
677 5900 49 27 Menaam 0 677 5900
620 5792 35 16 Aalsmeer 0 620 5792
699 5737 32 17 Mook 0 699 5737
360 5875 46 22 Stadskanaal 0 360 5875
358 5851 33 20 Emmen 0 358 5851
699 5908 46 29 Damwâld 0 699 5908
313 5821 27 28 Dalfsen 0 313 5821
364 5791 45 26 Losser 0 364 5791
349 5911 28 26 Loppersum 0 349 5911
673 5710 47 20 Son_en_Breugel 0 673 5710
631 5832 33 17 De_Goorn 0 631 5832
311 5929 48 19 Schiermonnikoog 0 311 5929
590 5744 32 17 Spijkenisse 0 590 5744
638 5765 29 20 IJsselstein 0 638 5765
691 5685 40 22 Nederweert 0 691 5685
694 5704 26 24 Deurne 0 694 5704
609 5805 34 23 Overveen 0 609 5805
654 5791 26 23 Eemnes 0 654 5791
670 5788 50 18 Nijkerk 0 670 5788
630 5810 44 25 Landsmeer 0 630 5810
615 5797 36 21 Hoofddorp 0 615 5797
583 5761 42 23 Naaldwijk 0 583 5761
627 5797 45 17 Amstelveen 0 627 5797
674 5772 44 18 Renswoude 0 674 5772
608 5794 26 15 Hillegom 0 608 5794
648 5705 50 17 Hilvarenbeek 0 648 5705
662 5790 26 23 Bunschoten-Spakenburg 0 662 5790
601 5792 25 30 Noordwijkerhout 0 601 5792
654 5741 45 27 Zaltbommel 0 654 5741
668 5698 40 28 Veldhoven 0 668 5698
604 5781 25 23 Leiden 0 604 5781
605 5779 29 22 Leiderdorp 0 605 5779
305 5888 30 15 Drachten 0 305 5888
678 5793 49 27 Putten 0 678 5793
684 5904 49 30 Stiens 0 684 5904
617 5744 39 16 Papendrecht 0 617 5744
623 5831 48 30 Stompetoren 0 623 5831
702 5669 28 28 Maasbracht 0 702 5669
708 5640 34 18 Heerlen 0 708 5640
613 5819 29 18 Heemskerk 0 613 5819
589 5705 48 22 Bergen_op_Zoom 0 589 5705
696 5827 33 24 Kampen 0 696 5827
663 5781 40 23 Amersfoort 0 663 5781
624 5824 36 26 De_Rijp 0 624 5824
614 5770 36 29 Boskoop 0 614 5770
620 5880 46 20 Den_Burg 0 620 5880
592 5774 45 29 Wassenaar 0 592 5774
658 5750 38 18 Geldermalsen 0 658 5750
617 5740 42 24 Dordrecht 0 617 5740
589 5764 31 19 Rijswijk 0 589 5764
330 5798 37 16 Rijssen 0 330 5798
