36
300 5917 62 97 Auckland 0 300 5917
314 5425 100 147 Wellington 0 314 5425
631 5178 100 150 Christchurch_City 0 631 5178
281 5918 106 120 Waitakere 0 281 5918
298 5923 78 62 Northcote 0 298 5923
348 5816 104 55 Hamilton 0 348 5816
426 5828 69 82 Tauranga 0 426 5828
461 4920 142 117 Dunedin 0 461 4920
325 5435 111 123 Lower_Hutt 0 325 5435
382 5532 71 136 Palmerston_North 0 382 5532
691 5428 134 138 Nelson 0 691 5428
492 5629 103 122 Napier 0 492 5629
318 5444 123 138 Porirua_Pa 0 318 5444
247 5671 144 136 New_Plymouth 0 247 5671
297 4854 103 117 Invercargill 0 297 4854
333 5577 84 95 Wanganui 0 333 5577
587 5721 82 103 Gisborne 0 587 5721
520 5083 140 68 Timaru 0 520 5083
318 5880 50 89 Pukekohe_East 0 318 5880
330 5470 123 132 Paraparaumu_Beach 0 330 5470
420 5717 141 137 Taupo 0 420 5717
387 5464 128 65 Masterton 0 387 5464
354 5500 87 51 Levin 0 354 5500
500 5796 150 69 Whakatane 0 500 5796
400 5767 121 147 Tokoroa 0 400 5767
266 5614 119 96 Hawera 0 266 5614
517 5300 107 119 Greymouth 0 517 5300
369 5889 65 114 Thames 0 369 5889
770 6098 148 97 Kerikeri 0 770 6098
351 5047 66 96 Wanaka 0 351 5047
548 5377 126 95 Westport 0 548 5377
407 5682 108 62 Turangi 0 407 5682
497 5270 63 134 Hokitika 0 497 5270
720 5302 58 95 Waioruarangi 0 720 5302
712 4967 73 70 Te_Anau 0 712 4967
537 5133 61 108 Waitangi 0 537 5133
