750
543 713 108 87 Lagos 0 543 713
447 1326 63 114 Kano 0 447 1326
599 815 88 139 Ibadan 0 599 815
338 1004 91 98 Abuja 0 338 1004
329 1164 109 99 Kaduna 0 329 1164
790 701 81 131 Benin_City 0 790 701
803 832 98 84 Ikare 0 803 832
279 528 73 93 Port_Harcourt 0 279 528
636 899 131 139 Ogbomoso 0 636 899
318 564 97 129 Aba 0 318 564
299 1310 96 148 Maiduguri 0 299 1310
359 1225 148 55 Zaria 0 359 1225
804 610 128 108 Warri 0 804 610
488 1097 149 68 Jos 0 488 1097
669 939 82 128 Ilorin 0 669 939
602 868 89 84 Oyo 0 602 868
740 1443 67 100 Sokoto 0 740 1443
333 712 128 93 Enugu 0 333 712
538 790 65 96 Abeokuta 0 538 790
381 556 129 79 Uyo 0 381 556
286 687 122 85 Awka 0 286 687
672 827 83 132 Ile-Ife 0 672 827
425 548 81 114 Calabar 0 425 548
745 843 106 92 Ado-Ekiti 0 745 843
348 1436 119 150 Katsina 0 348 1436
742 802 137 126 Akure 0 742 802
671 859 67 120 Osogbo 0 671 859
592 1139 144 75 Bauchi 0 592 1139
799 651 107 107 Mele 0 799 651
450 856 131 110 Makurdi_North 0 450 856
230 1063 139 95 Minna 0 230 1063
785 796 126 63 Owo 0 785 796
737 1138 107 87 Gombe 0 737 1138
333 610 129 107 Umuahia 0 333 610
702 784 71 128 Ondo 0 702 784
822 1300 142 93 Damaturu 0 822 1300
630 844 114 71 Iwo 0 630 844
245 1346 133 133 Gusau 0 245 1346
310 1135 135 125 Mubi 0 310 1135
282 606 62 76 Owerri 0 282 606
601 753 68 56 Ijebu-Ode 0 601 753
315 1274 116 136 Funtua 0 315 1274
171 1005 121 114 Bida 0 171 1005
446 938 61 105 Lafia 0 446 938
721 1424 115 134 Gashua 0 721 1424
356 1276 66 136 Buzawa 0 356 1276
759 983 56 52 Jalingo 0 759 983
321 758 135 82 Nsukka 0 321 758
657 1423 133 115 Nguru 0 657 1423
630 1377 126 98 Birnin_Kebbi 0 630 1377
629 1290 113 57 Azare 0 629 1290
770 1151 120 120 Kontagora 0 770 1151
565 881 128 50 Iseyin 0 565 881
223 1018 138 96 Yola 0 223 1018
193 1174 57 86 Biu 0 193 1174
585 870 71 114 Wukari 0 585 870
726 1295 142 145 Potiskum 0 726 1295
376 978 140 106 Keffi 0 376 978
173 1047 128 138 Numan 0 173 1047
250 786 95 147 Idah 0 250 786
254 680 92 57 Onitsha 0 254 680
404 795 114 122 Otukpo 0 404 795
250 862 55 129 Lokoja 0 250 862
742 1111 104 142 Kumo 0 742 1111
337 499 100 139 Opobo 0 337 499
665 1263 80 101 Koko 0 665 1263
536 1299 129 100 Dutse 0 536 1299
282 640 79 117 Orlu 0 282 640
326 1319 61 125 Kankara 0 326 1319
289 989 101 80 Gwagwalada 0 289 989
688 1341 52 143 Kebbe 0 688 1341
477 900 64 119 Keana 0 477 900
484 864 123 139 Gbajimba 0 484 864
357 572 103 101 Ikot_Ekpene 0 357 572
471 1187 140 74 Ririwai 0 471 1187
177 866 126 51 Kabba 0 177 866
654 1216 78 107 Darazo 0 654 1216
220 698 85 84 Issele-Uku 0 220 698
377 1257 130 81 Makarfi 0 377 1257
252 1124 56 99 Gombi 0 252 1124
345 553 55 66 Utu_Etim_Ekpo 0 345 553
204 969 52 82 Katcha 0 204 969
727 819 79 77 Igbara-Oke 0 727 819
431 1291 103 146 Garun_Malam 0 431 1291
273 1131 63 72 Hong 0 273 1131
529 723 128 66 Ikotun 0 529 723
290 636 83 110 Nkwerre 0 290 636
347 1318 136 88 Mafa 0 347 1318
707 1160 120 136 Nasko 0 707 1160
531 715 104 134 Festac_Town 0 531 715
369 636 66 55 Nguzu_Edda 0 369 636
693 1197 84 75 Dukku 0 693 1197
748 1519 127 147 Illela 0 748 1519
469 647 139 105 Effraya 0 469 647
317 621 88 146 Isinweke 0 317 621
636 1403 90 143 Kiri_Kasamma 0 636 1403
538 829 134 74 Ugba 0 538 829
364 668 81 112 Obiozara 0 364 668
357 1225 91 112 Gwoza 0 357 1225
804 1103 86 92 Mashegu 0 804 1103
690 1198 116 85 Yelwa 0 690 1198
330 1251 128 68 Giwa 0 330 1251
482 823 57 140 Imeko 0 482 823
827 868 93 145 Iyara 0 827 868
286 627 96 52 Umundugba 0 286 627
223 784 76 61 Fugar 0 223 784
404 978 73 139 Garaku 0 404 978
245 786 75 131 Agenebode 0 245 786
220 1026 146 115 Jimeta 0 220 1026
795 656 83 64 Oghara 0 795 656
385 1091 148 126 Kachia 0 385 1091
331 671 82 141 Awgu 0 331 671
314 570 112 130 Osisioma 0 314 570
536 731 98 59 Agege 0 536 731
309 1410 58 62 Batsari 0 309 1410
511 1104 106 134 Angware 0 511 1104
685 874 99 121 Iragbiji 0 685 874
398 642 125 139 Ugep 0 398 642
167 607 103 124 Ughelli 0 167 607
762 1470 114 140 Wurno 0 762 1470
566 1068 58 112 Bogoro 0 566 1068
586 965 90 108 Mabudi 0 586 965
401 699 101 121 Abakaliki 0 401 699
365 550 137 80 Abak 0 365 550
405 1293 79 82 Kiru 0 405 1293
601 1290 89 69 Jama’are 0 601 1290
820 623 62 62 Orerokpe 0 820 623
395 514 119 133 Uquo 0 395 514
239 1087 102 85 Song 0 239 1087
558 799 126 86 Odeda 0 558 799
308 612 81 119 Afor-Oru 0 308 612
237 1393 139 87 Kaura_Namoda 0 237 1393
615 795 97 76 Lissam 0 615 795
771 1260 52 110 Ribah 0 771 1260
542 727 64 92 Ojota 0 542 727
818 1340 106 68 Anka 0 818 1340
667 1341 126 56 Gamawa 0 667 1341
413 1367 135 69 Gamboru 0 413 1367
194 835 131 72 Okene 0 194 835
800 858 55 88 Omuo-Ekiti 0 800 858
806 1063 144 53 Lamurde 0 806 1063
751 1248 94 147 Fika 0 751 1248
273 1322 67 99 Tsafe 0 273 1322
403 719 67 109 Ugbodo 0 403 719
619 829 142 78 Iyana-Ofa 0 619 829
368 778 126 137 Okpoga 0 368 778
628 745 131 99 Ogbere 0 628 745
524 1400 86 64 Sule_Tankarkar 0 524 1400
414 525 58 119 Eyofin 0 414 525
662 869 73 91 Ifon 0 662 869
687 794 55 56 Ifetedo 0 687 794
218 1460 59 73 Isa 0 218 1460
352 996 121 117 Karu 0 352 996
599 1353 149 93 Kafin_Hausa 0 599 1353
515 1290 99 92 Albasu 0 515 1290
789 1487 123 114 Goronyo 0 789 1487
634 1414 84 61 Birniwa 0 634 1414
372 1367 88 150 Marte 0 372 1367
349 1303 119 150 Malumfashi 0 349 1303
171 1095 80 126 Shelleng 0 171 1095
548 713 69 81 Ikoyi 0 548 713
629 911 79 148 Ikoyi-Ile 0 629 911
232 1000 123 132 Lapai 0 232 1000
829 732 114 139 Ehor 0 829 732
252 523 70 102 Abonnema 0 252 523
601 858 101 65 Jobele 0 601 858
473 1065 97 138 Riyom 0 473 1065
780 912 79 137 Odo-Ere 0 780 912
753 1086 117 66 Kaltungo 0 753 1086
544 907 88 115 Otu 0 544 907
184 647 86 133 Obiaruku 0 184 647
173 771 69 82 Afuze 0 173 771
272 636 122 98 Umumma 0 272 636
185 826 68 50 Akpafa 0 185 826
189 570 117 104 Sagbama 0 189 570
445 1314 145 92 Kumbotso 0 445 1314
397 1397 132 66 Ingawa 0 397 1397
277 684 60 61 Abagana 0 277 684
363 1446 72 80 Kaita 0 363 1446
465 1151 65 64 Saminaka 0 465 1151
352 1245 50 82 Hunkuyi 0 352 1245
270 715 54 140 Anaku 0 270 715
700 849 100 109 Ijebu-Jesa 0 700 849
654 1407 132 133 Guri 0 654 1407
502 787 129 51 Lessel 0 502 787
507 749 138 93 Vandeikya 0 507 749
743 1094 97 68 Billiri 0 743 1094
403 536 63 125 Okopedi 0 403 536
378 537 82 51 Afaha_Offiong 0 378 537
426 567 126 115 Odukpani 0 426 567
385 543 76 150 Nung_Udoe 0 385 543
262 658 81 87 Ozubulu 0 262 658
735 1445 62 98 Yusufari 0 735 1445
520 1374 119 65 Garki 0 520 1374
796 652 130 98 Sapele 0 796 652
746 1228 144 53 Rijau 0 746 1228
656 1245 79 69 Besse 0 656 1245
180 1391 91 73 Talata_Mafara 0 180 1391
793 1103 50 65 Talasse 0 793 1103
707 746 142 145 Ore 0 707 746
361 502 140 137 Okoroete 0 361 502
390 1332 137 150 Shanono 0 390 1332
187 969 115 71 Jada 0 187 969
771 1452 104 87 Rabah 0 771 1452
749 743 148 102 Gembu 0 749 743
327 1372 121 84 Safana 0 327 1372
284 850 99 64 Dekina 0 284 850
537 729 133 86 Ikeja 0 537 729
706 718 86 106 Ode-Irele 0 706 718
289 647 50 63 Urualla 0 289 647
743 1445 68 85 Sokoto 0 743 1445
189 692 62 136 Agbor 0 189 692
335 1400 138 73 Kurfi 0 335 1400
349 818 62 96 Ankpa 0 349 818
258 1382 148 113 Gubio 0 258 1382
581 904 70 112 Ibi 0 581 904
526 988 65 138 Baap 0 526 988
501 761 92 126 Ilaro 0 501 761
767 825 94 57 Ise-Ekiti 0 767 825
777 592 83 58 Burutu 0 777 592
449 963 94 79 Nasarawa_Egon 0 449 963
445 1336 140 90 Ungogo 0 445 1336
771 663 145 92 Koko 0 771 663
809 825 120 51 Oka 0 809 825
193 840 87 108 Ogaminana 0 193 840
509 884 85 143 Iwere-Ile 0 509 884
239 562 117 131 Ahoada 0 239 562
450 1293 87 90 Bunkure 0 450 1293
420 1382 56 147 Kunchi 0 420 1382
434 985 79 98 Akwanga 0 434 985
531 821 131 83 Igbo-Ora 0 531 821
357 1273 56 59 Bama 0 357 1273
765 1200 109 108 Bajoga 0 765 1200
175 933 149 63 Ganye 0 175 933
359 1420 107 124 Rimi 0 359 1420
761 1129 111 149 Deba 0 761 1129
712 846 137 133 Efon-Alaaye 0 712 846
808 614 139 143 Effurun 0 808 614
604 1310 64 140 Itas 0 604 1310
818 896 76 89 Mopa 0 818 896
608 802 88 83 Takum 0 608 802
308 605 87 148 Aboh 0 308 605
546 832 110 137 Eruwa 0 546 832
225 613 101 114 Aboh 0 225 613
241 1020 80 94 Fufore 0 241 1020
689 934 125 79 Fufu 0 689 934
525 761 92 96 Adikpo 0 525 761
695 955 145 82 Mutum_Biyu 0 695 955
361 592 102 73 Odoro_Ikpe 0 361 592
583 1181 135 133 Kafin_Madaki 0 583 1181
199 1127 123 101 Kagara 0 199 1127
447 1374 120 116 Dambatta 0 447 1374
254 1234 85 147 Damboa 0 254 1234
323 579 129 93 Omoba 0 323 579
377 1421 137 130 Mani 0 377 1421
821 824 71 84 Isua 0 821 824
501 1411 51 53 Babura 0 501 1411
270 657 76 101 Ukpor 0 270 657
555 768 100 147 Owode 0 555 768
266 634 145 95 Mgbidi 0 266 634
660 1251 112 101 Misau 0 660 1251
288 927 79 101 Toto 0 288 927
727 864 117 75 Ijero-Ekiti 0 727 864
660 1358 74 95 Aliero 0 660 1358
510 1052 129 133 Mangu 0 510 1052
701 829 124 95 Iperindo 0 701 829
362 1401 129 60 Charanchi 0 362 1401
341 667 54 74 Ndeaboh 0 341 667
705 702 50 132 Igbekebo 0 705 702
331 1194 136 59 Gulak 0 331 1194
586 1010 99 144 Langtang 0 586 1010
370 1400 114 80 Bindawa 0 370 1400
771 1382 76 142 Dapchi 0 771 1382
346 532 62 132 Ikot_Ibritam 0 346 532
558 981 117 75 Shendam 0 558 981
736 895 133 78 Iloffa 0 736 895
663 866 86 68 Ilobu 0 663 866
482 721 100 137 Ipokia 0 482 721
428 1413 126 148 Gwiwa 0 428 1413
379 872 144 102 Obagaji 0 379 872
248 685 97 138 Asaba 0 248 685
270 800 60 97 Ugwolawo 0 270 800
342 581 104 85 Nto_Edino 0 342 581
437 1301 78 99 Kura 0 437 1301
294 1235 116 93 Sabuwa 0 294 1235
372 1387 87 117 Kankia 0 372 1387
677 1131 67 74 Wara 0 677 1131
672 1183 146 144 Agwara 0 672 1183
688 949 88 125 Oke-Oyi 0 688 949
500 809 55 93 Gboko 0 500 809
630 812 150 133 Apomu 0 630 812
405 1344 124 129 Bagwai 0 405 1344
754 1292 77 149 Damagum 0 754 1292
653 894 128 119 Iresa-Adu 0 653 894
524 723 113 125 Sankwala 0 524 723
732 840 91 124 Ilawe-Ekiti 0 732 840
635 856 130 69 Bode_Osi 0 635 856
681 1489 102 102 Balle 0 681 1489
262 540 125 61 Emuoha 0 262 540
754 1422 143 78 Dange 0 754 1422
488 1054 84 129 Barkin_Ladi 0 488 1054
541 722 77 102 Somolu 0 541 722
257 631 62 129 Oguta 0 257 631
281 674 148 71 Neni 0 281 674
263 680 75 112 Ogidi 0 263 680
205 996 135 94 Agaie 0 205 996
818 601 101 63 Otu-Jeremi 0 818 601
351 785 110 101 Otukpa 0 351 785
377 573 86 128 Oko_Ita 0 377 573
543 958 58 82 Saki 0 543 958
299 1015 54 117 Suleja 0 299 1015
409 1310 102 137 Kabo 0 409 1310
313 1123 103 62 Gella 0 313 1123
699 702 118 81 Igbokoda 0 699 702
649 1336 135 65 Maiyama 0 649 1336
425 776 91 95 Obarike-Ito 0 425 776
192 745 61 116 Irrua 0 192 745
391 651 116 135 Itigidi 0 391 651
415 533 134 75 Oron 0 415 533
219 562 56 104 Akinima 0 219 562
335 719 116 78 Nkwo_Nike 0 335 719
472 1337 68 57 Gezawa 0 472 1337
406 1418 137 51 Dutsi 0 406 1418
416 1457 126 63 Mai’Adua 0 416 1457
665 1093 74 132 New_Bussa 0 665 1093
383 1317 123 88 Gwarzo 0 383 1317
499 1027 136 99 Bokkos 0 499 1027
307 1448 68 116 Jibia 0 307 1448
357 944 136 132 Nasarawa 0 357 944
716 1277 106 75 Mahuta 0 716 1277
286 873 109 137 Oguma 0 286 873
406 673 113 53 Onuebonyi_Echara 0 406 673
350 1156 61 125 Kujama 0 350 1156
746 829 75 118 Ikere-Ekiti 0 746 829
502 800 120 91 Ayetoro 0 502 800
692 843 71 80 Ilesa 0 692 843
557 1371 119 63 Gagarawa 0 557 1371
823 763 148 134 Sabongida-Ora 0 823 763
802 994 150 59 Zing 0 802 994
430 1432 77 70 Sandamu 0 430 1432
229 1446 114 90 Shinkafi 0 229 1446
426 671 87 120 Obubra 0 426 671
518 737 122 52 Obudu 0 518 737
418 1323 51 91 Rimin_Gado 0 418 1323
436 1398 139 62 Kazaure 0 436 1398
740 1030 85 92 Karim_Lamido 0 740 1030
407 525 74 118 Urue_Offong 0 407 525
615 815 144 107 Egbeda 0 615 815
293 568 144 116 Okehi 0 293 568
422 1059 78 103 Kafanchan 0 422 1059
706 797 51 117 Ile-Oluji 0 706 797
367 679 61 127 Isu 0 367 679
600 832 76 96 Moniya 0 600 832
349 1401 51 108 Monguno 0 349 1401
610 1336 131 114 Bunza 0 610 1336
776 989 96 65 Pantisawa 0 776 989
190 843 131 104 Obangede 0 190 843
716 868 91 148 Bali 0 716 868
376 846 76 113 Ugbokpo 0 376 846
297 492 104 120 Bonny 0 297 492
308 691 102 140 Oji_River 0 308 691
518 714 54 129 Ojo 0 518 714
610 1261 64 74 Yana 0 610 1261
446 1411 148 109 Karkarna 0 446 1411
321 592 136 114 Okpuala-Ngwa 0 321 592
317 644 93 53 Okigwe 0 317 644
716 792 88 68 Bolorunduro 0 716 792
760 830 150 58 Serti 0 760 830
317 540 129 63 Akwete 0 317 540
233 703 104 83 Akwukwu-Igbo 0 233 703
291 530 120 135 Nchia 0 291 530
178 1076 113 122 Wushishi 0 178 1076
615 1287 50 74 Dakingari 0 615 1287
725 852 146 71 Aramoko-Ekiti 0 725 852
200 1390 60 107 Maradun 0 200 1390
339 697 111 70 Agbani 0 339 697
230 1179 64 96 Birnin_Gwari 0 230 1179
471 1099 76 81 Bassa 0 471 1099
748 962 111 100 Sunkani 0 748 962
313 543 135 86 Oke-Ikpe 0 313 543
525 739 127 110 Ota 0 525 739
803 965 78 129 Patigi 0 803 965
271 644 135 133 Awo-Idemili 0 271 644
309 1032 84 135 Sabon_Wuse 0 309 1032
750 1158 150 101 Mallam_Sidi 0 750 1158
678 1382 147 94 Gwandu 0 678 1382
537 724 53 87 Oshodi 0 537 724
251 613 98 85 Egbema 0 251 613
549 945 147 99 Tede 0 549 945
633 1260 103 119 Bagudo 0 633 1260
539 718 98 85 Surulere 0 539 718
183 746 133 133 Ekpoma 0 183 746
467 1311 135 87 Warawa 0 467 1311
381 527 149 113 Ikot_Edibon 0 381 527
369 710 64 90 Ezillo 0 369 710
382 1330 145 107 Dikwa 0 382 1330
608 727 126 125 Epe 0 608 727
233 1357 90 81 Bungudu 0 233 1357
240 591 107 100 Omoku 0 240 591
344 1429 67 68 Kukawa 0 344 1429
580 1379 86 93 Kaugama 0 580 1379
467 659 143 50 Ikom 0 467 659
472 1419 112 61 Baure 0 472 1419
240 1044 141 88 Paiko 0 240 1044
357 1194 77 66 Turunku 0 357 1194
302 638 87 137 Okwe 0 302 638
341 797 92 67 Okpo 0 341 797
305 981 57 131 Kuje 0 305 981
602 1363 109 90 Auyo 0 602 1363
355 1141 68 96 Kajuru 0 355 1141
507 1111 92 130 Toro 0 507 1111
210 1501 91 141 Sabon_Birni 0 210 1501
579 758 119 135 Ikenne 0 579 758
649 826 135 64 Gbongan 0 649 826
743 1265 133 127 Zuru 0 743 1265
645 1135 115 129 Alkaleri 0 645 1135
624 967 113 120 Igbeti 0 624 967
339 505 116 74 Ikot_Abasi 0 339 505
304 563 64 114 Eberi 0 304 563
596 1246 53 52 Gwaram 0 596 1246
808 559 116 136 Ekeremor 0 808 559
548 1415 61 113 Maigatari 0 548 1415
176 1002 92 134 Mayo-Belwa 0 176 1002
433 1211 139 88 Anchau 0 433 1211
289 719 96 55 Umulona 0 289 719
187 1046 98 82 Demsa 0 187 1046
173 1040 137 130 Lemu 0 173 1040
486 709 69 115 Badagry 0 486 709
335 870 132 96 Abejukolo 0 335 870
524 833 87 72 Ayete 0 524 833
575 773 79 107 Isara 0 575 773
304 1105 63 52 Maiha 0 304 1105
588 1387 72 116 Kangiwa 0 588 1387
379 595 64 117 Arochukwu 0 379 595
511 1279 107 145 Takai 0 511 1279
348 614 72 119 Bende 0 348 614
248 713 92 130 Nzam 0 248 713
308 704 147 54 Aguobu-Owa 0 308 704
302 1431 142 52 Gudumbali 0 302 1431
415 708 77 126 Iboko 0 415 708
435 756 143 87 Oju 0 435 756
263 670 135 109 Ojoto 0 263 670
515 895 119 141 Awe 0 515 895
765 979 99 128 Lafiagi 0 765 979
271 1178 111 102 Askira 0 271 1178
478 1287 85 110 Garko 0 478 1287
307 521 98 128 Saakpenwa 0 307 521
417 1352 142 93 Bichi 0 417 1352
274 604 113 73 Umuguma 0 274 604
605 1005 133 83 Wase 0 605 1005
717 975 97 87 Share 0 717 975
567 1035 128 126 Kwal 0 567 1035
195 730 58 144 Igueben 0 195 730
487 836 134 66 Wannune 0 487 836
350 699 125 77 Amagunze 0 350 699
174 898 137 126 Toungo 0 174 898
679 799 140 110 Baissa 0 679 799
757 862 54 86 Oye-Ekiti 0 757 862
595 799 96 66 Idi-Ayunre 0 595 799
229 1450 87 146 Damasak 0 229 1450
334 634 142 136 Mbalano 0 334 634
171 696 98 124 Abudu 0 171 696
531 792 62 105 Katsina-Ala 0 531 792
709 886 66 101 Ila_Orangun 0 709 886
522 824 57 123 Buruku 0 522 824
309 514 146 104 Kpor 0 309 514
539 721 106 105 Mushin 0 539 721
289 617 82 113 Iho 0 289 617
318 517 104 67 Bori 0 318 517
475 925 141 122 Obi 0 475 925
257 895 75 84 Koton-Karfe 0 257 895
613 1376 81 121 Hadejia 0 613 1376
556 731 121 124 Ikorodu 0 556 731
730 1343 59 122 Gummi 0 730 1343
542 1395 99 92 Gumel 0 542 1395
673 1425 80 63 Augie 0 673 1425
718 1407 74 95 Yabo 0 718 1407
325 698 78 70 Udi 0 325 698
210 736 132 78 Ubiaja 0 210 736
716 1396 95 105 Shagari 0 716 1396
571 757 56 104 Shagamu 0 571 757
624 876 83 51 Ajaawa 0 624 876
459 729 96 105 Okpoma 0 459 729
567 953 111 141 Ago-Amodu 0 567 953
280 634 107 104 Nnenasa 0 280 634
810 917 88 91 Isanlu 0 810 917
442 539 106 138 Ikot_Nakanda 0 442 539
279 1026 110 126 Gawu_Babangida 0 279 1026
579 1289 112 57 Gantsa 0 579 1289
293 1108 61 68 Sarkin_Pawa 0 293 1108
562 1224 78 68 Ningi 0 562 1224
768 1342 124 84 Bukkuyum 0 768 1342
441 1356 63 53 Rann 0 441 1356
454 1277 84 56 Rano 0 454 1277
196 545 115 51 Yenagoa 0 196 545
706 1462 93 95 Binji 0 706 1462
785 1145 89 113 Briyel 0 785 1145
571 1310 116 133 Kamba 0 571 1310
535 734 80 90 Ifako 0 535 734
740 867 83 65 Ido-Ekiti 0 740 867
583 825 107 127 Ido 0 583 825
388 1378 102 79 Kusada 0 388 1378
385 751 67 127 Igumale 0 385 751
252 525 112 130 Degema 0 252 525
665 1409 110 69 Argungu 0 665 1409
760 726 78 121 Iguobazuwa 0 760 726
504 1323 91 124 Ajingi 0 504 1323
812 1406 150 109 Bakura 0 812 1406
230 1036 105 123 Girei 0 230 1036
801 1345 92 131 Babban_Gida 0 801 1345
748 892 106 110 Araromi-Opin 0 748 892
259 1413 147 83 Zurmi 0 259 1413
204 742 104 78 Uromi 0 204 742
713 1470 97 62 Gidan_Madi 0 713 1470
380 513 72 97 Eket 0 380 513
749 1082 127 149 Boh 0 749 1082
326 1157 150 60 Makera 0 326 1157
613 1452 133 109 Machina 0 613 1452
324 495 133 68 Ngo 0 324 495
567 997 83 90 Tunkus 0 567 997
264 1202 67 100 Chibok 0 264 1202
273 937 126 95 Abaji 0 273 937
725 1310 120 102 Sabon_Garin_Nangere 0 725 1310
361 1229 56 92 Sabon_Gari 0 361 1229
167 619 83 72 Isiokolo 0 167 619
603 1061 60 138 Kaiama 0 603 1061
200 566 91 86 Kaiama 0 200 566
305 1381 87 50 Gajiram 0 305 1381
275 687 138 142 Ukpo 0 275 687
734 848 107 87 Igede-Ekiti 0 734 848
749 817 68 76 Iju 0 749 817
355 1352 107 79 Matazu 0 355 1352
683 875 62 113 Ikirun 0 683 875
176 531 61 73 Oporoma 0 176 531
226 683 60 69 Ogwashi-Uku 0 226 683
190 684 109 111 Owa-Oyibu 0 190 684
571 832 136 67 Sankera 0 571 832
582 1235 102 143 Warji 0 582 1235
422 1302 134 115 Madobi 0 422 1302
243 761 120 105 Onyedega 0 243 761
750 1018 83 100 Lau 0 750 1018
322 1026 112 61 Bwari 0 322 1026
434 1243 52 98 Tudun_Wada 0 434 1243
487 1337 125 107 Zakirai 0 487 1337
329 772 132 145 Enugu-Ezike 0 329 772
338 555 122 88 Urua_Inyang 0 338 555
382 651 95 145 Afikpo 0 382 651
238 537 145 105 Abua 0 238 537
785 1018 149 86 Kutigi 0 785 1018
429 927 120 102 Doma 0 429 927
203 1164 114 139 Azare 0 203 1164
226 1306 74 125 Benisheikh 0 226 1306
800 693 83 115 Idogbo 0 800 693
186 1449 148 131 Kanamma 0 186 1449
393 680 135 94 Onueke 0 393 680
536 713 148 73 Ajegunle 0 536 713
692 1368 61 88 Jakusko 0 692 1368
583 977 135 59 Igboho 0 583 977
357 749 90 105 Ikem 0 357 749
659 831 146 54 Ipetumodu 0 659 831
485 1082 53 106 Bukuru 0 485 1082
427 1338 70 126 Dawakin_Tofa 0 427 1338
456 1308 128 127 Dawakin_Kudu 0 456 1308
781 846 90 92 Ode-Ekiti 0 781 846
654 717 87 150 Abigi 0 654 717
386 505 114 103 Upenekang 0 386 505
821 1096 97 88 Guyuk 0 821 1096
173 1247 66 117 Buni_Yadi 0 173 1247
291 633 131 135 Amaigbo 0 291 633
442 806 58 104 Aliade 0 442 806
745 1462 93 133 Kware 0 745 1462
734 883 139 104 Otun-Ekiti 0 734 883
262 647 101 71 Ihiala 0 262 647
336 1377 106 85 Dutsin-Ma 0 336 1377
374 510 70 116 Abat 0 374 510
521 753 119 102 Ifo 0 521 753
385 1435 68 56 Mashi 0 385 1435
491 694 56 127 Boje 0 491 694
342 1258 54 150 Danja 0 342 1258
300 522 139 58 Ogu 0 300 522
650 1351 65 147 Jega 0 650 1351
288 665 99 94 Aguata 0 288 665
307 1318 104 113 Khaddamari 0 307 1318
742 1477 109 99 Gwadabawa 0 742 1477
323 765 147 93 Ibagwa-Aka 0 323 765
420 1399 82 76 Roni 0 420 1399
320 1512 134 87 Mallam_Fatori 0 320 1512
440 1068 73 108 Kaura 0 440 1068
328 1277 84 108 Bakori 0 328 1277
682 896 108 128 Ilemona 0 682 896
547 1030 77 112 Pankshin 0 547 1030
690 860 52 64 Ibokun 0 690 860
463 1274 140 57 Kibiya 0 463 1274
318 1356 141 73 Dan_Musa 0 318 1356
361 523 74 68 Mkpat_Enin 0 361 523
584 756 67 65 Odogbolu 0 584 756
817 603 133 90 Otor-Udu 0 817 603
357 1049 145 101 Kagarko 0 357 1049
788 706 63 69 Uselu 0 788 706
282 982 118 71 Kwali 0 282 982
653 1150 113 57 Kirfi 0 653 1150
348 1427 105 61 Batagarawa 0 348 1427
754 1227 57 68 Nafada 0 754 1227
295 1267 71 115 Dandume 0 295 1267
180 807 129 61 Igarra 0 180 807
722 915 122 150 Owu-Isin 0 722 915
539 712 144 104 Apapa 0 539 712
517 1343 123 142 Ringim 0 517 1343
422 1081 70 110 Zonkwa 0 422 1081
610 770 145 143 Ijebu-Igbo 0 610 770
477 735 72 150 Ogoja 0 477 735
384 1219 127 90 Maigana 0 384 1219
192 613 150 55 Ozoro 0 192 613
679 838 78 78 Osu 0 679 838
493 739 144 84 Abuochiche 0 493 739
653 858 58 69 Awo 0 653 858
644 873 146 111 Ejigbo 0 644 873
250 665 75 120 Atani 0 250 665
312 529 99 93 Afam 0 312 529
355 1341 137 140 Musawa 0 355 1341
305 628 132 120 Umuelemai 0 305 628
341 597 60 65 Isiala_Oboro 0 341 597
197 782 116 104 Auchi 0 197 782
285 1296 70 56 Faskari 0 285 1296
391 556 110 80 Idu 0 391 556
672 1240 147 104 Shanga 0 672 1240
602 711 69 54 Akodo 0 602 711
177 1131 100 126 Shani 0 177 1131
613 804 105 86 Akanran 0 613 804
428 587 122 56 Akamkpa 0 428 587
415 1235 127 128 Ikara 0 415 1235
263 1340 119 122 Magumeri 0 263 1340
686 1291 93 149 Dambam 0 686 1291
322 662 60 112 Nkwoagu_Isuochi 0 322 662
444 1443 127 118 Zango 0 444 1443
271 1389 115 86 Birnin_Magaji 0 271 1389
259 793 142 64 Ajaka 0 259 793
295 638 99 149 Dikenafai 0 295 638
417 514 98 86 Enwang 0 417 514
304 659 57 89 Umunze 0 304 659
793 1210 77 106 Bara 0 793 1210
412 838 135 76 Naka 0 412 838
731 900 130 146 Omu-Aran 0 731 900
776 1393 92 65 Tureta 0 776 1393
776 862 102 127 Ikole-Ekiti 0 776 862
278 541 68 135 Rumuodomaya 0 278 541
217 1364 75 86 Maru 0 217 1364
577 1353 54 65 Miga 0 577 1353
221 830 98 75 Adogo 0 221 830
188 578 95 91 Patani 0 188 578
495 1274 60 62 Sumaila 0 495 1274
809 1199 98 52 Bangi 0 809 1199
552 1266 143 56 Birnin_Kudu 0 552 1266
264 553 145 72 Isiokpo 0 264 553
804 845 147 63 Oke-Agbe 0 804 845
746 879 61 127 Iye-Ekiti 0 746 879
385 707 61 98 Ezzamgbo 0 385 707
748 815 111 61 Ita-Ogbolu 0 748 815
389 1359 55 116 Tsanyawa 0 389 1359
370 622 109 104 Ebem_Ohafia 0 370 622
440 1020 78 116 Gwantu 0 440 1020
700 1442 61 110 Silame 0 700 1442
269 665 132 109 Nnewi 0 269 665
393 534 94 77 Odot 0 393 534
327 1288 145 68 Konduga 0 327 1288
611 762 120 130 Atan 0 611 762
696 1426 58 128 Jajimaji 0 696 1426
387 575 142 140 Itu 0 387 575
524 766 76 68 Itori 0 524 766
605 1035 105 112 Dengi 0 605 1035
400 621 148 93 Akpet_Central 0 400 621
357 586 93 109 Ibiaku_Ntok_Okpo 0 357 586
542 717 66 63 Ebute-Metta 0 542 717
803 606 138 119 Ogbe-Ijoh 0 803 606
320 737 109 100 Ogbede 0 320 737
733 1420 125 82 Bodinga 0 733 1420
695 988 92 83 Bode_Saadu 0 695 988
806 766 82 71 Ifon 0 806 766
336 764 78 122 Obollo-Afor 0 336 764
339 648 89 57 Isiaka 0 339 648
630 1259 131 104 Giade 0 630 1259
223 1071 84 118 Maikunkele 0 223 1071
441 1368 134 107 Koguna 0 441 1368
463 782 113 116 Tse-Agberagba 0 463 782
390 1045 56 130 Kwoi 0 390 1045
725 1028 92 148 Mokwa 0 725 1028
420 1333 132 50 Tofa 0 420 1333
560 1078 105 56 Tafawa_Balewa 0 560 1078
723 795 139 105 Owena 0 723 795
202 518 135 131 Ogbia 0 202 518
301 668 64 139 Ajalli 0 301 668
678 1371 68 67 Tambuwal 0 678 1371
392 1302 61 66 Karaye 0 392 1302
262 523 94 149 Buguma 0 262 523
447 854 109 138 Makurdi 0 447 854
269 693 74 63 Nteje 0 269 693
483 1305 128 99 Wudil 0 483 1305
568 1335 84 118 Jahun 0 568 1335
689 901 139 123 Offa 0 689 901
817 1427 107 144 Geidam 0 817 1427
697 878 137 62 Otan_Ayegbaju 0 697 878
530 1351 109 120 Taura 0 530 1351
556 1105 139 101 Dass 0 556 1105
248 1091 69 146 Kuta 0 248 1091
595 1389 75 79 Malam_Madori 0 595 1389
593 1004 53 80 Kisi 0 593 1004
315 604 109 94 Itu 0 315 604
261 701 98 124 Otuocha 0 261 701
538 888 61 93 Okeho 0 538 888
719 879 100 103 Oke-Ila 0 719 879
323 1174 134 55 Michika 0 323 1174
637 842 68 89 Ile-Ogbo 0 637 842
646 1358 120 63 Katagum 0 646 1358
500 1311 62 140 Gaya 0 500 1311
351 566 123 93 Afaha_Ikot_Ebak 0 351 566
811 1162 115 121 Kwaya_Kusar 0 811 1162
215 631 76 134 Kwale 0 215 631
764 745 71 60 Okada 0 764 745
190 604 148 107 Oleh 0 190 604
787 1522 99 79 Gada 0 787 1522
771 822 86 87 Emure-Ekiti 0 771 822
779 1009 95 94 Enagi 0 779 1009
668 919 83 125 Afon 0 668 919
287 524 141 55 Okrika 0 287 524
193 477 106 144 Twon-Brass 0 193 477
211 501 61 128 Nembe 0 211 501
525 1055 137 62 Kosubosu 0 525 1055
615 853 75 110 Donga 0 615 853
372 535 68 65 Etinan 0 372 535
696 719 78 97 Okitipupa 0 696 719
658 855 50 88 Ede 0 658 855
419 1289 93 118 Bebeji 0 419 1289
783 1224 104 125 Sakaba 0 783 1224
684 886 73 140 Okuku 0 684 886
371 1277 74 130 Rogo 0 371 1277
426 1440 94 145 Daura 0 426 1440
277 700 71 89 Achalla 0 277 700
407 1169 136 67 Kauru 0 407 1169
280 617 114 114 Nwaorieubi 0 280 617
295 590 110 58 Umuneke-Ngor 0 295 590
566 1302 94 105 Kiyawa 0 566 1302
824 571 121 144 Bomadi 0 824 571
340 538 74 105 Ikot_Akpa_Nkuk 0 340 538
318 571 96 98 Mgboko 0 318 571
357 1287 67 143 Kafur 0 357 1287
631 815 125 120 Ikire 0 631 815
630 1362 57 108 Kalgo 0 630 1362
456 988 70 113 Wamba 0 456 988
728 1441 130 57 Wamako 0 728 1441
462 1346 101 111 Minjibir 0 462 1346
