42
404 1494 117 92 Niamey 0 404 1494
294 1493 94 56 Maradi 0 294 1493
498 1526 117 93 Zinder 0 498 1526
392 1876 140 54 Agadez 0 392 1876
744 1647 94 66 Tahoua 0 744 1647
329 2072 150 146 Arlit 0 329 2072
743 1526 130 126 Birnin_Konni 0 743 1526
521 1442 103 146 Dosso 0 521 1442
548 1313 87 74 Gaya 0 548 1313
241 1473 78 84 Diffa 0 241 1473
275 1629 73 145 Ayorou 0 275 1629
819 1557 92 93 Madaoua 0 819 1557
333 1571 140 121 Tillabéri 0 333 1571
296 1576 62 139 Nguigmi 0 296 1576
637 1546 82 73 Gouré 0 637 1546
220 2326 116 99 Djado 0 220 2326
741 1599 54 113 Illéla 0 741 1599
250 1511 142 71 Guidan_Roumdji 0 250 1511
799 1759 128 115 Tchintabaraden 0 799 1759
431 1448 76 142 Say 0 431 1448
525 1504 75 134 Loga 0 525 1504
401 1582 65 122 Ouallam 0 401 1582
257 1549 79 103 Téra 0 257 1549
798 1633 121 52 Keïta 0 798 1633
611 1508 94 134 Dogondoutchi 0 611 1508
490 1436 76 131 Magaria 0 490 1436
534 1586 70 88 Filingué 0 534 1586
208 1710 140 97 Abalak 0 208 1710
428 1470 104 101 Kollo 0 428 1470
368 1904 128 122 Tchirozérine 0 368 1904
356 1543 77 144 Mayahi 0 356 1543
280 2067 90 138 Bilma 0 280 2067
181 1596 122 63 Bouza 0 181 1596
487 1655 123 76 Tanout 0 487 1655
367 1493 73 75 Aguié 0 367 1493
177 1462 113 93 Maïné_Soroa 0 177 1462
490 1446 65 142 Birnin_Gaouré 0 490 1446
390 1521 54 102 Tessaoua 0 390 1521
516 1515 70 127 Mirriah 0 516 1515
259 1605 126 98 Dakoro 0 259 1605
300 1472 85 65 Madarounfa 0 300 1472
441 1496 134 72 Kantché 0 441 1496
