416
597 6643 87 130 Oslo 0 597 6643
297 6700 69 61 Bergen 0 297 6700
313 6540 87 120 Stavanger 0 313 6540
570 7032 50 126 Trondheim 0 570 7032
568 6623 76 129 Drammen 0 568 6623
539 6562 66 73 Skyer 0 539 6562
441 6447 75 138 Kristiansand 0 441 6447
423 7729 150 90 Tomasjorda 0 423 7729
353 6930 60 132 Ålesund 0 353 6930
311 6527 150 146 Sandnes 0 311 6527
288 6591 93 136 Haugesund 0 288 6591
580 6572 131 76 Tønsberg 0 580 6572
594 6589 51 91 Moss 0 594 6589
473 7463 137 84 Bodø 0 473 7463
486 6479 119 61 Arendal 0 486 6479
614 6742 143 85 Hamar 0 614 6742
592 6741 59 109 Gjøvik 0 592 6741
462 7355 84 110 Mo_i_Rana 0 462 7355
599 7593 57 138 Narvik 0 599 7593
580 6778 63 84 Lillehammer 0 580 6778
562 7633 64 136 Harstad 0 562 7633
407 6957 62 148 Molde 0 407 6957
585 7763 123 100 Alta 0 585 7763
622 7101 135 102 Steinkjer 0 622 7101
599 7841 108 109 Hammerfest 0 599 7841
620 7153 117 71 Namsos 0 620 7153
359 6724 114 98 Vossevangen 0 359 6724
605 7776 125 123 Vadsø 0 605 7776
482 7568 141 97 Svolvær 0 482 7568
618 7683 82 135 Finnsnes 0 618 7683
386 7737 74 67 Kirkenes 0 386 7737
605 7193 84 103 Rørvik 0 605 7193
384 6785 139 106 Hermansverk 0 384 6785
284 6686 149 75 Skogsvåg 0 284 6686
534 6670 63 78 Noresund 0 534 6670
392 7323 98 97 Sandnessjøen 0 392 7323
446 7762 143 142 Hansnes 0 446 7762
605 6580 120 71 Råde 0 605 6580
459 6976 147 108 Tingvoll 0 459 6976
431 6789 117 61 Årdalstangen 0 431 6789
333 6653 68 122 Rosendal 0 333 6653
433 6973 143 83 Batnfjordsøra 0 433 6973
607 7123 95 96 Namdalseid 0 607 7123
585 6695 143 116 Jaren 0 585 6695
573 6730 108 147 Hov 0 573 6730
524 6525 124 131 Kragerø 0 524 6525
391 6911 77 97 Stranda 0 391 6911
608 7617 110 79 Gratangen 0 608 7617
414 6912 81 101 Valldal 0 414 6912
515 6571 150 52 Ulefoss 0 515 6571
654 6728 62 77 Våler 0 654 6728
591 6615 127 104 Drøbak 0 591 6615
549 6626 130 87 Hokksund 0 549 6626
403 7368 94 86 Lurøy 0 403 7368
367 7244 115 59 Vik 0 367 7244
321 6697 130 102 Tysse 0 321 6697
307 6518 104 101 Kleppe 0 307 6518
466 6861 120 50 Skjåk 0 466 6861
506 6859 111 88 Vågå 0 506 6859
408 6498 90 98 Åseral 0 408 6498
543 6540 138 65 Langesund 0 543 6540
625 6649 100 67 Sørumsand 0 625 6649
304 6545 60 130 Randaberg 0 304 6545
474 6543 107 109 Treungen 0 474 6543
319 6611 72 144 Ølen 0 319 6611
375 6920 109 74 Sykkylven 0 375 6920
476 6722 58 119 Ål 0 476 6722
536 6612 52 63 Kongsberg 0 536 6612
603 6621 84 66 Ski 0 603 6621
325 6720 147 83 Dale 0 325 6720
387 6445 86 106 Lyngdal 0 387 6445
333 6677 149 99 Kongsvinger 0 333 6677
607 7665 123 86 Brøstadbotn 0 607 7665
549 6826 141 50 Sør-Fron 0 549 6826
534 6941 136 122 Oppdal 0 534 6941
643 6641 54 98 Bjørkelangen 0 643 6641
586 6888 123 67 Alvdal 0 586 6888
533 7061 149 150 Brekstad 0 533 7061
436 6479 63 68 Iveland 0 436 6479
500 7739 56 82 Storslett 0 500 7739
430 6438 62 143 Søgne 0 430 6438
627 6779 109 128 Rena 0 627 6779
433 6496 63 110 Evje 0 433 6496
371 7263 116 75 Brønnøysund 0 371 7263
602 7011 136 56 Selbu 0 602 7011
411 7343 140 95 Nesna 0 411 7343
611 6676 76 95 Nannestad 0 611 6676
545 7690 112 56 Andenes 0 545 7690
547 7630 93 120 Borkenes 0 547 7630
285 6634 87 100 Bremnes 0 285 6634
581 6680 91 92 Jevnaker 0 581 6680
533 6749 107 53 Bruflat 0 533 6749
496 7605 128 80 Stokmarknes 0 496 7605
512 7869 103 117 Kjøllefjord 0 512 7869
431 7196 68 80 Røyrvik 0 431 7196
320 6890 90 113 Fiskå 0 320 6890
516 7442 69 52 Rognan 0 516 7442
589 7033 121 130 Hommelvik 0 589 7033
348 6894 66 55 Volda 0 348 6894
586 7051 134 68 Alstad 0 586 7051
352 6933 64 142 Valderhaug 0 352 6933
486 6982 111 51 Surnadal 0 486 6982
341 6470 124 100 Hauge 0 341 6470
503 6586 99 55 Bø 0 503 6586
579 7696 108 145 Gryllefjord 0 579 7696
289 6577 55 135 Kopervik 0 289 6577
500 6525 148 150 Gjerstad 0 500 6525
580 7061 52 144 Leksvik 0 580 7061
611 7824 53 56 Kvalsund 0 611 7824
633 6993 59 121 Ås 0 633 6993
419 7536 140 127 Reine 0 419 7536
369 6943 98 81 Brattvåg 0 369 6943
565 6990 99 100 Støren 0 565 6990
535 6990 67 74 Meldal 0 535 6990
323 6902 89 96 Larsnes 0 323 6902
598 6727 119 100 Lena 0 598 6727
402 7507 131 54 Sørland 0 402 7507
371 6963 130 68 Steinshamn 0 371 6963
499 7769 90 58 Skjervøy 0 499 7769
648 6682 71 68 Skarnes 0 648 6682
558 6744 92 65 Dokka 0 558 6744
298 6746 72 92 Masfjordnes 0 298 6746
379 6465 66 101 Kvinesdal 0 379 6465
430 6992 83 92 Bruhagen 0 430 6992
295 6719 93 146 Isdalstø 0 295 6719
392 6965 94 68 Falkhytta 0 392 6965
364 6462 51 53 Flekkefjord 0 364 6462
623 7194 63 133 Kolvereid 0 623 7194
551 7793 74 111 Øksfjord 0 551 7793
455 7683 140 100 Oteren 0 455 7683
463 7875 89 55 Honningsvåg 0 463 7875
476 6948 149 100 Sunndalsøra 0 476 6948
592 6907 88 87 Tynset 0 592 6907
374 6714 93 150 Granvin 0 374 6714
387 7672 120 73 Sørreisa 0 387 7672
560 7093 135 65 Årnes 0 560 7093
346 6918 109 122 Hareid 0 346 6918
421 7730 134 131 Tromsø 0 421 7730
378 7220 65 104 Terråk 0 378 7220
476 6855 116 78 Lom 0 476 6855
353 6801 100 141 Trysil 0 353 6801
393 7641 82 61 Bardu 0 393 7641
581 7602 62 138 Bogen 0 581 7602
275 6715 68 52 Rong 0 275 6715
540 7758 51 113 Burfjord 0 540 7758
609 6827 115 89 Koppang 0 609 6827
452 6961 124 70 Eidsvåg 0 452 6961
623 6688 103 89 Eidsvoll 0 623 6688
639 6697 63 145 Sagstua 0 639 6697
525 6697 84 67 Flå 0 525 6697
477 6638 138 84 Rjukan 0 477 6638
293 6606 115 56 Sveio 0 293 6606
441 7705 59 87 Karasjok 0 441 7705
310 6555 86 82 Vikevåg 0 310 6555
423 7400 132 133 Vågaholmen 0 423 7400
426 7553 80 53 Ramberg 0 426 7553
588 7631 139 139 Hamnvik 0 588 7631
381 6952 134 106 Midsund 0 381 6952
534 6562 86 54 Skien 0 534 6562
620 6626 60 127 Enebakk 0 620 6626
455 6466 120 101 Birkeland 0 455 6466
338 6722 90 97 Flisa 0 338 6722
588 6732 78 92 Raufoss 0 588 6732
443 7417 145 147 Ørnes 0 443 7417
524 7030 124 144 Krokstadøra 0 524 7030
481 7723 134 143 Olderdalen 0 481 7723
287 6767 89 57 Eivinvik 0 287 6767
343 6790 121 98 Høyanger 0 343 6790
283 6729 150 140 Manger 0 283 6729
367 6787 108 123 Balestrand 0 367 6787
464 6998 67 68 Liabøen 0 464 6998
457 7435 111 133 Inndyr 0 457 7435
548 7832 84 57 Breivikbotn 0 548 7832
544 7788 96 75 Tana_Bru 0 544 7788
476 6748 108 131 Hemsedal 0 476 6748
659 6622 80 72 Rømskog 0 659 6622
308 6808 78 65 Dale 0 308 6808
578 6624 113 136 Røyken 0 578 6624
306 6515 134 114 Bryne 0 306 6515
613 6931 77 105 Os 0 613 6931
461 6720 83 92 Hol 0 461 6720
597 6583 97 122 Rygge 0 597 6583
622 7077 118 71 Verdal 0 622 7077
469 7719 135 144 Lyngseidet 0 469 7719
408 6433 117 120 Mandal 0 408 6433
585 6616 88 80 Sætre 0 585 6616
266 6580 114 100 Utsira 0 266 6580
513 6760 129 74 Fagernes 0 513 6760
353 6851 74 87 Sandane 0 353 6851
504 6779 107 82 Heggenes 0 504 6779
363 6661 50 58 Odda 0 363 6661
621 6645 146 100 Fetsund 0 621 6645
325 6824 81 50 Naustdal 0 325 6824
547 7050 91 78 Rissa 0 547 7050
604 6595 108 77 Våler 0 604 6595
609 6608 140 107 Hobøl 0 609 6608
406 6970 102 143 Elnesvågen 0 406 6970
293 6714 129 94 Frekhaug 0 293 6714
525 7470 141 72 Straumen 0 525 7470
495 6498 52 95 Tvedestrand 0 495 6498
616 6970 106 77 Ålen 0 616 6970
517 7459 130 125 Fauske 0 517 7459
371 7149 150 50 Grong 0 371 7149
615 7642 128 127 Sjøvegan 0 615 7642
370 7169 98 62 Høylandet 0 370 7169
505 7017 142 144 Kyrksæterøra 0 505 7017
320 6564 112 136 Judaberg 0 320 6564
341 6695 109 86 Norheimsund 0 341 6695
384 6716 68 128 Ulvik 0 384 6716
576 7861 88 129 Berlevåg 0 576 7861
561 6792 125 88 Østre_Gausdal 0 561 6792
317 6518 51 134 Ålgård 0 317 6518
543 7021 98 96 Orkanger 0 543 7021
650 6596 103 123 Ørje 0 650 6596
332 6816 103 148 Førde 0 332 6816
636 6670 88 93 Årnes 0 636 6670
598 6608 114 102 Vestby 0 598 6608
528 6848 57 145 Otta 0 528 6848
566 6660 110 95 Røyse 0 566 6660
497 6681 111 108 Rødberg 0 497 6681
532 6633 106 105 Lampeland 0 532 6633
477 6776 73 126 Vang 0 477 6776
592 7154 107 77 Lauvsnes 0 592 7154
401 6753 101 55 Aurlandsvangen 0 401 6753
408 6809 66 102 Gaupne 0 408 6809
447 7329 142 92 Korgen 0 447 7329
617 6608 116 111 Spydeberg 0 617 6608
580 6633 136 113 Asker 0 580 6633
413 7200 74 52 Namsskogan 0 413 7200
417 7302 67 133 Mosjøen 0 417 7302
611 6565 113 117 Fredrikstad 0 611 6565
475 6466 113 99 Grimstad 0 475 6466
354 6926 77 127 Langevåg 0 354 6926
557 6624 145 60 Mjøndalen 0 557 6624
499 7052 70 66 Fillan 0 499 7052
305 6657 129 94 Uggdal 0 305 6657
513 6872 76 52 Dovre 0 513 6872
503 6551 112 76 Drangedal 0 503 6551
608 7106 68 136 Malm 0 608 7106
395 6918 85 57 Stordal 0 395 6918
626 7222 88 80 Leknes 0 626 7222
305 6502 104 92 Varhaug 0 305 6502
406 6463 142 111 Konsmo 0 406 6463
325 6746 87 62 Mo 0 325 6746
530 6742 109 131 Bagn 0 530 6742
337 6707 86 67 Kirkenær 0 337 6707
562 6820 80 53 Ringebu 0 562 6820
576 6793 119 52 Øyer 0 576 6793
285 6697 122 80 Straume 0 285 6697
277 6743 108 104 Austrheim 0 277 6743
374 6695 145 58 Kinsarvik 0 374 6695
358 6724 71 95 Voss 0 358 6724
302 6631 103 90 Stord 0 302 6631
304 6677 72 60 Os 0 304 6677
498 6772 101 53 Slidre 0 498 6772
320 6682 113 79 Eikelandsosen 0 320 6682
491 6887 136 120 Lesja 0 491 6887
387 6929 150 93 Ørskog 0 387 6929
405 6580 119 134 Bykle 0 405 6580
433 6523 115 102 Bygland 0 433 6523
382 6933 93 130 Skodje 0 382 6933
430 7681 102 142 Storsteinnes 0 430 7681
307 6715 119 136 Lonevåg 0 307 6715
563 7608 76 137 Evenskjer 0 563 7608
613 7629 85 144 Tennevoll 0 613 7629
412 6453 114 98 Marnardal 0 412 6453
585 6640 73 145 Sandvika 0 585 6640
309 6885 122 92 Selje 0 309 6885
626 6744 78 52 Løten 0 626 6744
432 6445 140 145 Nodeland 0 432 6445
540 7043 118 90 Lensvik 0 540 7043
590 7706 116 90 Skaland 0 590 7706
440 6460 61 131 Vennesla 0 440 6460
607 6655 87 135 Nittedal 0 607 6655
516 6603 124 60 Notodden 0 516 6603
407 7328 138 55 Leland 0 407 7328
349 6615 71 66 Sauda 0 349 6615
636 6559 65 68 Halden 0 636 6559
266 6746 143 115 Fedje 0 266 6746
297 6592 61 56 Aksdal 0 297 6592
372 7127 86 87 Snåsa 0 372 7127
418 6774 128 138 Lærdalsøyri 0 418 6774
503 7643 62 150 Myre 0 503 7643
447 6561 105 112 Fyresdal 0 447 6561
574 7019 130 135 Klæbu 0 574 7019
401 6946 77 118 Vestnes 0 401 6946
620 6573 147 94 Sarpsborg 0 620 6573
478 6593 107 133 Seljord 0 478 6593
433 6937 89 139 Åndalsnes 0 433 6937
345 6596 130 52 Sand 0 345 6596
616 6662 94 78 Gjerdrum 0 616 6662
550 6967 82 146 Berkåk 0 550 6967
349 6686 69 81 Jondal 0 349 6686
367 6505 98 119 Tonstad 0 367 6505
426 7272 131 72 Trofors 0 426 7272
370 6440 89 67 Farsund 0 370 6440
328 6804 95 74 Sande 0 328 6804
287 6836 71 64 Florø 0 287 6836
631 6603 91 74 Mysen 0 631 6603
327 6618 131 54 Etne 0 327 6618
420 6977 98 98 Eide 0 420 6977
585 7653 79 146 Kautokeino 0 585 7653
604 6751 64 135 Brumunddal 0 604 6751
436 6999 107 57 Kristiansund 0 436 6999
540 7071 89 121 Botngard 0 540 7071
326 6917 149 86 Fosnavåg 0 326 6917
432 7149 117 123 Nordli 0 432 7149
637 7036 85 82 Meråker 0 637 7036
304 6532 55 130 Sola 0 304 6532
304 6853 114 93 Svelgen 0 304 6853
621 6670 92 146 Jessheim 0 621 6670
471 6584 83 105 Kviteseid 0 471 6584
376 7491 130 95 Røst 0 376 7491
479 6488 144 75 Froland 0 479 6488
601 6615 61 59 Ås 0 601 6615
394 6704 67 77 Eidfjord 0 394 6704
616 6545 70 146 Skjærhalden 0 616 6545
421 7772 80 145 Lakselv 0 421 7772
539 6573 97 64 Siljan 0 539 6573
572 6670 113 102 Hønefoss 0 572 6670
633 6590 85 99 Rakkestad 0 633 6590
296 6873 105 68 Måløy 0 296 6873
276 6779 122 105 Hardbakke 0 276 6779
530 7881 62 149 Mehamn 0 530 7881
476 7015 125 76 Aure 0 476 7015
539 6829 137 108 Vinstra 0 539 6829
641 7156 83 71 Ranemsletta 0 641 7156
441 7559 150 129 Leknes 0 441 7559
478 7620 63 68 Straumsjøen 0 478 7620
608 7675 71 56 Vangsvik 0 608 7675
513 6508 137 116 Risør 0 513 6508
603 6922 66 142 Tolga 0 603 6922
443 6590 102 68 Dalen 0 443 6590
500 7517 142 130 Leinesfjord 0 500 7517
370 7378 105 56 Træna 0 370 7378
619 6733 126 109 Stange 0 619 6733
538 6556 135 122 Porsgrunn 0 538 6556
505 6714 140 118 Nesbyen 0 505 6714
342 6866 72 79 Nordfjordeid 0 342 6866
294 6647 51 56 Fitjar 0 294 6647
599 7838 93 144 Båtsfjord 0 599 7838
535 6655 108 81 Prestfoss 0 535 6655
607 7173 149 52 Dun 0 607 7173
563 7017 147 140 Melhus 0 563 7017
450 7037 108 125 Hopen 0 450 7037
491 7065 73 92 Sistranda 0 491 7065
510 6991 126 146 Rindal 0 510 6991
556 7554 77 59 Kjøpsvik 0 556 7554
570 6628 149 113 Lier 0 570 6628
297 6570 52 86 Bokn 0 297 6570
294 6552 103 103 Kvitsøy 0 294 6552
332 6532 68 138 Forsand 0 332 6532
339 6653 102 55 Skotterud 0 339 6653
301 6786 97 123 Hyllestad 0 301 6786
481 7431 58 126 Moldjord 0 481 7431
656 6850 61 92 Engerdal 0 656 6850
609 6863 135 62 Bergset 0 609 6863
330 6545 63 74 Jørpeland 0 330 6545
595 7039 91 59 Stjørdal 0 595 7039
398 6790 69 99 Sogndal 0 398 6790
289 6807 103 99 Askvoll 0 289 6807
370 6873 75 129 Hornindal 0 370 6873
366 6829 88 83 Skei 0 366 6829
383 6866 58 150 Stryn 0 383 6866
609 6646 129 100 Lørenskog 0 609 6646
629 6614 69 91 Trøgstad 0 629 6614
622 6593 133 57 Skiptvet 0 622 6593
554 6889 150 143 Folldal 0 554 6889
613 7084 129 121 Straumen 0 613 7084
611 6697 91 79 Hurdal 0 611 6697
290 6668 126 95 Storebø 0 290 6668
623 6941 66 124 Røros 0 623 6941
592 6637 131 103 Nesoddtangen 0 592 6637
351 6899 82 139 Ørsta 0 351 6899
471 6516 133 140 Åmli 0 471 6516
416 7879 79 70 Havøysund 0 416 7879
369 6774 112 144 Vikøyri 0 369 6774
324 6482 61 67 Egersund 0 324 6482
428 7807 105 125 Vardø 0 428 7807
386 7335 94 79 Solfjellsjøen 0 386 7335
396 6474 84 118 Tingvatn 0 396 6474
356 6483 99 128 Moi 0 356 6483
639 6752 80 58 Elverum 0 639 6752
559 7116 104 113 Roan 0 559 7116
582 7125 139 108 Steinsdalen 0 582 7125
654 6567 106 130 Fossby 0 654 6567
589 6684 78 147 Roa 0 589 6684
553 7022 122 100 Børsa 0 553 7022
434 6609 112 123 Vinje 0 434 6609
495 6609 122 85 Sauland 0 495 6609
514 6583 129 90 Akkerhaugen 0 514 6583
399 6439 107 70 Vigeland 0 399 6439
525 7552 120 74 Oppeid 0 525 7552
600 6631 132 103 Kolbotn 0 600 6631
540 7588 68 82 Lødingen 0 540 7588
575 7581 100 108 Ballangen 0 575 7581
453 7275 58 135 Hattfjelldal 0 453 7275
338 6915 133 70 Ulsteinvik 0 338 6915
497 6729 121 65 Gol 0 497 6729
558 7785 83 105 Varangerbotn 0 558 7785
515 6653 147 134 Rollag 0 515 6653
331 6502 85 78 Vikeså 0 331 6502
557 6650 115 67 Vikersund 0 557 6650
557 7602 121 75 Hol 0 557 7602
405 7671 69 134 Moen 0 405 7671
613 7071 114 103 Levanger 0 613 7071
339 6569 148 62 Hjelmeland 0 339 6569
488 6514 110 105 Vegårshei 0 488 6514
616 6647 138 143 Lillestrøm 0 616 6647
463 6456 135 67 Lillesand 0 463 6456
383 7290 90 117 Vevelstad 0 383 7290
622 6607 121 129 Askim 0 622 6607
517 7621 78 131 Sortland 0 517 7621
416 6563 54 54 Valle 0 416 6563
616 6644 91 102 Fjerdingby 0 616 6644
292 6702 130 79 Kleppestø 0 292 6702
