127
306 2755 86 94 Karachi 0 306 2755
437 3490 130 115 Lahore 0 437 3490
317 3477 115 80 Faisalābād 0 317 3477
256 3847 55 76 Serai 0 256 3847
318 3719 61 87 Rāwalpindi 0 318 3719
738 3343 142 73 Multān 0 738 3343
423 3557 85 93 Gujrānwāla 0 423 3557
437 2809 106 149 Hyderābād_City 0 437 2809
738 3766 69 99 Peshāwar 0 738 3766
335 3779 89 121 Abbottābād 0 335 3779
319 3729 68 128 Islamabad 0 319 3729
307 3340 132 141 Quetta 0 307 3340
649 3650 54 50 Bannu 0 649 3650
760 3255 132 95 Bahāwalpur 0 760 3255
280 3552 95 61 Sargodha 0 280 3552
455 3595 119 58 Siālkot_City 0 455 3595
485 3064 139 96 Sukkur 0 485 3064
422 3048 103 69 Lārkāna 0 422 3048
403 3509 72 135 Sheikhupura 0 403 3509
501 2823 56 71 Mīrpur_Khās 0 501 2823
627 3144 93 94 Rahīmyār_Khān 0 627 3144
727 3718 131 58 Kohāt 0 727 3718
244 3462 108 102 Jhang_Sadr 0 244 3462
413 3604 150 56 Gujrāt 0 413 3604
224 3784 147 73 Bardār 0 224 3784
447 3442 137 76 Kasūr 0 447 3442
657 3326 150 106 Dera_Ghāzi_Khān 0 657 3326
314 3396 131 57 Masīwāla 0 314 3396
441 2903 78 119 Nawābshāh 0 441 2903
351 3409 106 63 Okāra 0 351 3409
438 3975 69 96 Gilgit 0 438 3975
308 3511 92 144 Chiniot 0 308 3511
610 3131 50 83 Sādiqābād 0 610 3131
504 2875 78 70 Turbat 0 504 2875
680 3523 74 70 Dera_Ismāīl_Khān 0 680 3523
256 3423 117 102 Chaman 0 256 3423
542 3467 131 50 Zhob 0 542 3467
336 3798 104 57 Mehra 0 336 3798
601 3751 87 145 Parachinār 0 601 3751
431 2778 108 115 Gwādar 0 431 2778
733 3593 112 64 Kundiān 0 733 3593
392 3080 52 52 Shahdād_Kot 0 392 3080
309 3764 87 130 Harīpur 0 309 3764
444 2831 55 135 Matiāri 0 444 2831
436 3138 149 140 Dera_Allāhyār 0 436 3138
755 3270 76 62 Lodhrān 0 755 3270
319 3839 103 140 Batgrām 0 319 3839
391 2737 92 140 Thatta 0 391 2737
386 3760 111 58 Bāgh 0 386 3760
483 2726 124 81 Badīn 0 483 2726
334 3800 148 110 Mānsehra 0 334 3800
377 3361 107 123 Ziārat 0 377 3361
711 3328 123 63 Muzaffargarh 0 711 3328
471 2816 122 126 Tando_Allāhyār 0 471 2816
423 3157 84 134 Dera_Murād_Jamāli 0 423 3157
695 3666 54 83 Karak 0 695 3666
228 3788 118 148 Mardan 0 228 3788
261 2856 116 108 Uthal 0 261 2856
376 3479 79 56 Nankāna_Sāhib 0 376 3479
550 3307 130 65 Bārkhān 0 550 3307
375 3548 52 87 Hāfizābād 0 375 3548
398 3709 64 130 Kotli 0 398 3709
461 3359 104 81 Loralai 0 461 3359
515 3212 51 88 Dera_Bugti 0 515 3212
245 3466 56 106 Jhang_City 0 245 3466
317 3394 59 85 Sāhīwāl 0 317 3394
494 2880 147 122 Sānghar 0 494 2880
344 3357 148 106 Pākpattan 0 344 3357
299 3645 150 54 Chakwāl 0 299 3645
250 3576 109 106 Khushāb 0 250 3576
531 3097 58 140 Ghotki 0 531 3097
524 3307 70 105 Kohlu 0 524 3307
267 3070 146 78 Khuzdār 0 267 3070
722 2928 146 93 Awārān 0 722 2928
775 3767 111 100 Nowshera 0 775 3767
752 3781 114 139 Chārsadda 0 752 3781
276 3401 121 98 Qila_Abdullāh 0 276 3401
331 3319 75 58 Bahāwalnagar 0 331 3319
378 2957 122 68 Dādu 0 378 2957
465 4018 108 138 Alīābad 0 465 4018
679 3609 72 123 Lakki_Marwat 0 679 3609
418 3919 106 127 Chilās 0 418 3919
307 3384 62 79 Pishin 0 307 3384
630 3565 117 59 Tānk 0 630 3565
751 3971 101 57 Chitrāl 0 751 3971
438 3396 149 121 Qila_Saifullāh 0 438 3396
464 3092 115 127 Shikārpur 0 464 3092
608 2983 125 119 Panjgūr 0 608 2983
291 3298 102 148 Mastung 0 291 3298
265 3213 142 145 Kalāt 0 265 3213
351 3166 60 103 Gandāvā 0 351 3166
781 3355 59 127 Khānewāl 0 781 3355
488 3551 134 145 Nārowāl 0 488 3551
476 3045 110 117 Khairpur 0 476 3045
768 3828 86 123 Malakand 0 768 3828
244 3325 101 147 Vihāri 0 244 3325
257 3848 135 131 Saidu_Sharif 0 257 3848
381 3644 65 85 Jhelum 0 381 3644
358 3606 106 138 Mandi_Bahāuddīn 0 358 3606
695 3500 62 63 Bhakkar 0 695 3500
259 3429 106 103 Toba_Tek_Singh 0 259 3429
427 2813 108 68 Jāmshoro 0 427 2813
736 3164 136 98 Khārān 0 736 3164
574 2805 83 136 Umarkot 0 574 2805
691 3712 116 84 Hangu 0 691 3712
760 3857 148 113 Timargara 0 760 3857
388 4004 91 96 Gākuch 0 388 4004
444 3128 65 114 Jacobābād 0 444 3128
283 3866 113 125 Alpūrai 0 283 3866
737 3606 108 88 Miānwāli 0 737 3606
578 3414 118 66 Mūsa_Khel_Bāzār 0 578 3414
412 2969 58 111 Naushahro_Fīroz 0 412 2969
383 3668 103 120 New_Mīrpur 0 383 3668
269 3821 72 74 Daggar 0 269 3821
486 3911 105 109 Eidgāh 0 486 3911
391 3268 66 123 Sibi 0 391 3268
637 3196 134 96 Dālbandīn 0 637 3196
628 3220 99 85 Rājanpur 0 628 3220
685 3426 147 104 Leiah 0 685 3426
761 3899 144 50 Upper_Dir 0 761 3899
453 2778 128 99 Tando_Muhammad_Khān 0 453 2778
255 3739 101 56 Attock_City 0 255 3739
385 3747 121 71 Rāwala_Kot 0 385 3747
266 3778 124 73 Swābi 0 266 3778
517 3124 90 139 Kandhkot 0 517 3124
344 3906 117 103 Dasu 0 344 3906
398 3826 106 106 Athmuqam 0 398 3826
