37
438 7202 47 22 Asunción 0 438 7202
446 7198 28 27 San_Lorenzo 0 446 7198
612 6976 30 21 Encarnación 0 612 6976
740 7176 43 20 Ciudad_del_Este 0 740 7176
630 7506 39 25 Pedro_Juan_Caballero 0 630 7506
556 7185 26 18 Coronel_Oviedo 0 556 7185
455 7411 30 29 Concepción 0 455 7411
555 7148 36 17 Villarrica 0 555 7148
464 7181 43 21 Itá 0 464 7181
473 7192 31 20 Ypacarai 0 473 7192
370 7027 41 20 Pilar 0 370 7027
485 7192 34 18 Caacupé 0 485 7192
485 7166 47 15 Paraguarí 0 485 7166
549 7552 38 16 Bella_Vista 0 549 7552
493 7418 50 26 Horqueta 0 493 7418
447 7224 36 16 Villa_Hayes 0 447 7224
569 6993 39 21 Coronel_Bogado 0 569 6993
473 7404 29 29 Belén 0 473 7404
805 7525 30 20 Filadelfia 0 805 7525
485 7050 25 23 San_Juan_Bautista 0 485 7050
563 7102 39 22 Caazapá 0 563 7102
623 7003 35 22 Hohenau 0 623 7003
491 7295 41 26 Puerto_Rosario 0 491 7295
405 7529 39 18 Puerto_La_Victoria 0 405 7529
489 7227 44 16 Arroyos_y_Esteros 0 489 7227
606 7120 32 19 Abaí 0 606 7120
652 7335 28 23 Ygatimí 0 652 7335
744 7561 44 30 Mariscal_Estigarribia 0 744 7561
409 7673 33 30 Fuerte_Olimpo 0 409 7673
299 7403 41 15 Pozo_Colorado 0 299 7403
723 7120 49 20 Ñacunday 0 723 7120
732 7796 48 22 Capitán_Pablo_Lagerenza 0 732 7796
669 7355 34 21 Ypé_Jhú 0 669 7355
414 7487 25 16 Puerto_Pinasco 0 414 7487
773 7336 48 27 Salto_del_Guairá 0 773 7336
492 7335 48 20 San_Pedro_de_Ycuamandiyú 0 492 7335
461 7200 26 26 Areguá 0 461 7200
