89
276 8667 120 126 Lima 0 276 8667
269 8666 110 75 Callao 0 269 8666
229 8185 127 50 Arequipa 0 229 8185
717 9102 88 70 Trujillo 0 717 9102
628 9255 109 92 Chilape 0 628 9255
693 9585 99 58 Iquitos 0 693 9585
477 8666 51 125 Huancayo 0 477 8666
540 9425 126 122 Piura 0 540 9425
178 8503 121 137 Cusco 0 178 8503
764 8996 71 122 Chimbote 0 764 8996
550 9073 120 118 Pucallpa 0 550 9073
367 8008 109 74 Tacna 0 367 8008
421 8444 114 139 Ica 0 421 8444
378 8287 84 66 Juliaca 0 378 8287
587 8551 119 103 Ayacucho 0 587 8551
534 9458 131 98 Sullana 0 534 9458
363 8902 92 101 Huánuco 0 363 8902
377 8516 129 123 Chincha_Alta 0 377 8516
775 9207 131 141 Cajamarca 0 775 9207
362 8820 71 50 Cerro_de_Pasco 0 362 8820
390 8248 130 99 Puno 0 390 8248
560 9605 93 131 Tumbes 0 560 9605
470 9494 74 52 Talara 0 470 9494
315 8680 134 58 Chosica 0 315 8680
222 8945 139 91 Huaraz 0 222 8945
370 8484 81 71 Pisco 0 370 8484
215 8770 118 101 Huacho 0 215 8770
592 9436 123 100 Chulucanas 0 592 9436
479 8607 56 71 Puerto_Maldonado 0 479 8607
487 9437 117 59 Paita 0 487 9437
729 8491 126 142 Abancay 0 729 8491
294 8097 107 142 Moquegua 0 294 8097
251 8048 60 150 Ilo 0 251 8048
390 8971 89 103 Tingo_María 0 390 8971
742 9368 94 139 Jaén 0 742 9368
425 8737 64 100 Tarma 0 425 8737
633 9266 119 94 Ferreñafe 0 633 9266
817 8115 63 64 Mollendo 0 817 8115
281 9332 121 99 Moyobamba 0 281 9332
502 8586 104 62 Huancavelica 0 502 8586
214 8772 83 143 Hualmay 0 214 8772
658 9181 112 81 Pacasmayo 0 658 9181
309 9206 56 113 Juanjuí 0 309 9206
259 8421 117 72 Sicuani 0 259 8421
401 8726 145 75 Forbe_Oroya 0 401 8726
196 8816 96 111 Pativilca 0 196 8816
825 9135 119 136 Huamachuco 0 825 9135
796 8951 129 54 Casma 0 796 8951
328 9094 119 146 Tocache_Viejo 0 328 9094
252 8721 76 78 Chancay 0 252 8721
182 9310 54 127 Chachapoyas 0 182 9310
506 8361 55 111 Nazca 0 506 8361
519 9386 144 62 Sechura 0 519 9386
445 8698 147 87 Jauja 0 445 8698
744 8160 126 119 Camaná 0 744 8160
329 8354 116 118 Ayaviri 0 329 8354
498 9187 58 86 Contamana 0 498 9187
582 8568 75 140 Huantachaca 0 582 8568
627 9440 101 102 Requena 0 627 9440
812 8885 69 121 Huarmey 0 812 8885
431 8221 123 123 Ilave 0 431 8221
617 9244 123 132 Puerto_Pimentel 0 617 9244
539 8755 134 114 Satipo 0 539 8755
391 8766 101 66 Junín 0 391 8766
458 8769 86 76 San_Jacinto 0 458 8769
759 9274 90 116 Chota 0 759 9274
332 9290 100 50 Lamas 0 332 9290
642 9319 55 111 Motupe 0 642 9319
827 9156 63 143 Cajabamba 0 827 9156
311 8616 82 120 Chilca 0 311 8616
594 8375 85 146 Puquio 0 594 8375
423 8431 68 71 Santiago 0 423 8431
768 9125 74 92 Otuzco 0 768 9125
723 9091 124 124 Salaverry 0 723 9091
638 9337 81 141 Olmos 0 638 9337
453 8288 105 132 Putina 0 453 8288
812 8527 148 131 Urubamba 0 812 8527
631 8339 97 86 Coracora 0 631 8339
495 8168 76 60 Desaguadero 0 495 8168
814 8400 106 54 Santo_Tomás 0 814 8400
331 9567 91 80 Caballococha 0 331 9567
349 9282 84 75 Tarapoto 0 349 9282
532 9012 141 94 Tournavista 0 532 9012
472 9987 98 108 Güeppí 0 472 9987
418 9720 81 51 Soldado_Bartra 0 418 9720
344 9678 126 140 Andoas 0 344 9678
175 9742 100 124 Puca_Urco 0 175 9742
584 8545 97 117 Ayacucho 0 584 8545
628 9251 148 121 Chiclayo 0 628 9251
