336
359 5569 25 18 Katowice 0 359 5569
500 5788 47 25 Warsaw 0 500 5788
394 5734 35 28 Łódź 0 394 5734
427 5545 39 24 Kraków 0 427 5545
347 6026 34 24 Gdańsk 0 347 6026
352 5579 37 29 Bytom 0 352 5579
642 5662 44 20 Wrocław 0 642 5662
633 5809 31 25 Poznań 0 633 5809
334 5574 34 29 Gliwice 0 334 5574
473 5921 50 29 Szczecin 0 473 5921
300 5890 46 15 Bydgoszcz 0 300 5890
609 5678 34 28 Lublin 0 609 5678
341 6041 27 28 Gdynia 0 341 6041
643 5889 43 15 Białystok 0 643 5889
571 5543 32 18 Rzeszów 0 571 5543
473 5635 28 22 Kielce 0 473 5635
466 5959 29 20 Olsztyn 0 466 5959
706 5617 34 28 Opole 0 706 5617
396 6001 29 23 Elbląg 0 396 6001
534 5754 41 28 Zielona_Góra 0 534 5754
577 6005 29 23 Koszalin 0 577 6005
350 5930 31 19 Twierdza_Grudziadz 0 350 5930
315 5853 26 28 Inowrocław 0 315 5853
589 5965 31 29 Ełk 0 589 5965
674 5891 48 24 Nakło_nad_Notecią 0 674 5891
614 5476 36 23 Ustrzyki_Dolne 0 614 5476
668 5925 28 21 Sępólno_Krajeńskie 0 668 5925
511 5500 48 22 Gorlice 0 511 5500
429 5481 31 30 Nowy_Targ 0 429 5481
577 5796 28 23 Nowy_Tomyśl 0 577 5796
370 5716 48 18 Łask 0 370 5716
539 5679 34 28 Bolesławiec 0 539 5679
598 5988 29 25 Olecko 0 598 5988
645 5766 26 23 Biała_Podlaska 0 645 5766
574 5706 47 29 Polkowice 0 574 5706
581 5596 45 30 Nisko 0 581 5596
573 5505 35 15 Brzozów 0 573 5505
347 5575 44 23 Ruda_Śląska 0 347 5575
386 5691 36 17 Bełchatów 0 386 5691
393 5901 38 30 Brodnica 0 393 5901
354 5555 32 30 Tychy 0 354 5555
622 5834 44 24 Oborniki 0 622 5834
528 5891 47 25 Choszczno 0 528 5891
596 5480 30 15 Lesko 0 596 5480
367 5575 28 26 Będzin 0 367 5575
703 5632 42 18 Hrubieszów 0 703 5632
370 5976 33 22 Sztum 0 370 5976
351 5573 35 15 Świętochłowice 0 351 5573
645 5627 43 24 Strzelin 0 645 5627
540 5689 41 29 Zwoleń 0 540 5689
574 5724 28 16 Głogów 0 574 5724
474 5772 48 23 Grodzisk_Mazowiecki 0 474 5772
487 5779 35 16 Pruszków 0 487 5779
391 5658 34 17 Radomsko 0 391 5658
470 5932 27 16 Police 0 470 5932
393 5880 45 29 Rypin 0 393 5880
489 5787 41 25 Ożarów_Mazowiecki 0 489 5787
317 5542 27 27 Wodzisław_Śląski 0 317 5542
342 5575 42 19 Zabrze 0 342 5575
359 5667 48 27 Pajęczno 0 359 5667
666 5920 32 29 Sokółka 0 666 5920
703 5701 26 21 Ostrzeszów 0 703 5701
352 5538 44 19 Pszczyna 0 352 5538
671 5760 44 27 Jarocin 0 671 5760
520 5663 48 16 Lubań 0 520 5663
651 5558 39 30 Lubaczów 0 651 5558
359 5520 44 21 Bielsko-Biała 0 359 5520
485 5980 40 18 Kamień_Pomorski 0 485 5980
490 5674 42 22 Szydłowiec 0 490 5674
521 5718 40 20 Żagań 0 521 5718
329 5513 33 15 Cieszyn 0 329 5513
376 5562 34 20 Jaworzno 0 376 5562
472 5997 29 21 Lidzbark_Warmiński 0 472 5997
569 5806 29 16 Węgrów 0 569 5806
605 5862 42 16 Czarnków 0 605 5862
301 5686 31 23 Wieruszów 0 301 5686
524 5992 46 29 Kętrzyn 0 524 5992
503 5910 36 20 Stargard_Szczeciński 0 503 5910
391 5526 34 16 Wadowice 0 391 5526
677 5824 46 23 Gniezno 0 677 5824
695 5797 29 16 Słupca 0 695 5797
529 5627 45 27 Opatów 0 529 5627
321 6054 42 24 Wejherowo 0 321 6054
631 5685 36 19 Łęczna 0 631 5685
496 5721 48 28 Białobrzegi 0 496 5721
397 5570 32 22 Olkusz 0 397 5570
659 5621 33 28 Zamość 0 659 5621
377 5856 41 22 Lipno 0 377 5856
587 5546 49 26 Łańcut 0 587 5546
632 5723 29 19 Parczew 0 632 5723
458 5505 39 27 Limanowa 0 458 5505
347 5590 40 16 Tarnowskie_Góry 0 347 5590
354 5641 39 18 Kłobuck 0 354 5641
492 5888 35 20 Pyrzyce 0 492 5888
689 5941 39 22 Tuchola 0 689 5941
506 5655 31 30 Starachowice 0 506 5655
317 6024 41 16 Kartuzy 0 317 6024
611 5702 37 25 Lubartów 0 611 5702
586 5490 33 27 Sanok 0 586 5490
601 5864 48 27 Wysokie_Mazowieckie 0 601 5864
377 6008 38 17 Nowy_Dwór_Gdański 0 377 6008
480 5808 35 24 Nowy_Dwór_Mazowiecki 0 480 5808
616 5890 32 15 Piła 0 616 5890
406 5920 34 27 Nowe_Miasto_Lubawskie 0 406 5920
461 5767 38 28 Żyrardów 0 461 5767
398 5510 29 28 Sucha_Beskidzka 0 398 5510
638 5749 42 27 Gostyń 0 638 5749
673 5667 48 18 Chełm 0 673 5667
448 5787 41 16 Sochaczew 0 448 5787
601 5568 26 19 Leżajsk 0 601 5568
699 5838 48 17 Mogilno 0 699 5838
410 5856 43 28 Sierpc 0 410 5856
564 5719 41 18 Ryki 0 564 5719
300 5552 32 23 Racibórz 0 300 5552
511 5601 34 28 Staszów 0 511 5601
329 5914 29 23 Chełmno 0 329 5914
373 5576 36 16 Dąbrowa_Górnicza 0 373 5576
542 5749 27 24 Garwolin 0 542 5749
652 5650 43 19 Krasnystaw 0 652 5650
538 5714 35 17 Kozienice 0 538 5714
367 5566 36 16 Mysłowice 0 367 5566
500 5666 47 27 Zgorzelec 0 500 5666
631 6037 45 16 Słupsk 0 631 6037
328 5765 35 16 Turek 0 328 5765
682 5859 34 30 Żnin 0 682 5859
441 5757 47 18 Skierniewice 0 441 5757
653 5998 34 15 Sejny 0 653 5998
553 5942 39 20 Pisz 0 553 5942
330 5677 37 28 Wieluń 0 330 5677
330 5920 37 16 Świecie 0 330 5920
574 5600 47 27 Stalowa_Wola 0 574 5600
355 5996 40 17 Tczew 0 355 5996
611 5738 41 27 Radzyń_Podlaski 0 611 5738
618 5675 49 23 Świdnik 0 618 5675
564 5985 32 17 Białogard 0 564 5985
458 5671 35 20 Końskie 0 458 5671
390 5744 48 21 Zgierz 0 390 5744
710 5595 43 26 Krapkowice 0 710 5595
581 5673 46 26 Legnica 0 581 5673
495 5805 37 27 Legionowo 0 495 5805
487 6011 40 25 Bartoszyce 0 487 6011
386 5555 47 23 Chrzanów 0 386 5555
470 5800 25 23 Słubice 0 470 5800
535 5858 33 23 Strzelce_Krajeńskie 0 535 5858
461 5912 30 20 Nidzica 0 461 5912
701 5564 47 19 Głubczyce 0 701 5564
427 5633 50 23 Włoszczowa 0 427 5633
492 5662 46 23 Skarżysko-Kamienna 0 492 5662
299 5738 37 29 Kalisz 0 299 5738
567 5666 30 17 Opole_Lubelskie 0 567 5666
560 5828 48 15 Międzychód 0 560 5828
318 5639 25 22 Olesno 0 318 5639
444 5899 47 30 Działdowo 0 444 5899
530 5570 39 28 Mielec 0 530 5570
560 5850 48 21 Ostrów_Mazowiecka 0 560 5850
505 5839 36 22 Pułtusk 0 505 5839
586 5641 25 24 Kraśnik 0 586 5641
431 5578 25 30 Miechów 0 431 5578
312 5787 45 22 Konin 0 312 5787
606 5725 43 22 Góra 0 606 5725
334 5546 34 19 Żory 0 334 5546
474 5858 38 27 Ciechanów 0 474 5858
424 5520 43 30 Myślenice 0 424 5520
490 5863 38 18 Myślibórz 0 490 5863
583 5695 44 30 Lubin 0 583 5695
548 5602 45 23 Tarnobrzeg 0 548 5602
409 5696 28 20 Piotrków_Trybunalski 0 409 5696
513 5974 27 17 Gryfice 0 513 5974
465 5900 42 19 Gryfino 0 465 5900
616 5621 47 17 Dzierżoniów 0 616 5621
352 5928 45 23 Grudziądz 0 352 5928
411 5823 35 18 Płock 0 411 5823
492 5874 25 22 Przasnysz 0 492 5874
488 5934 44 30 Goleniów 0 488 5934
628 5606 35 15 Ząbkowice_Śląskie 0 628 5606
676 5714 39 26 Włodawa 0 676 5714
450 5691 42 25 Opoczno 0 450 5691
324 5551 42 16 Rybnik 0 324 5551
533 5510 32 21 Jasło 0 533 5510
643 5686 48 26 Trzebnica 0 643 5686
506 5857 31 21 Maków_Mazowiecki 0 506 5857
449 5560 48 28 Proszowice 0 449 5560
669 5952 30 18 Chojnice 0 669 5952
629 5515 38 24 Przemyśl 0 629 5515
342 5718 37 24 Sieradz 0 342 5718
541 5943 37 17 Łobez 0 541 5943
519 5968 39 21 Mrągowo 0 519 5968
545 5667 34 20 Lipsko 0 545 5667
450 5973 34 27 Świnoujście 0 450 5973
665 5593 49 16 Nysa 0 665 5593
675 5800 37 28 Września 0 675 5800
342 6034 46 30 Sopot 0 342 6034
363 5954 33 15 Kwidzyn 0 363 5954
538 5882 31 25 Ostrołęka 0 538 5882
673 5636 27 16 Brzeg 0 673 5636
655 5788 44 15 Środa_Wielkopolska 0 655 5788
611 5669 35 24 Środa_Śląska 0 611 5669
677 6046 25 22 Lębork 0 677 6046
550 5988 41 28 Giżycko 0 550 5988
585 5807 41 26 Sokołów_Podlaski 0 585 5807
424 5460 30 19 Zakopane 0 424 5460
427 5880 40 30 Żuromin 0 427 5880
376 5769 50 26 Łęczyca 0 376 5769
381 5603 25 16 Myszków 0 381 5603
304 5650 40 17 Kluczbork 0 304 5650
554 5565 29 29 Kolbuszowa 0 554 5565
338 5982 29 24 Starogard_Gdański 0 338 5982
674 5846 36 19 Hajnówka 0 674 5846
662 6006 33 20 Bytów 0 662 6006
521 5774 38 19 Otwock 0 521 5774
529 5544 35 25 Dębica 0 529 5544
369 5835 49 22 Włocławek 0 369 5835
371 5989 43 19 Malbork 0 371 5989
606 5546 27 21 Przeworsk 0 606 5546
614 5688 28 27 Wołów 0 614 5688
694 6001 36 28 Kościerzyna 0 694 6001
551 5638 32 22 Jelenia_Góra 0 551 5638
543 5544 44 27 Ropczyce 0 543 5544
590 5740 34 22 Wschowa 0 590 5740
539 5811 43 21 Międzyrzecz 0 539 5811
463 5568 38 22 Kazimierza_Wielka 0 463 5568
668 5730 45 15 Krotoszyn 0 668 5730
367 5628 30 29 Częstochowa 0 367 5628
395 5809 26 23 Gostynin 0 395 5809
448 5735 32 20 Rawa_Mazowiecka 0 448 5735
694 5725 32 16 Ostrów_Wielkopolski 0 694 5725
490 5745 34 20 Grójec 0 490 5745
428 5774 33 22 Łowicz 0 428 5774
551 5958 44 28 Świdwin 0 551 5958
363 5550 35 29 Bieruń 0 363 5550
587 5780 49 27 Siedlce 0 587 5780
571 5892 38 26 Łomża 0 571 5892
479 5590 27 20 Busko-Zdrój 0 479 5590
327 5534 36 22 Jastrzębie-Zdrój 0 327 5534
369 5886 36 15 Golub-Dobrzyń 0 369 5886
583 5871 42 18 Zambrów 0 583 5871
471 5535 30 24 Brzesko 0 471 5535
648 5853 25 16 Wągrowiec 0 648 5853
671 5591 37 19 Tomaszów_Lubelski 0 671 5591
431 5710 26 16 Tomaszów_Mazowiecki 0 431 5710
626 5996 27 26 Suwałki 0 626 5996
628 5719 42 25 Rawicz 0 628 5719
355 5574 45 28 Chorzów 0 355 5574
576 5774 45 15 Wolsztyn 0 576 5774
346 6015 46 15 Pruszcz_Gdański 0 346 6015
612 5952 30 25 Szczecinek 0 612 5952
596 5945 47 21 Grajewo 0 596 5945
356 5718 27 27 Zduńska_Wola 0 356 5718
590 5625 27 24 Wałbrzych 0 590 5625
457 5830 25 18 Płońsk 0 457 5830
647 5848 38 25 Bielsk_Podlaski 0 647 5848
388 5594 41 22 Zawiercie 0 388 5594
508 5810 42 17 Sulęcin 0 508 5810
630 5968 46 15 Augustów 0 630 5968
516 5799 50 20 Wołomin 0 516 5799
332 5833 35 27 Radziejów 0 332 5833
583 5656 41 29 Jawor 0 583 5656
622 5599 46 17 Biłgoraj 0 622 5599
501 5768 30 24 Piaseczno 0 501 5768
515 5843 48 19 Gorzów_Wielkopolski 0 515 5843
333 6066 27 28 Puck 0 333 6066
350 5559 48 26 Mikołów 0 350 5559
368 5570 31 23 Sosnowiec 0 368 5570
496 5539 37 26 Tarnów 0 496 5539
584 6018 35 21 Gołdap 0 584 6018
548 6007 26 20 Węgorzewo 0 548 6007
572 5626 38 19 Kamienna_Góra 0 572 5626
432 5537 40 29 Wieliczka 0 432 5537
458 5885 32 18 Mława 0 458 5885
690 5661 30 22 Namysłów 0 690 5661
360 5574 45 15 Siemianowice_Śląskie 0 360 5574
626 5810 32 27 Siemiatycze 0 626 5810
549 5739 43 30 Nowa_Sól 0 549 5739
657 5710 32 21 Milicz 0 657 5710
353 5583 45 27 Piekary_Śląskie 0 353 5583
450 5610 31 17 Jędrzejów 0 450 5610
510 5694 50 17 Radom 0 510 5694
708 5685 49 23 Kępno 0 708 5685
300 5581 28 16 Kędzierzyn-Koźle 0 300 5581
466 5596 41 20 Pińczów 0 466 5596
458 5535 36 29 Bochnia 0 458 5535
661 5645 45 28 Oława 0 661 5645
527 5643 29 22 Ostrowiec_Świętokrzyski 0 527 5643
612 5772 40 25 Kościan 0 612 5772
538 6003 44 27 Kołobrzeg 0 538 6003
608 5745 39 17 Leszno 0 608 5745
413 5739 36 18 Brzeziny 0 413 5739
683 5577 45 16 Prudnik 0 683 5577
628 5873 25 26 Chodzież 0 628 5873
373 5544 43 16 Oświęcim 0 373 5544
369 5505 45 23 Żywiec 0 369 5505
345 5861 25 15 Aleksandrów_Kujawski 0 345 5861
499 5558 29 27 Dąbrowa_Tarnowska 0 499 5558
538 5781 26 17 Mińsk_Mazowiecki 0 538 5781
567 5696 39 19 Puławy 0 567 5696
666 5675 43 29 Oleśnica 0 666 5675
431 5950 35 28 Ostróda 0 431 5950
359 5751 46 24 Poddębice 0 359 5751
609 6025 37 19 Sławno 0 609 6025
363 5905 43 19 Wąbrzeźno 0 363 5905
620 5541 26 19 Jarosław 0 620 5541
336 5615 46 26 Lubliniec 0 336 5615
594 5754 43 17 Łuków 0 594 5754
478 5496 50 18 Nowy_Sącz 0 478 5496
506 5766 31 19 Krosno_Odrzańskie 0 506 5766
691 5753 33 17 Pleszew 0 691 5753
339 5878 46 23 Toruń 0 339 5878
557 5524 49 16 Strzyżów 0 557 5524
530 5827 50 21 Wyszków 0 530 5827
607 5830 37 28 Szamotuły 0 607 5830
598 5904 36 19 Wałcz 0 598 5904
604 5633 27 25 Świdnica 0 604 5633
593 5787 29 22 Grodzisk_Wielkopolski 0 593 5787
308 5599 41 25 Strzelce_Opolskie 0 308 5599
561 5918 26 27 Kolno 0 561 5918
338 5786 43 22 Koło 0 338 5786
404 5938 42 24 Iława 0 404 5938
499 5934 33 30 Szczytno 0 499 5934
619 5918 27 24 Mońki 0 619 5918
655 5949 27 29 Człuchów 0 655 5949
536 5788 32 19 Świedbodzin 0 536 5788
638 5772 45 17 Śrem 0 638 5772
564 5663 50 30 Złotoryja 0 564 5663
552 5615 43 23 Sandomierz 0 552 5615
636 5914 25 23 Złotów 0 636 5914
540 5662 34 30 Lwówek_Śląski 0 540 5662
388 5787 31 15 Kutno 0 388 5787
423 6026 28 16 Braniewo 0 423 6026
617 5785 33 18 Łosice 0 617 5785
555 5504 43 29 Krosno 0 555 5504
385 5724 33 27 Pabianice 0 385 5724
617 5588 43 30 Kłodzko 0 617 5588
473 5689 46 15 Przysucha 0 473 5689
599 5618 29 22 Janów_Lubelski 0 599 5618
509 5720 42 15 Żary 0 509 5720
553 5931 46 20 Drawsko_Pomorskie 0 553 5931
