241
805 2044 73 93 San_Juan 0 805 2044
696 2013 64 140 Mayagüez 0 696 2013
800 2036 143 82 Bayamón 0 800 2036
752 1993 69 104 Ponce 0 752 1993
187 2034 82 61 Carolina 0 187 2034
812 2018 99 90 Caguas 0 812 2018
805 2032 58 146 Guaynabo 0 805 2032
741 2043 119 147 Arecibo 0 741 2043
816 2032 131 105 Trujillo_Alto 0 816 2032
219 2028 127 92 Fajardo 0 219 2028
804 2041 66 141 Cataño 0 804 2041
797 2042 93 90 Levittown 0 797 2042
775 2041 95 105 Vega_Baja 0 775 2041
805 1990 60 87 Guayama 0 805 1990
200 2009 81 108 Humacao 0 200 2009
727 1995 62 95 Yauco 0 727 1995
794 2037 57 90 Candelaria 0 794 2037
799 2004 114 50 Cayey 0 799 2004
764 2039 69 65 Manatí 0 764 2039
694 2038 81 56 Aguadilla 0 694 2038
788 2043 56 54 Dorado 0 788 2043
200 2034 139 132 Río_Grande 0 200 2034
698 2006 115 77 Hormigueros 0 698 2006
779 2001 101 122 Coamo 0 779 2001
708 2046 134 86 Isabela 0 708 2046
706 2000 89 83 San_Germán 0 706 2000
781 2037 73 145 Vega_Alta 0 781 2037
783 2030 86 132 Corozal 0 783 2030
794 2033 73 119 Pájaros 0 794 2033
696 2000 141 144 Cabo_Rojo 0 696 2000
797 2039 125 71 Sabana_Seca 0 797 2039
712 2028 78 82 San_Sebastián 0 712 2028
743 2021 72 121 Utuado 0 743 2021
789 2007 62 52 Aibonito 0 789 2007
715 1999 138 65 Sabana_Grande 0 715 1999
186 2013 83 121 San_Lorenzo 0 186 2013
763 1997 89 91 Juana_Díaz 0 763 1997
212 2033 96 112 Luquillo 0 212 2033
185 2020 140 144 Gurabo 0 185 2020
784 2041 82 128 San_Antonio 0 784 2041
191 2017 124 117 Juncos 0 191 2017
192 2034 112 108 Canóvanas 0 192 2034
721 1988 114 63 Guánica 0 721 1988
791 2039 141 106 Campanilla 0 791 2039
195 2035 118 74 San_Isidro 0 195 2035
811 1988 138 119 Arroyo 0 811 1988
195 1998 53 116 Yabucoa 0 195 1998
691 1999 70 75 Puerto_Real 0 691 1999
774 1988 142 76 Santa_Isabel 0 774 1988
196 2012 114 58 Las_Piedras 0 196 2012
741 1997 58 104 Peñuelas 0 741 1997
790 1993 132 58 Coco 0 790 1993
219 2021 89 121 Ceiba 0 219 2021
793 2041 95 114 Ingenio 0 793 2041
717 2043 58 111 Quebradillas 0 717 2043
800 2011 131 62 Cidra 0 800 2011
696 2022 98 62 Añasco 0 696 2022
209 2010 139 148 Punta_Santiago 0 209 2010
724 2024 51 73 Lares 0 724 2024
793 2038 55 146 Candelaria_Arenas 0 793 2038
786 1989 75 150 Salinas 0 786 1989
761 1994 93 121 Aguilita 0 761 1994
757 2032 80 120 Florida 0 757 2032
191 2036 133 146 Santa_Bárbara 0 191 2036
705 1996 91 124 Lajas 0 705 1996
210 2015 84 50 Naguabo 0 210 2015
729 2045 112 134 Hatillo 0 729 2045
740 2009 148 83 Adjuntas 0 740 2009
816 1993 149 74 Patillas 0 816 1993
806 2021 89 82 Aguas_Buenas 0 806 2021
186 2022 138 107 Celada 0 186 2022
793 2016 51 129 Comerío 0 793 2016
733 1993 66 52 Guayanilla 0 733 1993
758 2040 87 79 Imbéry 0 758 2040
195 2040 150 85 Loíza 0 195 2040
699 2034 67 108 Moca 0 699 2034
759 2041 55 92 Barceloneta 0 759 2041
790 2035 96 125 Toa_Alta 0 790 2035
744 2038 100 149 Bajadero 0 744 2038
727 2045 87 110 Camuy 0 727 2045
809 2019 104 125 Hacienda_San_Jose 0 809 2019
765 2006 102 138 Villalba 0 765 2006
781 2044 146 90 Breñas 0 781 2044
696 2040 119 136 Cabán 0 696 2040
793 1989 65 101 Coquí 0 793 1989
765 2043 114 88 Tierras_Nuevas_Poniente 0 765 2043
691 2033 73 98 Aguada 0 691 2033
737 1998 81 106 Santo_Domingo 0 737 1998
765 1991 116 93 Potala_Pastillo 0 765 1991
198 2034 141 142 La_Dolores 0 198 2034
759 1997 133 141 Coto_Laurel 0 759 1997
219 2020 107 51 Aguas_Claras 0 219 2020
193 2029 128 137 Campo_Rico 0 193 2029
761 1998 70 90 Luis_Lloréns_Torres 0 761 1998
765 1995 96 93 Piedra_Aguza 0 765 1995
789 2036 148 134 San_José 0 789 2036
694 2031 115 55 Luyando 0 694 2031
194 1992 98 62 Emajagua 0 194 1992
700 2000 70 94 Monte_Grande 0 700 2000
754 2016 129 131 Jayuya 0 754 2016
198 2011 112 85 La_Fermina 0 198 2011
733 2044 56 64 Carrizales 0 733 2044
784 2012 116 113 Barranquitas 0 784 2012
778 2040 95 58 Monserrate 0 778 2040
767 2029 118 104 Ciales 0 767 2029
763 2041 70 59 La_Luisa 0 763 2041
789 2032 91 80 Galateo 0 789 2032
810 2020 143 128 Las_Carolinas 0 810 2020
726 2041 72 64 Alianza 0 726 2041
722 1991 107 144 El_Tumbao 0 722 1991
800 1987 55 112 Jobos 0 800 1987
769 2030 121 68 Barahona 0 769 2030
788 2030 148 81 H._Rivera_Colón 0 788 2030
788 2036 117 66 Río_Lajas 0 788 2036
733 2038 52 102 Rafael_González 0 733 2038
221 2025 135 71 Luis_M._Cintrón 0 221 2025
782 1994 56 91 Mariano_Colón 0 782 1994
193 2001 104 67 Martorell 0 193 2001
815 1991 132 67 Palmas 0 815 1991
808 1991 108 86 Corazón 0 808 1991
810 2018 85 77 Los_Prados 0 810 2018
774 1998 69 102 Los_Llanos 0 774 1998
806 1992 104 57 Olimpo 0 806 1992
205 2033 141 88 Hato_Candal 0 205 2033
203 2001 99 68 Palmas_del_Mar 0 203 2001
764 2000 59 84 Guayabal 0 764 2000
774 2028 125 71 Morovis 0 774 2028
693 1994 110 95 Boquerón 0 693 1994
771 2029 108 57 Fránquez 0 771 2029
753 2035 99 129 La_Alianza 0 753 2035
241 2008 59 142 Vieques 0 241 2008
723 2039 89 143 Piedra_Gorda 0 723 2039
725 1992 140 81 Palomas 0 725 1992
198 2040 139 90 Suárez 0 198 2040
198 2002 127 90 Comunas 0 198 2002
691 2022 147 119 La_Playa 0 691 2022
792 1999 91 80 Vázquez 0 792 1999
213 2029 138 129 Ramos 0 213 2029
743 1997 76 108 Tallaboa_Alta 0 743 1997
776 2034 65 60 Miranda 0 776 2034
752 2039 62 139 Sabana_Hoyos 0 752 2039
806 2006 129 143 G._L._García 0 806 2006
721 1995 130 78 Lluveras 0 721 1995
771 1990 142 132 Playita_Cortada 0 771 1990
753 1999 115 117 El_Paraiso 0 753 1999
733 2035 54 59 Rafael_Capó 0 733 2035
692 1988 116 105 Pole_Ojea 0 692 1988
209 2034 149 54 Playa_Fortuna 0 209 2034
205 2016 88 56 Río_Blanco 0 205 2016
192 1993 135 113 Maunabo 0 192 1993
812 1992 88 114 Buena_Vista 0 812 1992
791 2025 53 73 Naranjito 0 791 2025
778 2043 59 84 Sabana 0 778 2043
755 2039 79 125 Tiburones 0 755 2039
770 2039 129 81 Coto_Norte 0 770 2039
216 2017 64 91 Daguao 0 216 2017
256 2025 96 65 Culebra 0 256 2025
202 2013 129 104 Antón_Ruíz 0 202 2013
707 2042 88 53 Mora 0 707 2042
799 2008 146 130 Parcelas_Nuevas 0 799 2008
703 2000 71 116 Sabana_Eneas 0 703 2000
816 2018 61 77 Parcelas_de_Navarro 0 816 2018
794 2035 98 136 Mucarabones 0 794 2035
192 1997 91 78 Playita 0 192 1997
772 1995 79 133 Las_Ollas 0 772 1995
778 1988 73 145 Jauca 0 778 1988
790 2005 75 145 Pastos 0 790 2005
789 2041 104 102 Toa_Baja 0 789 2041
730 1990 86 113 Indios 0 730 1990
195 2018 131 108 El_Mangó 0 195 2018
776 1992 95 107 El_Ojo 0 776 1992
684 2028 89 77 Rincón 0 684 2028
704 2040 54 70 Aceitunas 0 704 2040
195 2022 52 131 Benítez 0 195 2022
734 2042 109 87 Corcovado 0 734 2042
702 2043 143 77 Rafael_Hernández 0 702 2043
745 1995 85 108 Quebrada_del_Agua 0 745 1995
209 2018 143 148 Duque 0 209 2018
200 2032 106 84 Bartolo 0 200 2032
197 2017 89 75 Pueblito_Del_Río 0 197 2017
205 2009 78 115 Bajandas 0 205 2009
794 1987 103 110 Central_Aguirre 0 794 1987
797 2011 141 96 Parcelas_la_Milagrosa 0 797 2011
723 1989 71 103 María_Antonia 0 723 1989
698 2021 54 64 Espino 0 698 2021
238 2002 96 67 Esperanza 0 238 2002
736 1993 93 140 Magas_Arriba 0 736 1993
199 2003 60 88 Candelero_Arriba 0 199 2003
749 2041 87 50 Animas 0 749 2041
203 2005 99 67 Buena_Vista 0 203 2005
738 2023 99 105 Cayuco 0 738 2023
717 1996 130 83 Liborio_Negrón_Torres 0 717 1996
720 1990 104 135 Fuig 0 720 1990
783 1999 76 137 Palmarejo 0 783 1999
685 2026 59 135 Stella 0 685 2026
757 2042 123 60 Garrochales 0 757 2042
198 1996 74 125 El_Negro 0 198 1996
183 2010 62 85 Jagual 0 183 2010
192 1999 53 65 Rosa_Sánchez 0 192 1999
222 2032 106 99 Las_Croabas 0 222 2032
183 1990 75 137 Lamboglia 0 183 1990
811 1995 136 56 Yaurel 0 811 1995
706 1988 133 94 La_Parguera 0 706 1988
768 1996 108 72 Río_Cañas_Abajo 0 768 1996
206 2033 69 90 Palmer 0 206 2033
189 1993 80 96 Palo_Seco 0 189 1993
717 2039 57 150 Cacao 0 717 2039
729 2031 97 144 Quebrada 0 729 2031
719 2026 136 98 Juncal 0 719 2026
201 2016 128 64 Peña_Pobre 0 201 2016
803 2016 143 106 Santa_Clara 0 803 2016
192 2022 104 79 Lomas 0 192 2022
784 1990 110 68 Las_Ochenta 0 784 1990
756 2038 140 90 Búfalo 0 756 2038
781 1992 71 57 Parcelas_Peñuelas 0 781 1992
741 1991 126 54 Tallaboa 0 741 1991
702 1992 75 78 Maguayo 0 702 1992
697 1994 57 119 Betances 0 697 1994
713 2011 116 75 Maricao 0 713 2011
795 1997 83 51 La_Plena 0 795 1997
712 2019 67 82 Las_Marías 0 712 2019
757 1999 84 148 Cerrillos_Hoyos 0 757 1999
758 2034 75 114 Pajonal 0 758 2034
775 2017 145 68 Orocovis 0 775 2017
813 2011 91 55 Parcelas_Viejas_Borinquen 0 813 2011
707 2030 71 89 Hato_Arriba 0 707 2030
753 1999 101 95 La_Yuca 0 753 1999
201 2002 106 138 Candelero_Abajo 0 201 2002
800 1995 148 141 Pueblito_del_Carmen 0 800 1995
757 2000 62 132 Parcelas_Mandry 0 757 2000
755 1997 146 52 Vayas 0 755 1997
689 1988 81 78 El_Combate 0 689 1988
814 2021 51 74 Bairoa_La_Vienticinco 0 814 2021
750 2001 127 87 Tibes 0 750 2001
799 2013 102 92 Rodríguez_Hevia 0 799 2013
755 2007 103 91 Anon_Raices 0 755 2007
811 2024 75 119 La_Liga 0 811 2024
809 2013 110 94 Los_Panes 0 809 2013
748 2000 87 112 Corral_Viejo 0 748 2000
757 1992 89 132 Calzada 0 757 1992
751 2002 119 115 Monte_Verde 0 751 2002
