44
428 4920 63 51 Bucharest 0 428 4920
545 5223 102 98 Iaşi 0 545 5223
698 5182 68 60 Cluj-Napoca 0 698 5182
517 5066 142 121 Timişoara 0 517 5066
582 5033 104 81 Galaţi 0 582 5033
389 5054 86 114 Braşov 0 389 5054
723 4910 147 133 Craiova 0 723 4910
631 4893 136 83 Constanţa 0 631 4893
422 4977 52 128 Ploieşti 0 422 4977
570 5212 148 99 Oradea 0 570 5212
577 5013 131 51 Brăila 0 577 5013
492 5157 75 112 Bacău 0 492 5157
331 4968 117 125 Piteşti 0 331 4968
524 5114 131 131 Arad 0 524 5114
278 5075 78 120 Sibiu 0 278 5075
313 5158 81 87 Târgu-Mureş 0 313 5158
693 5282 106 106 Baia_Mare 0 693 5282
486 4999 107 116 Buzău 0 486 4999
475 5288 98 57 Botoşani 0 475 5288
641 5295 113 94 Satu_Mare 0 641 5295
292 4997 113 54 Râmnicu_Vâlcea 0 292 4997
631 4943 72 84 Drobeta-Turnu_Severin 0 631 4943
442 5277 86 115 Scheia 0 442 5277
514 5060 86 145 Focşani 0 514 5060
449 5196 80 53 Piatra_Neamţ 0 449 5196
679 4991 99 103 Târgu_Jiu 0 679 4991
641 5003 71 77 Tulcea 0 641 5003
377 4976 96 126 Târgovişte 0 377 4976
569 5016 120 71 Reşiţa 0 569 5016
309 5223 62 129 Bistriţa 0 309 5223
286 4923 88 64 Salcia 0 286 4923
526 4894 91 81 Călăraşi 0 526 4894
556 5164 64 59 Vaslui 0 556 5164
416 4859 66 120 Giurgiu 0 416 4859
647 5082 136 53 Deva 0 647 5082
699 5104 61 51 Alba_Iulia 0 699 5104
655 5229 138 130 Zalău 0 655 5229
405 5079 149 85 Sfântu-Gheorghe 0 405 5079
529 4934 86 90 Slobozia 0 529 4934
366 4871 57 87 Alexandria 0 366 4871
647 5068 105 137 Hunedoara 0 647 5068
407 5133 105 78 Miercurea-Ciuc 0 407 5133
290 4923 106 84 Slatina 0 290 4923
443 5275 83 116 Suceava 0 443 5275
