676
413 6179 50 19 Moscow 0 413 6179
346 6642 30 30 Saint_Petersburg 0 346 6642
623 6101 47 30 Novosibirsk 0 623 6101
354 6303 44 26 Yekaterinburg 0 354 6303
438 6242 33 26 Nizhniy_Novgorod 0 438 6242
443 5894 38 29 Samara 0 443 5894
397 6095 47 17 Omsk 0 397 6095
382 6184 41 23 Kazan’ 0 382 6184
399 6113 47 30 Chelyabinsk 0 399 6113
554 5231 37 19 Rostov-na-Donu 0 554 5231
438 6071 50 19 Ufa 0 438 6071
457 6429 38 21 Perm’ 0 457 6429
463 5396 49 22 Volgograd 0 463 5396
491 6208 29 21 Krasnoyarsk 0 491 6208
512 5724 35 27 Voronezh 0 512 5724
569 5710 39 28 Saratov 0 569 5710
498 4987 36 21 Krasnodar 0 498 4987
330 6023 26 30 Ul’yanovsk 0 330 6023
634 6302 31 30 Izhevsk 0 634 6302
551 6386 26 16 Yaroslavl’ 0 551 6386
683 5915 39 16 Barnaul 0 683 5915
737 4778 46 15 Vladivostok 0 737 4778
452 5794 25 26 Irkutsk 0 452 5794
506 5369 29 26 Khabarovsk 0 506 5369
704 4761 48 19 Makhachkala 0 704 4761
368 5737 42 17 Orenburg 0 368 5737
507 5956 33 21 Novokuznetsk 0 507 5956
375 6263 26 20 Tomsk 0 375 6263
544 6053 46 16 Ryazan’ 0 544 6053
652 6337 31 28 Tyumen’ 0 652 6337
538 5828 28 20 Lipetsk 0 538 5828
500 5894 44 18 Penza 0 500 5894
272 5137 32 28 Astrakhan’ 0 272 5137
411 6006 43 18 Tula 0 411 6006
441 6132 45 16 Kemerovo 0 441 6132
584 6173 34 29 Krasnyye_Chelny 0 584 6173
422 6495 36 25 Kirov 0 422 6495
639 6223 44 28 Cheboksary 0 639 6223
468 6062 25 17 Kaliningrad 0 468 6062
591 5901 42 30 Bryansk 0 591 5901
624 6320 35 16 Afanasovo 0 624 6320
636 5920 31 19 Magnitogorsk 0 636 5920
305 5735 42 25 Kursk 0 305 5735
675 6305 39 21 Tver’ 0 675 6305
415 6791 32 21 Surgut 0 415 6791
675 6423 50 30 Nizhniy_Tagil 0 675 6423
472 4764 37 17 Vladikavkaz 0 472 4764
734 4992 49 22 Stavropol’ 0 734 4992
679 5745 25 23 Ulan-Ude 0 679 5745
574 7158 28 30 Arkhangel’sk 0 574 7158
328 5609 37 27 Belgorod 0 328 5609
647 6147 25 29 Kurgan 0 647 6147
323 6045 33 22 Kaluga 0 323 6045
303 5872 45 19 Orël 0 303 5872
557 4828 28 16 Novyy_Sochi 0 557 4828
676 6280 30 17 Yoshkar-Ola 0 676 6280
483 5403 43 29 Volzhskiy 0 483 5403
438 6070 40 25 Smolensk 0 438 6070
408 6142 27 28 Podol’sk 0 408 6142
503 7652 41 19 Murmansk 0 503 7652
586 6222 49 17 Vladimir 0 586 6222
437 6555 50 24 Cherepovets 0 437 6555
671 5767 32 17 Chita 0 671 5767
388 4817 39 30 Nal’chik 0 388 4817
511 6003 50 19 Saransk 0 511 6003
664 5845 41 24 Tambov 0 664 5845
550 6564 36 29 Vologda 0 550 6564
492 5231 36 18 Taganrog 0 492 5231
614 6404 49 24 Kostroma 0 614 6404
642 5601 36 17 Komsomol’sk-na-Amure 0 642 5601
481 5973 40 22 Prokop’yevsk 0 481 5973
430 5942 40 26 Sterlitamak 0 430 5942
571 6852 44 26 Petrozavodsk 0 571 6852
404 6234 34 17 Dzerzhinsk 0 404 6234
609 5673 43 15 Orsk 0 609 5673
662 6227 26 22 Bratsk 0 662 6227
584 6756 44 18 Nizhnevartovsk 0 584 6756
424 5821 35 18 Angarsk 0 424 5821
402 4953 33 17 Novorossiysk 0 402 4953
538 6878 36 20 Yakutsk 0 538 6878
551 6165 41 29 Nizhnekamsk 0 551 6165
489 6838 37 17 Syktyvkar 0 489 6838
465 6191 35 25 Noginsk 0 465 6191
415 7152 35 29 Noginsk 0 415 7152
419 5683 27 29 Staryy_Oskol 0 419 5683
555 4795 44 19 Groznyy 0 555 4795
363 6625 49 15 Kolpino 0 363 6625
591 5284 32 19 Shakhty 0 591 5284
396 5570 32 15 Blagoveshchensk 0 396 5570
400 6487 37 28 Velikiy_Novgorod 0 400 6487
490 6433 42 15 Rybinsk 0 490 6433
378 5822 36 23 Biysk 0 378 5822
580 6408 30 21 Pskov 0 580 6408
692 5767 26 17 Balakovo 0 692 5767
667 4983 44 18 Armavir 0 667 4983
576 5704 34 21 Engel’s 0 576 5704
539 7160 47 29 Severodvinsk 0 539 7160
668 6117 48 25 Zlatoust 0 668 6117
330 5892 25 20 Syzran’ 0 330 5892
476 5877 39 28 Petropavlovsk-Kamchatskiy 0 476 5877
434 6253 42 15 Kamensk-Ural’skiy 0 434 6253
632 5201 44 30 Yuzhno-Sakhalinsk 0 632 5201
489 6585 45 30 Berezniki 0 489 6585
285 5266 30 19 Volgodonsk 0 285 5266
315 6103 37 28 Miass 0 315 6103
396 5953 47 28 Abakan 0 396 5953
582 5252 25 25 Novocherkassk 0 582 5252
547 7694 45 15 Noril’sk 0 547 7694
517 5705 38 20 Rubtsovsk 0 517 5705
427 5915 46 17 Salavat 0 427 5915
326 4742 34 20 Nakhodka 0 326 4742
608 7515 44 19 Nakhodka 0 608 7515
587 4939 40 23 Maykop 0 587 4939
736 4854 27 24 Ussuriysk 0 736 4854
643 6248 45 15 Kovrov 0 643 6248
429 5883 49 20 Novokuybyshevsk 0 429 5883
485 6103 29 29 Kolomna 0 485 6103
344 4879 30 17 Pyatigorsk 0 344 4879
426 6139 26 21 Arzamas 0 426 6139
584 6084 47 22 Al’met’yevsk 0 584 6084
497 6184 35 18 Orekhovo-Zuyevo 0 497 6184
398 6086 38 20 Serpukhov 0 398 6086
733 4946 41 18 Nevinnomyssk 0 733 4946
679 6310 33 19 Pervoural’sk 0 679 6310
317 4864 34 19 Kislovodsk 0 317 4864
405 6012 42 24 Dimitrovgrad 0 405 6012
312 6160 29 28 Muromskiy 0 312 6160
453 5984 46 19 Novomoskovsk 0 453 5984
529 5549 41 23 Kamyshin 0 529 5549
329 6219 48 24 Neftekamsk 0 329 6219
345 6238 26 30 Achinsk 0 345 6238
595 6731 25 23 Vyborg 0 595 6731
264 4900 37 15 Cherkessk 0 264 4900
466 5830 33 24 Yelets 0 466 5830
456 6451 31 26 Tobol’sk 0 456 6451
375 6774 34 30 Nefteyugansk 0 375 6774
531 7004 40 23 Noyabr’sk 0 531 7004
557 5220 40 26 Bataysk 0 557 5220
446 6239 25 21 Sergiyev_Posad 0 446 6239
446 6056 34 28 Leninsk-Kuznetskiy 0 446 6056
600 5730 45 15 Kyzyl 0 600 5730
660 6039 35 26 Oktyabr’skiy 0 660 6039
347 6108 30 22 Obninsk 0 347 6108
416 5874 30 27 Chapayevsk 0 416 5874
442 5128 27 16 Elista 0 442 5128
474 7449 27 19 Kandalaksha 0 474 7449
592 5673 29 18 Novotroitsk 0 592 5673
275 4660 40 15 Derbent 0 275 4660
477 5982 28 26 Kiselëvsk 0 477 5982
348 6246 38 15 Velikiye_Luki 0 348 6246
633 7051 43 21 Ukhta 0 633 7051
668 6231 42 17 Kansk 0 668 6231
672 6262 48 27 Sarapul 0 672 6262
486 6610 30 16 Solikamsk 0 486 6610
597 6445 45 27 Glazov 0 597 6445
362 6431 46 25 Ust’-Ilimsk 0 362 6431
569 5290 33 26 Novoshakhtinsk 0 569 5290
506 4883 26 21 Tuapse 0 506 4883
681 6326 36 29 Votkinsk 0 681 6326
363 6609 46 16 Serov 0 363 6609
372 5712 38 26 Balashov 0 372 5712
661 5800 33 18 Zheleznogorsk 0 661 5800
607 5886 35 26 Kuznetsk 0 607 5886
375 6604 44 23 Magadan 0 375 6604
573 7330 42 23 Novyy_Urengoy 0 573 7330
603 5866 30 21 Imeni_Michurina 0 603 5866
481 4785 32 25 Nazran’ 0 481 4785
327 6369 50 19 Kineshma 0 327 6369
616 6044 34 15 Bugul’ma 0 616 6044
695 5919 47 19 Novoaltaysk 0 695 5919
337 6607 38 19 Gatchina 0 337 6607
444 6490 47 15 Kirovo-Chepetsk 0 444 6490
502 6137 42 19 Yegor’yevsk 0 502 6137
444 5172 33 17 Yeysk 0 444 5172
585 5848 29 16 Buzuluk 0 585 5848
403 5985 43 16 Shchëkino 0 403 5985
408 5845 50 29 Usol’ye-Sibirskoye 0 408 5845
367 6177 38 25 Yurga 0 367 6177
439 6215 36 21 Anzhero-Sudzhensk 0 439 6215
406 5995 27 23 Troitsk 0 406 5995
715 4751 45 25 Kaspiysk 0 715 4751
406 6319 43 21 Asbest 0 406 6319
359 6245 41 22 Klin 0 359 6245
544 7487 27 17 Vorkuta 0 544 7487
623 5032 44 15 Kropotkin 0 623 5032
539 6215 35 25 Shadrinsk 0 539 6215
347 5406 36 17 Birobidzhan 0 347 5406
593 5352 49 22 Kamensk-Shakhtinskiy 0 593 5352
673 4742 25 22 Buynaksk 0 673 4742
377 4889 40 19 Georgiyevsk 0 377 4889
547 6462 38 19 Chusovoy 0 547 6462
387 5965 41 28 Chernogorsk 0 387 5965
663 5768 39 28 Vol’sk 0 663 5768
463 5640 43 25 Belogorsk 0 463 5640
675 6054 38 17 Tuymazy 0 675 6054
297 5694 25 30 Borisoglebsk 0 297 5694
500 6763 26 19 Khanty-Mansiysk 0 500 6763
530 6218 29 19 Ishim 0 530 6218
313 5837 44 22 Oktyabr’skiy 0 313 5837
517 7494 26 20 Apatity 0 517 7494
374 6041 26 16 Aleksin 0 374 6041
497 6366 25 25 Kungur 0 497 6366
448 5845 25 18 Klintsy 0 448 5845
600 6281 44 27 Neryungri 0 600 6281
594 6051 29 22 Leninogorsk 0 594 6051
463 6461 28 28 Lesosibirsk 0 463 6461
326 6258 30 22 Polevskoy 0 326 6258
417 5847 30 16 Kumertau 0 417 5847
587 5078 47 16 Tikhoretsk 0 587 5078
440 5691 41 17 Svobodnyy 0 440 5691
582 6236 28 19 Rzhev 0 582 6236
413 6261 47 21 Novaya_Balakhna 0 413 6261
311 6000 35 29 Belebey 0 311 6000
477 6135 47 18 Chistopol’ 0 477 6135
529 6612 28 22 Tikhvin 0 529 6612
637 4943 35 24 Labinsk 0 637 4943
648 6056 35 27 Iskitim 0 648 6056
320 6133 46 20 Vyksa 0 320 6133
612 5842 31 18 Sibay 0 612 5842
695 5149 29 23 Sal’sk 0 695 5149
645 6303 43 30 Shuya 0 645 6303
305 5978 31 21 Zima 0 305 5978
588 6792 35 27 Kotlas 0 588 6792
428 5756 28 29 Gorno-Altaysk 0 428 5756
373 5546 35 21 Mikhaylovka 0 373 5546
374 6228 40 30 Solnechnogorsk 0 374 6228
362 4890 25 25 Arsen’yev 0 362 4890
553 6472 28 20 Borovichi 0 553 6472
370 5891 39 30 Cheremkhovo 0 370 5891
491 5978 36 24 Roslavl’ 0 491 5978
663 6502 26 22 Nizhnyaya_Tura 0 663 6502
392 5883 38 28 Sayanogorsk 0 392 5883
427 4934 34 25 Gelendzhik 0 427 4934
582 6118 44 17 Vyaz’ma 0 582 6118
574 5550 43 18 Krasnokamensk 0 574 5550
516 7662 49 20 Severomorsk 0 516 7662
593 6384 29 18 Vyshniy_Volochëk 0 593 6384
595 5946 38 30 Buguruslan 0 595 5946
405 5809 30 28 Livny 0 405 5809
426 6438 40 23 Krasnokamsk 0 426 6438
434 6202 26 17 Tayshetka 0 434 6202
624 6892 50 21 Nyagan’ 0 624 6892
399 6303 25 25 Kimry 0 399 6303
602 6047 49 24 Tulun 0 602 6047
346 6176 31 25 Kyshtym 0 346 6176
522 5914 34 28 Otradnyy 0 522 5914
657 6154 45 19 Kanash 0 657 6154
494 7536 28 17 Monchegorsk 0 494 7536
688 5924 45 15 Korshunovka 0 688 5924
496 5990 33 15 Ruzayevka 0 496 5990
355 6436 46 27 Verkhnyaya_Salda 0 355 6436
452 6510 31 24 Slobodskoy 0 452 6510
560 6766 45 18 Megion 0 560 6766
619 6323 34 24 Torzhok 0 619 6323
631 5338 39 23 Belaya_Kalitva 0 631 5338
338 5905 39 16 Mtsensk 0 338 5905
563 5816 48 30 Gryazi 0 563 5816
577 6248 36 24 Mozhga 0 577 6248
634 5566 28 17 Amursk 0 634 5566
513 6111 49 22 Safonovo 0 513 6111
601 6078 28 27 Alatyr’ 0 601 6078
385 7270 33 16 Nadym 0 385 7270
510 7224 25 30 Pechora 0 510 7224
325 4942 44 30 Spasskoye 0 325 4942
558 4923 25 25 Apsheronsk 0 558 4923
471 4843 25 30 Mozdok 0 471 4843
464 6631 49 16 Volkhov 0 464 6631
439 5889 49 23 Yefremov 0 439 5889
351 5587 27 26 Gorod_Shebekino 0 351 5587
552 6054 42 21 Chernyakhovsk 0 552 6054
523 7319 43 17 Usinsk 0 523 7319
641 6735 36 19 Strezhevoy 0 641 6735
433 6356 40 26 Yelkhovskiy 0 433 6356
522 5960 50 30 Kamen’-na-Obi 0 522 5960
586 5348 27 17 Akhtubinsk 0 586 5348
496 5051 49 23 Timashevsk 0 496 5051
422 6412 30 24 Alapayevsk 0 422 6412
427 5821 50 23 Novozybkov 0 427 5821
501 6084 40 22 Nizhneudinsk 0 501 6084
556 6104 39 30 Sovetsk 0 556 6104
546 6230 42 18 Mariinsk 0 546 6230
547 6273 29 18 Krasnoufimsk 0 547 6273
347 4776 32 22 Partizansk 0 347 4776
563 6591 30 25 Sokol 0 563 6591
391 6068 29 27 Yemanzhelinsk 0 391 6068
377 5037 47 18 Lesozavodsk 0 377 5037
289 5632 40 27 Uryupinsk 0 289 5632
601 5702 44 21 Gay 0 601 5702
410 4917 28 28 Zelenokumsk 0 410 4917
407 6142 46 24 Birsk 0 407 6142
403 5514 42 23 Frolovo 0 403 5514
652 6937 43 20 Mirnyy 0 652 6937
664 6514 41 16 Luga 0 664 6514
609 6094 48 17 Ob’ 0 609 6094
599 6667 32 26 Uray 0 599 6667
478 5608 31 22 Alekseyevka 0 478 5608
442 5958 47 22 Bogoroditsk 0 442 5958
634 6435 42 19 Tavda 0 634 6435
585 5991 50 28 Kirov 0 585 5991
676 6344 41 27 Vichuga 0 676 6344
517 6094 42 29 Asha 0 517 6094
430 6015 27 23 Gur’yevsk 0 430 6015
602 5419 43 22 Millerovo 0 602 5419
393 7381 26 27 Salekhard 0 393 7381
459 6376 39 17 Uglich 0 459 6376
609 6113 36 30 Tynda 0 609 6113
653 6090 30 21 Kasimov 0 653 6090
446 5812 36 17 Serdobsk 0 446 5812
562 6553 27 30 Slantsy 0 562 6553
663 6672 44 30 Severoural’sk 0 663 6672
376 4995 35 18 Blagodarnyy 0 376 4995
444 7852 29 30 Boyarka 0 444 7852
334 6282 36 20 Yalutorovsk 0 334 6282
436 5561 30 22 Valuyki 0 436 5561
530 6469 29 19 Shar’ya 0 530 6469
589 6151 47 15 Shumerlya 0 589 6151
636 5166 36 28 Korsakov 0 636 5166
363 6407 35 24 Bezhetsk 0 363 6407
565 6897 34 22 Kondopoga 0 565 6897
403 6429 45 28 Staraya_Russa 0 403 6429
341 5874 36 25 Slavgorod 0 341 5874
328 6215 44 16 Verkhniy_Ufaley 0 328 6215
606 6203 40 30 Zaozërnyy 0 606 6203
525 6338 26 18 Rostov 0 525 6338
588 5939 37 19 Dyat’kovo 0 588 5939
565 7068 41 23 Segezha 0 565 7068
571 6736 36 23 Velikiy_Ustyug 0 571 6736
669 5829 44 23 Kotovsk 0 669 5829
579 5210 26 21 Kholmsk 0 579 5210
569 6503 41 25 Omutninsk 0 569 6503
365 6543 46 28 Kudymkar 0 365 6543
332 6137 36 27 Barabinsk 0 332 6137
531 6522 27 30 Novaya_Gubakha 0 531 6522
689 6026 46 30 Sasovo 0 689 6026
668 6629 37 15 Karpinsk 0 668 6629
541 5695 28 29 Mednogorsk 0 541 5695
465 5581 46 18 Borzya 0 465 5581
600 6776 28 22 Svetogorsk 0 600 6776
447 5424 27 26 Sovetskaya_Gavan’ 0 447 5424
528 7500 47 23 Kirovsk 0 528 7500
642 7055 31 26 Sosnogorsk 0 642 7055
304 5958 39 27 Karasuk 0 304 5958
342 5880 47 21 Kartaly 0 342 5880
446 6270 26 26 Zheleznogorsk-Ilimskiy 0 446 6270
344 6466 36 17 Kotel’nich 0 344 6466
402 5087 46 29 Dal’nerechensk 0 402 5087
332 6375 44 29 Nev’yansk 0 332 6375
620 5817 27 27 Aleysk 0 620 5817
611 6465 47 20 Kolpashevo 0 611 6465
500 5746 39 18 Atkarsk 0 500 5746
359 5669 36 20 Sol’-Iletsk 0 359 5669
481 5888 34 20 Nikolayevsk-na-Amure 0 481 5888
447 6317 42 27 Asino 0 447 6317
385 5955 46 21 Zeya 0 385 5955
461 6305 45 27 Tara 0 461 6305
349 5764 29 17 Pugachev 0 349 5764
629 5939 38 22 Okha 0 629 5939
615 6089 47 26 Bakal 0 615 6089
647 6485 50 28 Buy 0 647 6485
343 6774 28 23 Vel’sk 0 343 6774
548 5652 37 20 Krasnoarmeysk 0 548 5652
394 6166 45 18 Severobaykal’sk 0 394 6166
386 6733 37 26 Lensk 0 386 6733
546 6294 26 17 Ust’-Kut 0 546 6294
485 6227 44 16 Nelidovka 0 485 6227
562 6119 37 27 Tatarsk 0 562 6119
565 6415 25 29 Bologoye 0 565 6415
412 6126 46 20 Topki 0 412 6126
639 6499 40 25 Aldan 0 639 6499
604 5682 28 17 Gusinoozërsk 0 604 5682
472 6100 49 18 Kalachinsk 0 472 6100
660 6228 38 17 Bogotol 0 660 6228
467 7699 27 28 Dudinka 0 467 7699
657 5728 32 29 L’gov 0 657 5728
370 7327 35 23 Inta 0 370 7327
560 5846 47 16 Tashtagol 0 560 5846
457 7086 26 22 Onega 0 457 7086
537 6545 32 28 Kizel 0 537 6545
333 6124 43 20 Toguchin 0 333 6124
586 7504 25 25 Nar’yan-Mar 0 586 7504
409 5762 35 25 Shimanovsk 0 409 5762
385 6664 34 30 Palatka 0 385 6664
645 6087 36 30 Isil’kul’ 0 645 6087
349 5682 30 22 Petrovsk-Zabaykal’skiy 0 349 5682
326 6473 37 17 Krasnoural’sk 0 326 6473
655 6010 36 15 Cherepanovo 0 655 6010
365 5992 49 22 Rayevskiy 0 365 5992
452 6479 42 20 Yeniseysk 0 452 6479
443 5185 43 25 Bikin 0 443 5185
359 6731 25 24 Ivdel’ 0 359 6731
679 6133 45 20 Uzhur 0 679 6133
517 7676 45 20 Polyarnyy 0 517 7676
410 5723 39 15 Slyudyanka 0 410 5723
504 4902 43 28 Kavalerovo 0 504 4902
445 5438 44 24 Vanino 0 445 5438
603 5579 46 20 Kyakhta 0 603 5579
303 5837 31 27 Abaza 0 303 5837
345 5836 49 16 Kirsanov 0 345 5836
591 6085 44 16 Kurtamysh 0 591 6085
387 6376 25 18 Sovetsk 0 387 6376
634 5545 45 30 Pallasovka 0 634 5545
357 6026 46 23 Plast 0 357 6026
566 5170 30 20 Severo-Nevel’sk 0 566 5170
652 5454 32 25 Poronaysk 0 652 5454
436 5892 50 22 Kamenka 0 436 5892
649 6026 27 26 Kupino 0 649 6026
532 5541 25 22 Nikolayevsk 0 532 5541
333 6415 43 16 Bodaybo 0 333 6415
391 7702 25 21 Nikel’ 0 391 7702
510 6505 30 25 Kodinsk 0 510 6505
532 5649 26 20 Gornyak 0 532 5649
471 5759 40 29 Nerchinsk 0 471 5759
360 5825 50 30 Kulunda 0 360 5825
562 7368 43 25 Udachnyy 0 562 7368
481 5264 37 19 Vyazemskiy 0 481 5264
360 5666 27 16 Chegdomyn 0 360 5666
483 5850 41 19 Ust’-Ordynskiy 0 483 5850
433 5744 45 20 Shilka 0 433 5744
574 7204 50 19 Kem’ 0 574 7204
461 6250 36 17 Golyshmanovo 0 461 6250
328 6408 42 22 Kirensk 0 328 6408
583 6185 35 27 Uyar 0 583 6185
577 5436 43 15 Uglegorsk 0 577 5436
682 5957 42 29 Mogocha 0 682 5957
648 6160 40 19 Nazyvayevsk 0 648 6160
584 7156 37 28 Belomorsk 0 584 7156
487 6000 46 29 Cherlak 0 487 6000
581 5639 48 28 Aleksandrovsk-Sakhalinskiy 0 581 5639
635 5243 26 21 Dolinsk 0 635 5243
686 5926 43 27 Magdagachi 0 686 5926
546 7502 42 27 Severnyy 0 546 7502
583 5668 25 30 Zmeinogorsk 0 583 5668
327 5663 33 18 Aginskoye 0 327 5663
570 6578 50 27 Kirs 0 570 6578
454 6116 42 26 Kargat 0 454 6116
462 5690 26 28 Khilok 0 462 5690
370 6246 48 17 Taksimo 0 370 6246
524 7178 25 24 Anadyr’ 0 524 7178
647 5740 34 21 Nogliki 0 647 5740
561 5982 46 21 Skovorodino 0 561 5982
649 5431 37 20 Obluch’ye 0 649 5431
432 7069 44 25 Vilyuysk 0 432 7069
507 6816 29 30 Pokrovsk 0 507 6816
426 6202 40 24 Biryusinsk 0 426 6202
679 5626 27 27 Dombarovskiy 0 679 5626
571 7007 48 17 Igrim 0 571 7007
691 6042 29 25 Shira 0 691 6042
607 7165 37 16 Ust’-Nera 0 607 7165
532 6890 44 29 Suntar 0 532 6890
399 5645 41 28 Olovyannaya 0 399 5645
545 4933 43 21 Dal’negorsk 0 545 4933
483 7483 30 19 Igarka 0 483 7483
558 6961 48 28 Susuman 0 558 6961
529 6947 42 22 Khandyga 0 529 6947
631 5387 37 17 Makarov 0 631 5387
365 7038 29 24 Verkhnevilyuysk 0 365 7038
559 7397 31 23 Umba 0 559 7397
402 7485 33 25 Tazovskiy 0 402 7485
519 5895 32 23 Mundybash 0 519 5895
560 7549 32 28 Bilibino 0 560 7549
495 7954 29 24 Tiksi 0 495 7954
630 6582 33 22 Okhotsk 0 630 6582
560 7129 49 15 Tura 0 560 7129
574 6988 27 17 Chernyshevskiy 0 574 6988
528 6022 43 23 Artëmovsk 0 528 6022
343 6233 28 15 Ust’-Kamchatsk 0 343 6233
472 7732 41 26 Pevek 0 472 7732
543 7297 36 18 Turukhansk 0 543 7297
668 6034 28 18 Bagdarin 0 668 6034
425 7089 38 29 Sangar 0 425 7089
484 7504 36 17 Batagay 0 484 7504
643 6934 31 15 Omsukchan 0 643 6934
543 6223 34 15 Novyy_Uoyan 0 543 6223
589 6590 40 20 Vitim 0 589 6590
303 5655 45 30 Teeli 0 303 5655
594 7628 42 26 Cherskiy 0 594 7628
465 7302 30 29 Mezen’ 0 465 7302
554 6549 49 20 Palana 0 554 6549
403 7291 30 18 Zyryanka 0 403 7291
484 5702 47 25 De-Kastri 0 484 5702
530 7482 29 25 Srednekolymsk 0 530 7482
494 5870 37 23 Bukachacha 0 494 5870
532 7180 32 15 Ugol’nyye_Kopi 0 532 7180
580 5363 40 23 Krasnogorsk 0 580 5363
516 7405 35 20 Zhigansk 0 516 7405
413 7987 31 29 Khatanga 0 413 7987
474 6697 39 27 Ust’-Maya 0 474 6697
399 7128 42 25 Saranpaul’ 0 399 7128
393 7146 47 28 Provideniya 0 393 7146
533 7835 25 28 Chokurdakh 0 533 7835
297 5617 26 22 Severo-Kuril’sk 0 297 5617
404 7357 35 23 Egvekinot 0 404 7357
512 6864 38 24 Evensk 0 512 6864
398 7982 42 16 Saskylakh 0 398 7982
618 6994 31 18 Beringovskiy 0 618 6994
412 7509 26 25 Novyy_Port 0 412 7509
520 7766 29 17 Ust’-Kuyga 0 520 7766
508 6738 28 15 El’dikan 0 508 6738
431 7494 39 19 Verkhoyansk 0 431 7494
520 6063 33 29 Chumikan 0 520 6063
326 6261 39 22 Ayan 0 326 6261
499 7273 37 18 Lavrentiya 0 499 7273
485 8157 44 26 Dikson 0 485 8157
614 6243 39 17 Klyuchi 0 614 6243
571 7235 30 27 Omolon 0 571 7235
554 7339 47 17 Uelen 0 554 7339
652 6695 40 21 Yerëma 0 652 6695
598 7702 40 27 Mikhalkino 0 598 7702
446 5601 25 15 Sherlovaya_Gora 0 446 5601
540 7926 40 15 Nizhneyansk 0 540 7926
556 6693 37 17 Korf 0 556 6693
431 7630 49 26 Bugrino 0 431 7630
464 7529 25 16 Shoyna 0 464 7529
614 7603 49 15 Put’_Lenina 0 614 7603
462 7426 39 23 Enurmino 0 462 7426
448 7739 35 19 Amderma 0 448 7739
398 5682 36 28 Gubkin 0 398 5682
641 6217 32 17 Kuznetsova-Vikhoreva 0 641 6217
548 5510 39 25 Progress 0 548 5510
604 7365 42 15 Mukhomornoye 0 604 7365
589 7957 28 22 Vorontsovo 0 589 7957
494 7397 30 25 Kovda 0 494 7397
320 5813 36 22 Bol’sheretsk 0 320 5813
384 7599 29 27 Yessey 0 384 7599
583 8156 40 25 Khorgo 0 583 8156
606 7198 26 15 Tunguskhaya 0 606 7198
440 6660 42 19 Chagda 0 440 6660
466 6544 28 23 Siglan 0 466 6544
407 7866 48 24 Gyda 0 407 7866
527 6393 50 18 Khakhar’ 0 527 6393
514 7541 28 29 Menkerya 0 514 7541
459 6774 33 16 Lar’yak 0 459 6774
493 8074 34 24 Starorybnoye 0 493 8074
454 6647 38 22 Il’pyrskiy 0 454 6647
613 7784 36 30 Zhilinda 0 613 7784
559 7599 34 24 Olenëk 0 559 7599
517 6928 38 19 Manily 0 517 6928
394 6676 47 22 Karamken 0 394 6676
591 8101 26 27 Ust’-Olenëk 0 591 8101
386 7736 37 26 Varnek 0 386 7736
572 8122 32 17 Shalaurova 0 572 8122
579 7929 43 24 Agapa 0 579 7929
615 7061 32 23 Numto 0 615 7061
546 6834 38 30 Omchak 0 546 6834
347 6832 41 18 Podkamennaya_Tunguska 0 347 6832
532 8310 35 18 Zemlya_Bunge 0 532 8310
416 7505 45 28 Indiga 0 416 7505
458 6861 27 16 Strelka 0 458 6861
398 6714 28 16 Pakhachi 0 398 6714
381 7140 29 20 Tiyerbes 0 381 7140
405 7870 46 27 Zvëzdnyy 0 405 7870
674 6198 42 18 Ul’kan 0 674 6198
423 8144 41 26 Sagastyr 0 423 8144
482 8130 43 22 Matochkin_Shar 0 482 8130
392 6375 47 16 Utkholok 0 392 6375
605 6983 25 20 Peregrebnoye 0 605 6983
410 6359 38 17 Tukchi 0 410 6359
404 6273 30 21 Nyukzha 0 404 6273
434 8056 31 19 Trofimovsk 0 434 8056
618 6861 46 19 Komsa 0 618 6861
483 4779 31 21 Magas 0 483 4779
373 5014 40 20 Temryuk 0 373 5014
590 5280 30 26 Kamenolomni 0 590 5280
474 4966 27 29 Severskaya 0 474 4966
429 6056 48 28 Baltiysk 0 429 6056
626 5158 44 26 Yegorlykskaya 0 626 5158
565 6029 36 26 Ozërsk 0 565 6029
632 5217 34 18 Vesëlyy 0 632 5217
561 5506 30 26 Kantemirovka 0 561 5506
515 4970 47 16 Adygeysk 0 515 4970
474 6069 25 21 Gur’yevsk 0 474 6069
543 6099 31 18 Slavsk 0 543 6099
450 6089 41 25 Pionerskiy 0 450 6089
422 4832 39 17 Mayskiy 0 422 4832
444 6058 40 30 Svetlyy 0 444 6058
473 5036 50 21 Kalininskaya 0 473 5036
315 5378 31 15 Oblivskaya 0 315 5378
433 4968 50 30 Abinsk 0 433 4968
626 4970 29 15 Kurganinsk 0 626 4970
579 4946 29 26 Gorod_Maykop 0 579 4946
633 5024 44 29 Gul’kevichi 0 633 5024
596 4984 42 22 Shovgenovskiy 0 596 4984
499 4974 25 29 Takhtamukay 0 499 4974
587 5192 50 17 Kagal’nitskaya 0 587 5192
569 4957 30 19 Belorechensk 0 569 4957
593 4929 34 26 Tul’skiy 0 593 4929
600 5398 50 26 Tarasovskiy 0 600 5398
438 5023 32 23 Krasnoarmeyskaya 0 438 5023
700 4918 27 27 Otradnaya 0 700 4918
499 5072 35 15 Bryukhovetskaya 0 499 5072
475 5164 34 29 Staroshcherbinovskaya 0 475 5164
654 5517 42 30 Kazanskaya 0 654 5517
595 6089 41 23 Krasnoznamensk 0 595 6089
403 6398 41 22 Okhansk 0 403 6398
308 5224 25 23 Zimovniki 0 308 5224
619 6318 46 28 Ivanovo 0 619 6318
545 4997 42 23 Krasnogvardeyskoye 0 545 4997
583 5470 27 30 Chertkovo 0 583 5470
637 4856 26 27 Kizlyar 0 637 4856
655 5155 47 16 Tselina 0 655 5155
457 6430 49 21 Perm’ 0 457 6430
492 5251 27 15 Pokrovskoye 0 492 5251
436 4765 41 29 Alagir 0 436 4765
657 5272 44 22 Konstantinovsk 0 657 5272
553 5273 36 24 Rodionovo-Nesvetayskaya 0 553 5273
431 5011 43 17 Slavyansk-na-Kubani 0 431 5011
580 5304 44 19 Krasnyy_Sulin 0 580 5304
517 5006 39 30 Dinskaya 0 517 5006
622 6381 38 17 Igra 0 622 6381
445 6088 27 24 Svetlogorsk 0 445 6088
642 4919 49 23 Mostovskoy 0 642 4919
504 6055 27 27 Gvardeysk 0 504 6055
551 5047 41 20 Vyselki 0 551 5047
536 5236 35 15 Chaltyr’ 0 536 5236
554 5006 35 25 Ust’-Labinsk 0 554 5006
696 5389 47 23 Milyutinskaya 0 696 5389
644 5104 44 21 Belaya_Glina 0 644 5104
529 6401 39 24 Uni 0 529 6401
708 5175 43 23 Proletarsk 0 708 5175
640 5278 25 23 Ust’-Donetskiy 0 640 5278
701 5239 36 23 Bol’shaya_Martynovka 0 701 5239
697 5501 43 30 Veshenskaya 0 697 5501
565 5234 41 15 Aksay 0 565 5234
574 5129 26 26 Krylovskaya 0 574 5129
531 5217 33 30 Azov 0 531 5217
506 6079 31 27 Polessk 0 506 6079
619 4972 44 15 Koshekhabl’ 0 619 4972
593 5024 38 15 Tbilisskaya 0 593 5024
689 5595 36 28 Grayvoron 0 689 5595
476 6026 34 22 Bagrationovsk 0 476 6026
367 4972 29 17 Anapa 0 367 4972
577 6050 29 24 Gusev 0 577 6050
646 5433 45 19 Kashary 0 646 5433
490 5267 27 28 Matveyev_Kurgan 0 490 5267
466 6090 49 28 Zelenogradsk 0 466 6090
628 4789 46 17 Khasavyurt 0 628 4789
565 6098 29 28 Neman 0 565 6098
420 4975 46 18 Krymsk 0 420 4975
667 6393 28 18 Debesy 0 667 6393
604 5242 42 28 Bagayevskaya 0 604 5242
636 5264 49 21 Semikarakorsk 0 636 5264
619 6402 46 21 Oktyabr’skiy 0 619 6402
660 6420 30 18 Kez 0 660 6420
532 7861 33 22 Logashkino 0 532 7861
689 4966 30 23 Uspenskoye 0 689 4966
415 5219 43 24 Zavetnoye 0 415 5219
496 5103 47 22 Kanevskaya 0 496 5103
401 6423 37 28 Nytva 0 401 6423
436 5099 46 24 Primorsko-Akhtarsk 0 436 5099
651 4785 36 30 Kizilyurt 0 651 4785
706 5456 39 22 Bokovskaya 0 706 5456
631 5033 31 30 Kavkazskaya 0 631 5033
282 5281 32 26 Tsimlyansk 0 282 5281
659 4997 30 19 Novokubansk 0 659 4997
709 5359 30 29 Morozovsk 0 709 5359
516 8215 47 21 Nordvik 0 516 8215
660 5117 38 17 Peschanokopskoye 0 660 5117
599 5188 30 20 Zernograd 0 599 5188
396 5157 25 22 Remontnoye 0 396 5157
331 5253 33 15 Dubovskoye 0 331 5253
631 5090 30 20 Novopokrovskaya 0 631 5090
584 4968 31 20 Giaginskaya 0 584 4968
548 5156 47 22 Kushchëvskaya 0 548 5156
601 6054 33 27 Nesterov 0 601 6054
503 5152 43 20 Starominskaya 0 503 5152
281 5178 33 25 Sovetskoye 0 281 5178
493 5295 35 27 Kuybyshevo 0 493 5295
529 5129 43 28 Leningradskaya 0 529 5129
395 7726 25 17 Ambarchik 0 395 7726
535 5035 27 30 Korenovsk 0 535 5035
619 6428 26 25 Balezino 0 619 6428
560 5109 41 20 Pavlovskaya 0 560 5109
501 6032 26 19 Pravdinsk 0 501 6032
421 4845 27 19 Prokhladnyy 0 421 4845
276 5269 34 29 Romanovskaya 0 276 5269
544 7849 47 24 Kazach’ye 0 544 7849
