156
457 4962 145 90 Belgrade 0 457 4962
573 4797 115 51 Niš 0 573 4797
408 5012 137 108 Novi_Sad 0 408 5012
492 4873 87 106 Kragujevac 0 492 4873
397 5106 63 118 Subotica 0 397 5106
452 5025 55 87 Zrenjanin 0 452 5025
530 4863 88 73 Ćuprija 0 530 4863
369 4914 132 102 Krupanj 0 369 4914
427 4845 136 51 Arilje 0 427 4845
471 4968 136 53 Pančevo 0 471 4968
433 5087 105 81 Čoka 0 433 5087
379 4966 117 130 Bogatić 0 379 4966
353 5070 124 68 Sombor 0 353 5070
396 4956 94 60 Šabac 0 396 4956
406 4924 72 89 Koceljeva 0 406 4924
422 4855 76 110 Požega 0 422 4855
470 4995 105 95 Kovačica 0 470 4995
559 4751 71 65 Lebane 0 559 4751
439 4897 62 127 Ljig 0 439 4897
442 4960 73 133 Surčin 0 442 4960
614 4769 98 110 Babušnica 0 614 4769
557 4821 75 133 Aleksinac 0 557 4821
558 4762 120 111 Bojnik 0 558 4762
464 4906 130 87 Aranđelovac 0 464 4906
533 4972 116 103 Bela_Crkva 0 533 4972
567 4783 107 56 Doljevac 0 567 4783
433 4981 146 82 Stara_Pazova 0 433 4981
407 4856 57 98 Užice 0 407 4856
441 4914 64 130 Lazarevac 0 441 4914
533 4913 98 106 Petrovac_na_Mlavi 0 533 4913
405 5044 120 143 Srbobran 0 405 5044
535 4882 101 120 Despotovac 0 535 4882
474 4900 68 113 Topola 0 474 4900
469 5057 94 76 Nova_Crnja 0 469 5057
502 4803 68 75 Brus 0 502 4803
583 4786 92 80 Gadžin_Han 0 583 4786
548 4787 57 58 Prokuplje 0 548 4787
644 4764 109 88 Dimitrovgrad 0 644 4764
577 4853 62 92 Boljevac 0 577 4853
413 5029 72 94 Temerin 0 413 5029
523 4934 116 118 Malo_Crniće 0 523 4934
445 4759 132 139 Tutin 0 445 4759
509 5008 54 70 Plandište 0 509 5008
522 4793 85 65 Blace 0 522 4793
452 4965 72 138 Zemun 0 452 4965
504 4811 139 57 Aleksandrovac 0 504 4811
370 4894 61 53 Ljubovija 0 370 4894
474 4841 125 150 Kraljevo 0 474 4841
602 4861 132 112 Zaječar 0 602 4861
447 4859 102 51 Čačak 0 447 4859
482 5023 98 85 Sečanj 0 482 5023
380 4826 149 117 Priboj 0 380 4826
399 5005 77 115 Beočin 0 399 5005
410 4994 103 77 Irig 0 410 4994
540 4956 57 60 Veliko_Gradište 0 540 4956
520 4869 115 52 Jagodina 0 520 4869
430 5099 80 69 Novi_Kneževac 0 430 5099
547 4743 60 108 Medveđa 0 547 4743
494 4944 125 113 Smederevo 0 494 4944
563 4894 61 150 Žagubica 0 563 4894
544 4835 115 123 Ražanj 0 544 4835
360 4932 134 50 Loznica 0 360 4932
430 4856 100 115 Lučani 0 430 4856
456 4874 102 96 Gornji_Milanovac 0 456 4874
373 5012 105 99 Bačka_Palanka 0 373 5012
496 4912 77 111 Smederevska_Palanka 0 496 4912
573 4711 122 148 Vranje 0 573 4711
517 4911 127 107 Žabari 0 517 4911
412 4872 85 127 Kosjerić 0 412 4872
466 4929 128 115 Sopot 0 466 4929
553 4925 107 50 Kučevo 0 553 4925
428 5086 60 119 Senta 0 428 5086
384 4869 112 114 Bajina_Bašta 0 384 4869
491 4829 85 106 Vrnjačka_Banja 0 491 4829
629 4779 89 70 Pirot 0 629 4779
477 4863 123 107 Knić 0 477 4863
507 4856 82 75 Rekovac 0 507 4856
576 4760 62 60 Leskovac 0 576 4760
550 4944 96 95 Golubac 0 550 4944
426 4923 133 99 Ub 0 426 4923
394 5074 145 150 Bačka_Topola 0 394 5074
389 5024 85 138 Bački_Petrovac 0 389 5024
444 5006 121 102 Titel 0 444 5006
364 5040 144 95 Odžaci 0 364 5040
361 5028 125 141 Bač 0 361 5028
396 4844 108 127 Čajetina 0 396 4844
453 4936 128 59 Barajevo 0 453 4936
514 4941 134 66 Požarevac 0 514 4941
468 4792 142 55 Raška 0 468 4792
507 4892 129 125 Lapovo 0 507 4892
500 4829 81 132 Trstenik 0 500 4829
553 4684 101 147 Preševo 0 553 4684
394 5047 146 100 Vrbas 0 394 5047
628 4940 76 121 Kladovo 0 628 4940
535 4840 52 75 Ćićevac 0 535 4840
411 4902 78 137 Valjevo 0 411 4902
529 4840 69 97 Varvarin 0 529 4840
343 5059 116 78 Apatin 0 343 5059
432 5050 123 111 Novi_Bečej 0 432 5050
427 4988 149 86 Inđija 0 427 4988
587 4728 93 94 Vladičin_Han 0 587 4728
570 4832 147 131 Sokobanja 0 570 4832
527 4825 83 55 Kruševac 0 527 4825
621 4706 112 142 Bosilegrad 0 621 4706
396 5062 63 139 Mali_Iđoš 0 396 5062
412 5010 110 121 Petrovaradin 0 412 5010
591 4757 143 138 Vlasotince 0 591 4757
477 4946 117 148 Grocka 0 477 4946
350 4917 123 83 Mali_Zvornik 0 350 4917
574 4919 69 75 Majdanpek 0 574 4919
533 4856 101 129 Paraćin 0 533 4856
606 4786 134 150 Bela_Palanka 0 606 4786
458 5075 50 133 Kikinda 0 458 5075
418 4973 88 86 Pećinci 0 418 4973
595 4727 110 97 Surdulica 0 595 4727
455 4988 113 103 Opovo 0 455 4988
601 4824 143 136 Knjaževac 0 601 4824
581 4793 118 141 Niška_Banja 0 581 4793
433 4913 64 53 Lajkovac 0 433 4913
464 5036 91 76 Žitište 0 464 5036
558 4792 106 50 Merošina 0 558 4792
591 4807 147 62 Svrljig 0 591 4807
523 4996 50 123 Vršac 0 523 4996
437 4825 126 110 Ivanjica 0 437 4825
388 4914 126 66 Osečina 0 388 4914
403 4940 100 76 Vladimirci 0 403 4940
498 4897 64 51 Rača 0 498 4897
515 4898 101 89 Svilajnac 0 515 4898
432 5072 121 137 Ada 0 432 5072
385 5051 139 147 Kula 0 385 5051
589 4689 125 98 Trgovište 0 589 4689
557 4782 61 140 Žitorađa 0 557 4782
563 4701 68 96 Bujanovac 0 563 4701
497 4991 70 114 Alibunar 0 497 4991
426 5101 69 78 Kanjiža 0 426 5101
436 4944 68 96 Obrenovac 0 436 4944
460 4776 123 70 Novi_Pazar 0 460 4776
522 4776 80 124 Kuršumlija 0 522 4776
513 4951 146 81 Kostolac 0 513 4951
427 5024 150 77 Žabalj 0 427 5024
425 5052 106 67 Bečej 0 425 5052
416 5005 59 139 Sremski_Karlovci 0 416 5005
390 4981 125 72 Sremska_Mitrovica 0 390 4981
622 4898 75 84 Negotin 0 622 4898
390 4805 80 119 Prijepolje 0 390 4805
506 4889 137 131 Batočina 0 506 4889
505 4908 116 127 Velika_Plana 0 505 4908
475 4920 69 68 Mladenovac 0 475 4920
608 4740 112 72 Crna_Trava 0 608 4740
426 4900 70 81 Mionica 0 426 4900
418 4791 121 100 Sjenica 0 418 4791
498 4954 144 71 Kovin 0 498 4954
406 4984 118 90 Ruma 0 406 4984
360 4998 143 64 Šid 0 360 4998
403 4812 115 98 Nova_Varoš 0 403 4812
587 4881 65 150 Bor 0 587 4881
