212
462 5100 142 96 Ljubljana 0 462 5100
549 5155 63 109 Maribor 0 549 5155
526 5076 141 83 Šentjernej 0 526 5076
530 5118 100 128 Šentjur 0 530 5118
544 5128 97 132 Poljčane 0 544 5128
525 5159 141 118 Podvelka 0 525 5159
507 5091 89 103 Šentrupert 0 507 5091
456 5109 121 85 Medvode 0 456 5109
436 5132 150 95 Radovljica 0 436 5132
567 5158 146 69 Sveta_Trojica_v_Slovenskih_Goricah 0 567 5158
429 5137 64 122 Zgornje_Gorje 0 429 5137
458 5136 113 71 Zgornje_Jezersko 0 458 5136
564 5166 114 86 Sveta_Ana_v_Slovenskih_Goricah 0 564 5166
553 5150 123 63 Miklavž_na_Dravskem_Polju 0 553 5150
587 5157 141 114 Križevci_pri_Ljutomeru 0 587 5157
593 5184 106 114 Gornji_Petrovci 0 593 5184
546 5111 102 104 Podčetrtek 0 546 5111
514 5101 93 76 Radeče 0 514 5101
401 5048 69 85 Ankaran 0 401 5048
518 5110 114 150 Laško 0 518 5110
517 5131 77 94 Dobrna 0 517 5131
532 5077 60 56 Kostanjevica_na_Krki 0 532 5077
504 5111 131 105 Trbovlje 0 504 5111
434 5106 106 127 Gorenja_Vas 0 434 5106
505 5125 55 118 Polzela 0 505 5125
580 5138 122 100 Zavrč 0 580 5138
453 5097 128 91 Brezovica 0 453 5097
503 5136 92 121 Šoštanj 0 503 5136
578 5174 74 52 Cankova 0 578 5174
415 5082 72 103 Ajdovščina 0 415 5082
397 5084 81 133 Volčja_Draga 0 397 5084
450 5084 147 128 Borovnica 0 450 5084
508 5133 134 78 Velenje 0 508 5133
565 5139 144 136 Spodnja_Hajdina 0 565 5139
504 5089 91 58 Mirna 0 504 5089
506 5078 72 150 Mirna_Peč 0 506 5078
522 5136 57 93 Vitanje 0 522 5136
573 5137 123 113 Markovci 0 573 5137
505 5069 146 97 Straža 0 505 5069
524 5054 103 80 Metlika 0 524 5054
468 5109 92 130 Domžale 0 468 5109
447 5124 81 149 Naklo 0 447 5124
471 5067 58 62 Sodražica 0 471 5067
437 5058 96 136 Pivka 0 437 5058
476 5140 79 51 Solčava 0 476 5140
537 5155 118 102 Selnica_ob_Dravi 0 537 5155
502 5126 142 61 Braslovče 0 502 5126
454 5100 61 119 Dobrova 0 454 5100
476 5112 71 138 Lukovica_pri_Domžalah 0 476 5112
419 5077 146 115 Vipava 0 419 5077
568 5162 109 73 Benedikt_v_Slovenskih_Goricah 0 568 5162
520 5120 89 112 Celje 0 520 5120
579 5166 115 67 Radenci 0 579 5166
510 5086 126 54 Mokronog 0 510 5086
435 5120 92 84 Železniki 0 435 5120
488 5151 59 95 Mežica 0 488 5151
588 5140 62 137 Ormož 0 588 5140
599 5186 56 104 Šalovci 0 599 5186
545 5083 123 143 Brežice 0 545 5083
547 5165 104 124 Zgornja_Kungota 0 547 5165
485 5126 103 124 Gornji_Grad 0 485 5126
476 5077 140 127 Videm 0 476 5077
388 5132 103 126 Bovec 0 388 5132
461 5116 148 63 Vodice 0 461 5116
598 5160 96 69 Odranci 0 598 5160
469 5103 144 53 Dol_pri_Ljubljani 0 469 5103
530 5154 142 105 Lovrenc_na_Pohorju 0 530 5154
606 5171 78 144 Kobilje 0 606 5171
551 5129 105 110 Makole 0 551 5129
402 5115 53 79 Tolmin 0 402 5115
391 5083 107 136 Miren 0 391 5083
461 5068 104 66 Nova_Vas 0 461 5068
439 5069 141 121 Postojna 0 439 5069
558 5146 128 126 Starše 0 558 5146
528 5136 123 78 Zreče 0 528 5136
506 5150 76 95 Slovenj_Gradec 0 506 5150
543 5102 93 61 Kozje 0 543 5102
428 5142 133 115 Jesenice 0 428 5142
523 5126 128 55 Vojnik 0 523 5126
572 5153 107 129 Vitomarci 0 572 5153
557 5150 111 57 Spodnji_Duplek 0 557 5150
588 5173 123 80 Puconci 0 588 5173
500 5108 116 111 Zagorje_ob_Savi 0 500 5108
447 5135 68 82 Tržič 0 447 5135
450 5096 62 119 Log_pri_Brezovici 0 450 5096
486 5100 98 89 Litija 0 486 5100
450 5071 77 95 Cerknica 0 450 5071
569 5171 137 69 Apače 0 569 5171
464 5116 104 87 Komenda 0 464 5116
514 5054 85 118 Semič 0 514 5054
517 5078 69 130 Šmarješke_Toplice 0 517 5078
583 5167 138 104 Tišina 0 583 5167
583 5148 124 96 Tomaž_pri_Ormožu 0 583 5148
467 5112 131 111 Mengeš 0 467 5112
395 5043 144 91 Izola 0 395 5043
595 5162 85 122 Beltinci 0 595 5162
589 5168 128 139 Murska_Sobota 0 589 5168
506 5110 105 63 Hrastnik 0 506 5110
458 5062 121 101 Stari_Trg_pri_Ložu 0 458 5062
494 5075 67 65 Žužemberk 0 494 5075
421 5108 145 131 Cerkno 0 421 5108
466 5108 120 117 Trzin 0 466 5108
611 5157 144 81 Lendava 0 611 5157
563 5158 130 109 Lenart_v_Slovenskih_Goricah 0 563 5158
573 5143 70 145 Dornava 0 573 5143
394 5086 58 64 Šempeter_pri_Gorici 0 394 5086
390 5122 92 92 Kobarid 0 390 5122
417 5051 103 101 Kozina 0 417 5051
501 5083 100 77 Trebnje 0 501 5083
539 5154 73 51 Ruše 0 539 5154
603 5167 76 79 Dobrovnik 0 603 5167
544 5137 87 79 Slovenska_Bistrica 0 544 5137
501 5120 62 131 Tabor 0 501 5120
402 5074 67 93 Komen 0 402 5074
467 5092 84 76 Škofljica 0 467 5092
524 5118 57 149 Štore 0 524 5118
576 5132 136 59 Cirkulane 0 576 5132
473 5089 133 72 Grosuplje 0 473 5089
537 5088 58 93 Krško 0 537 5088
440 5046 75 55 Ilirska_Bistrica 0 440 5046
445 5090 110 134 Vrhnika 0 445 5090
394 5104 150 137 Kanal 0 394 5104
560 5139 149 85 Kidričevo 0 560 5139
487 5098 54 55 Šmartno_pri_Litiji 0 487 5098
591 5152 129 74 Ljutomer 0 591 5152
532 5131 68 144 Slovenske_Konjice 0 532 5131
505 5068 99 129 Dolenjske_Toplice 0 505 5068
412 5062 121 135 Sežana 0 412 5062
480 5133 89 106 Luče 0 480 5133
567 5150 80 112 Destrnik 0 567 5150
522 5083 134 95 Škocjan 0 522 5083
493 5154 139 81 Prevalje 0 493 5154
556 5133 89 56 Majšperk 0 556 5133
480 5109 52 58 Moravče 0 480 5109
593 5171 80 128 Moravske-Toplice 0 593 5171
601 5186 66 53 Hodoš 0 601 5186
487 5132 86 127 Ljubno 0 487 5132
531 5109 83 136 Dobje_pri_Planini 0 531 5109
502 5131 77 129 Šmartno_ob_Paki 0 502 5131
514 5046 107 147 Črnomelj 0 514 5046
512 5160 108 81 Vuzenica 0 512 5160
446 5112 149 144 Škofja_Loka 0 446 5112
424 5094 94 50 Idrija 0 424 5094
520 5153 143 139 Ribnica_na_Pohorju 0 520 5153
439 5084 80 97 Logatec 0 439 5084
497 5131 60 63 Mozirje 0 497 5131
575 5169 108 147 Gornja_Radgona 0 575 5169
572 5157 107 137 Cerkvenjak 0 572 5157
560 5161 131 105 Jurovski_Dol 0 560 5161
468 5060 79 82 Hrib-Loški_Potok 0 468 5060
492 5039 126 102 Kostel 0 492 5039
577 5140 101 98 Gorišnica 0 577 5140
540 5119 92 84 Šmarje_pri_Jelšah 0 540 5119
551 5100 132 112 Bistrica_ob_Sotli 0 551 5100
463 5089 83 141 Ig 0 463 5089
478 5065 138 106 Ribnica 0 478 5065
512 5071 52 83 Novo_Mesto 0 512 5071
394 5090 129 88 Nova_Gorica 0 394 5090
488 5145 77 93 Črna_na_Koroškem 0 488 5145
460 5122 83 72 Cerklje_na_Gorenjskem 0 460 5122
400 5044 101 110 Koper 0 400 5044
524 5094 100 97 Sevnica 0 524 5094
598 5152 80 86 Razkrižje 0 598 5152
517 5162 99 117 Radlje_ob_Dravi 0 517 5162
445 5096 143 52 Horjul 0 445 5096
512 5122 116 148 Žalec 0 512 5122
553 5119 120 145 Rogatec 0 553 5119
450 5121 72 140 Kranj 0 450 5121
407 5148 121 143 Kranjska_Gora 0 407 5148
603 5158 136 69 Velika_Polana 0 603 5158
551 5161 109 104 Pesnica_pri_Mariboru 0 551 5161
549 5169 128 84 Šentilj 0 549 5169
566 5141 59 124 Ptuj 0 566 5141
598 5158 67 112 Črenšovci 0 598 5158
501 5159 50 70 Dravograd 0 501 5159
493 5129 112 90 Rečica_ob_Savinji 0 493 5129
578 5157 131 94 Sveti_Jurij_ob_Ščavnici 0 578 5157
534 5137 54 121 Oplotnica 0 534 5137
583 5183 92 144 Grad 0 583 5183
496 5121 147 150 Vransko 0 496 5121
433 5139 76 128 Žirovnica 0 433 5139
431 5135 84 77 Bled 0 431 5135
455 5121 61 132 Šenčur 0 455 5121
419 5059 131 114 Divača 0 419 5059
471 5075 50 98 Velike_Lašče 0 471 5075
455 5127 90 134 Preddvor 0 455 5127
578 5183 129 81 Rogašovci 0 578 5183
549 5120 58 145 Rogaška_Slatina 0 549 5120
495 5129 88 148 Nazarje 0 495 5129
469 5118 55 58 Kamnik 0 469 5118
515 5143 142 70 Mislinja 0 515 5143
569 5135 101 130 Videm_pri_Ptuju 0 569 5135
552 5144 143 83 Rače 0 552 5144
430 5099 95 112 Žiri 0 430 5099
489 5054 85 57 Kočevje 0 489 5054
589 5159 130 53 Veržej 0 589 5159
476 5041 98 88 Osilnica 0 476 5041
507 5120 77 143 Prebold 0 507 5120
597 5138 72 126 Središče_ob_Dravi 0 597 5138
567 5131 113 144 Podlehnik 0 567 5131
549 5149 51 87 Spodnje_Hoče 0 549 5149
574 5148 67 127 Juršinci 0 574 5148
569 5151 76 140 Trnovska_Vas 0 569 5151
582 5187 96 134 Kuzma 0 582 5187
385 5094 114 121 Dobrovo 0 385 5094
561 5124 70 83 Žetale 0 561 5124
419 5125 83 106 Bohinjska_Bistrica 0 419 5125
484 5087 105 115 Ivančna_Gorica 0 484 5087
388 5042 57 133 Piran 0 388 5042
601 5164 122 96 Turnišče 0 601 5164
512 5161 50 131 Muta 0 512 5161
497 5154 84 68 Ravne_na_Koroškem 0 497 5154
