33
537 226 36 15 Mogadishu 0 537 226
226 9960 47 24 Kismaayo 0 226 9960
249 7 32 25 Jamaame 0 249 7
555 307 44 28 Jawhar 0 555 307
522 523 34 17 Beledweyne 0 522 523
768 748 49 27 Gaalkacyo 0 768 748
301 1248 28 27 Boosaaso 0 301 1248
227 419 50 19 Luuq 0 227 419
397 309 37 23 Buurhakaba 0 397 309
369 882 47 20 Eyl 0 369 882
479 1049 27 24 Bandarbeyla 0 479 1049
191 368 29 21 Garbahaarrey 0 191 368
815 9865 36 22 Buur_Gaabo 0 815 9865
222 930 32 19 Garoowe 0 222 930
474 189 46 27 Marka 0 474 189
376 455 33 22 Xuddur 0 376 455
231 119 46 19 Bu’aale 0 231 119
289 1051 43 19 Qardho 0 289 1051
755 416 27 18 Mereeg 0 755 416
473 1322 45 19 Caluula 0 473 1322
514 1167 37 24 Hurdiyo 0 514 1167
447 197 37 23 Qoryooley 0 447 197
759 937 39 21 Laascaanood 0 759 937
759 1174 28 20 Ceerigaabo 0 759 1174
349 344 36 30 Baidoa 0 349 344
653 612 40 15 Dhuusamarreeb 0 653 612
513 236 35 30 Afgooye 0 513 236
558 1052 30 24 Burco 0 558 1052
225 591 38 24 Hobyo 0 225 591
193 1235 48 28 Laasqoray 0 193 1235
322 1093 36 17 Baki 0 322 1093
397 1056 27 30 Hargeysa 0 397 1056
384 1181 35 30 Lughaye 0 384 1181
