72
604 7101 56 51 Johannesburg 0 604 7101
261 6243 62 125 Cape_Town 0 261 6243
631 7102 62 117 Benoni 0 631 7102
309 6695 110 101 Durban 0 309 6695
623 7156 128 71 Pretoria 0 623 7156
592 7049 126 91 Vereeniging 0 592 7049
367 6246 84 109 Port_Elizabeth 0 367 6246
247 6720 60 113 Pietermaritzburg 0 247 6720
423 6778 55 116 Bloemfontein 0 423 6778
471 6904 98 139 Welkom 0 471 6904
295 7180 135 115 Nelspruit 0 295 7180
585 6347 148 83 East_London 0 585 6347
242 7460 112 131 Thohoyandou 0 242 7460
646 7094 78 75 Springs 0 646 7094
351 6263 82 130 Uitenhage 0 351 6263
751 7354 83 86 Polokwane 0 751 7354
312 6265 122 59 Paarl 0 312 6265
466 7029 75 123 Klerksdorp 0 466 7029
635 6240 93 108 George 0 635 6240
524 7161 110 114 Rustenburg 0 524 7161
281 6819 128 89 Kimberley 0 281 6819
541 6365 75 86 Bhisho 0 541 6365
747 7146 116 127 Middelburg 0 747 7146
282 6926 77 108 Vryheid 0 282 6926
669 6503 57 135 Umtata 0 669 6503
356 6275 102 148 Worcester 0 356 6275
509 7044 119 61 Potchefstroom 0 509 7044
578 7164 68 130 Brits 0 578 7164
488 6470 99 150 Queenstown 0 488 6470
363 7140 138 58 Mmabatho 0 363 7140
523 6941 104 143 Kroonstad 0 523 6941
745 7071 101 133 Bethal 0 745 7071
456 6314 109 100 Grahamstown 0 456 6314
628 6876 147 113 Bethlehem 0 628 6876
611 6282 80 70 Oudtshoorn 0 611 6282
722 7018 150 62 Standerton 0 722 7018
525 6853 84 128 Upington 0 525 6853
775 6343 69 84 Saldanha 0 775 6343
211 7361 132 108 Tzaneen 0 211 7361
689 6231 56 114 Knysna 0 689 6231
269 6429 96 83 Graaff-Reinet 0 269 6429
256 6596 105 95 Port_Shepstone 0 256 6596
274 7016 99 118 Vryburg 0 274 7016
772 6838 62 53 Ladysmith 0 772 6838
648 6418 76 146 Beaufort_West 0 648 6418
472 6604 146 102 Aliwal_North 0 472 6604
785 6969 97 126 Volksrust 0 785 6969
753 7321 52 127 Lebowakgomo 0 753 7321
369 6440 143 111 Cradock 0 369 6440
213 6605 149 57 De_Aar 0 213 6605
337 6190 84 85 Hermanus 0 337 6190
344 6864 61 57 Ulundi 0 344 6864
394 7186 139 79 Komatipoort 0 394 7186
195 7525 104 91 Messina 0 195 7525
310 6514 82 103 Middelburg 0 310 6514
489 6283 126 54 Port_Alfred 0 489 6283
362 6941 115 89 Bloemhof 0 362 6941
605 6216 119 82 Mossel_Bay 0 605 6216
411 6178 94 111 Bredasdorp 0 411 6178
448 6235 53 85 Swellendam 0 448 6235
317 6599 59 98 Colesberg 0 317 6599
447 6825 95 85 Brandfort 0 447 6825
669 6717 86 64 Prieska 0 669 6717
779 6714 71 107 Springbok 0 779 6714
740 6961 136 120 Kuruman 0 740 6961
741 6498 78 54 Port_Saint_John’s 0 741 6498
608 6573 101 122 Carnarvon 0 608 6573
343 6776 72 111 Pofadder 0 343 6776
285 6500 115 142 Vanrhynsdorp 0 285 6500
645 6835 87 147 Alexander_Bay 0 645 6835
409 6950 130 148 Ubombo 0 409 6950
364 7138 139 85 Mahikeng 0 364 7138
