63
439 4473 33 24 Madrid 0 439 4473
430 4583 49 20 Barcelona 0 430 4583
236 4141 37 29 Sevilla 0 236 4141
504 4789 45 30 Bilbao 0 504 4789
726 4371 43 17 Valencia 0 726 4371
676 4612 44 19 Zaragoza 0 676 4612
371 4065 44 27 Málaga 0 371 4065
664 4206 34 20 Murcia 0 664 4206
446 4114 45 22 Granada 0 446 4114
522 4675 42 27 Vigo 0 522 4675
470 4380 30 28 Palma 0 470 4380
548 4801 35 21 A_Coruña 0 548 4801
375 3149 37 17 Santa_María_de_Gracia 0 375 3149
284 4823 44 15 Gijón 0 284 4823
356 4612 31 16 Valladolid 0 356 4612
344 4195 31 24 Córdoba 0 344 4195
719 4247 38 26 Alicante 0 719 4247
743 4044 42 18 Cádiz 0 743 4044
611 4741 46 18 Pamplona 0 611 4741
268 4805 25 21 Oviedo 0 268 4805
522 4743 29 26 Zuazo_de_Vitoria 0 522 4743
434 4812 42 28 Santander 0 434 4812
677 4163 40 15 Cartagena 0 677 4163
331 4042 39 17 Marbella 0 331 4042
453 4599 39 27 Mataró 0 453 4599
549 4076 26 22 Almería 0 549 4076
444 4688 48 19 Burgos 0 444 4688
276 4538 31 29 Salamanca 0 276 4538
598 4316 30 16 Albacete 0 598 4316
682 4126 43 16 Huelva 0 682 4126
545 4701 33 27 Logroño 0 545 4701
676 4305 25 16 Badajoz 0 676 4305
289 4719 38 16 León 0 289 4719
353 4553 37 17 Tarragona 0 353 4553
593 4687 31 23 Ourense 0 593 4687
430 4180 43 25 Jaén 0 430 4180
279 4001 25 20 Algeciras 0 279 4001
537 4747 35 22 Santiago_de_Compostela 0 537 4747
614 4170 37 17 Lorca 0 614 4170
411 4413 50 25 Toledo 0 411 4413
486 4497 37 19 Guadalajara 0 486 4497
444 4216 50 16 Linares 0 444 4216
641 3205 39 20 Arrecife 0 641 3205
730 4310 29 18 Mérida 0 730 4310
459 3108 26 28 Las_Palmas_de_Gran_Canaria 0 459 3108
527 4744 47 27 Vitoria-Gasteiz 0 527 4744
752 4430 48 26 Castellón_de_la_Plana 0 752 4430
373 4651 44 17 Palencia 0 373 4651
301 4609 39 25 Lleida 0 301 4609
725 4373 33 26 Cáceres 0 725 4373
405 4533 33 20 Segovia 0 405 4533
530 4697 36 19 Pontevedra 0 530 4697
374 3148 35 27 Santa_Cruz_de_Tenerife 0 374 3148
544 4623 50 28 Soria 0 544 4623
714 4668 37 27 Huesca 0 714 4668
582 4796 33 28 Donostia 0 582 4796
573 4435 34 29 Cuenca 0 573 4435
485 4647 42 27 Girona 0 485 4647
356 4502 45 20 Ávila 0 356 4502
419 4315 39 18 Ciudad_Real 0 419 4315
270 4598 41 19 Zamora 0 270 4598
617 4763 40 17 Lugo 0 617 4763
661 4467 31 24 Teruel 0 661 4467
