32
450 1723 35 21 Khartoum 0 450 1723
439 1728 47 21 Omdurman 0 439 1728
311 2169 48 30 Port_Sudan 0 311 2169
219 1710 32 26 Kassala 0 219 1710
198 1458 31 17 El_Obeid 0 198 1458
269 1332 31 15 Nyala 0 269 1332
463 1455 48 17 Kūstī 0 463 1455
556 1591 37 27 Wad_Medani 0 556 1591
322 1505 27 25 El_Fasher 0 322 1505
757 1552 29 24 Gedaref 0 757 1552
546 1845 25 19 Shendi 0 546 1845
647 1304 50 18 Ed_Damazin 0 647 1304
797 1218 34 30 Kadugli 0 797 1218
604 1956 44 16 Madent_Atbara 0 604 1956
656 1486 47 15 El_Geneina 0 656 1486
498 1574 35 20 Al_Manāqil 0 498 1574
568 1498 33 28 Sannār 0 568 1498
655 1404 42 19 An_Nuhūd 0 655 1404
603 1946 35 26 Ed_Damer 0 603 1946
425 1547 25 29 Ad_Diwem 0 425 1547
365 2037 31 29 Tokār 0 365 2037
306 1427 41 30 Umm_Ruwaba 0 306 1427
604 1992 42 26 Berber 0 604 1992
234 2122 36 16 Dongola 0 234 2122
223 2029 50 30 Haya 0 223 2029
587 1252 30 21 Babanūsah 0 587 1252
329 2411 41 22 Wādī_Ḩalfā’ 0 329 2411
472 1457 28 25 Rabak 0 472 1457
405 1267 28 25 Ed_Daein 0 405 1267
646 1295 47 16 El_Fula 0 646 1295
768 1428 27 30 Zalingei 0 768 1428
600 1453 39 21 Singa 0 600 1453
