111
279 5119 99 62 Geneva 0 279 5119
466 5246 65 50 Zürich 0 466 5246
392 5268 114 121 Basel 0 392 5268
383 5197 85 100 Bern 0 383 5197
321 5155 110 50 Lausanne 0 321 5155
444 5214 94 96 Lucerne 0 444 5214
496 5095 85 59 Lugano 0 496 5095
530 5253 87 62 Sankt_Fiden 0 530 5253
540 5189 121 63 Chur 0 540 5189
472 5282 106 140 Schaffhausen 0 472 5282
359 5184 140 133 Fribourg 0 359 5184
342 5206 145 125 Neuchâtel 0 342 5206
370 5125 68 80 Tripon 0 370 5125
463 5224 70 103 Zug 0 463 5224
492 5267 113 64 Frauenfeld 0 492 5267
501 5115 145 73 Bellinzona 0 501 5115
428 5248 91 52 Aarau 0 428 5248
520 5247 88 111 Herisau 0 520 5247
387 5229 65 128 Solothurn 0 387 5229
473 5208 102 75 Schwyz 0 473 5208
405 5259 66 60 Liestal 0 405 5259
373 5247 141 80 Delémont 0 373 5247
442 5194 58 94 Sarnen 0 442 5194
472 5191 51 113 Altdorf 0 472 5191
449 5202 107 128 Stansstad 0 449 5202
505 5209 149 62 Glarus 0 505 5209
530 5241 142 90 Appenzell 0 530 5241
348 5235 137 121 Saignelégier 0 348 5235
458 5236 132 144 Affoltern_am_Albis 0 458 5236
325 5150 147 126 Cully 0 325 5150
340 5173 135 98 Romont 0 340 5173
368 5211 72 119 Aarberg 0 368 5211
599 5183 142 140 Scuol 0 599 5183
315 5197 60 145 Fleurier 0 315 5197
433 5239 58 143 Unterkulm 0 433 5239
451 5200 65 52 Stans 0 451 5200
506 5242 77 125 Lichtensteig 0 506 5242
319 5183 131 76 Yverdon-les-Bains 0 319 5183
335 5202 81 71 Boudry 0 335 5202
401 5241 75 70 Balsthal 0 401 5241
395 5259 76 144 Dornach 0 395 5259
488 5227 51 53 Lachen 0 488 5227
342 5187 58 117 Payerne 0 342 5187
447 5258 105 127 Baden 0 447 5258
446 5270 130 130 Bad_Zurzach 0 446 5270
364 5186 145 79 Tafers 0 364 5186
527 5246 143 132 Haslen 0 527 5246
319 5168 91 89 Echallens 0 319 5168
487 5230 57 112 Rapperswil-Jona 0 487 5230
351 5164 61 131 Bulle 0 351 5164
465 5262 54 133 Bülach 0 465 5262
529 5253 132 71 Sankt_Gallen 0 529 5253
503 5256 79 88 Wil 0 503 5256
420 5237 122 98 Zofingen 0 420 5237
334 5148 112 56 Vevey 0 334 5148
315 5156 100 94 Renens 0 315 5156
439 5258 84 103 Brugg 0 439 5258
429 5267 91 113 Laufenburg 0 429 5267
335 5219 66 129 La_Chaux-de-Fonds 0 335 5219
475 5271 83 108 Andelfingen 0 475 5271
454 5250 93 120 Dietikon 0 454 5250
479 5261 133 102 Winterthur 0 479 5261
394 5178 135 108 Thun 0 394 5178
329 5214 144 145 Le_Locle 0 329 5214
449 5244 50 110 Bremgarten 0 449 5244
544 5167 74 95 Tiefencastel 0 544 5167
345 5120 122 104 Saint-Maurice 0 345 5120
340 5213 101 130 Cernier 0 340 5213
384 5201 149 140 Ostermundigen 0 384 5201
335 5190 78 114 Estavayer-le-Lac 0 335 5190
396 5160 55 104 Frutigen 0 396 5160
449 5235 55 73 Muri 0 449 5235
356 5198 107 52 Murten 0 356 5198
409 5267 68 94 Rheinfelden 0 409 5267
463 5204 86 117 Gersau 0 463 5204
425 5200 52 100 Schüpfheim 0 425 5200
366 5149 130 53 Saanen 0 366 5149
417 5245 126 126 Olten 0 417 5245
534 5186 101 109 Domat/Ems 0 534 5186
499 5258 50 91 Münchwilen 0 499 5258
469 5233 73 87 Horgen 0 469 5233
423 5218 78 89 Willisau 0 423 5218
536 5258 57 116 Rorschach 0 536 5258
307 5153 99 91 Morges 0 307 5153
413 5170 149 118 Interlaken 0 413 5170
432 5224 135 108 Sursee 0 432 5224
457 5214 79 88 Küssnacht 0 457 5214
508 5268 123 84 Weinfelden 0 508 5268
483 5245 52 121 Pfäffikon 0 483 5245
473 5235 50 112 Meilen 0 473 5235
407 5199 83 121 Langnau 0 407 5199
513 5277 75 66 Kreuzlingen 0 513 5277
366 5221 123 79 Nidau 0 366 5221
543 5199 135 77 Igis 0 543 5199
515 5179 133 94 Ilanz 0 515 5179
480 5219 50 145 Einsiedeln 0 480 5219
398 5231 136 138 Wangen 0 398 5231
488 5238 137 145 Hinwil 0 488 5238
446 5224 72 140 Hochdorf 0 446 5224
533 5171 92 80 Thusis 0 533 5171
438 5248 129 106 Lenzburg 0 438 5248
459 5258 98 113 Dielsdorf 0 459 5258
426 5133 121 76 Mörel-Filet 0 426 5133
444 5148 90 139 Münster-Geschinen 0 444 5148
351 5107 94 140 Martigny 0 351 5107
421 5129 68 80 Brig-Glis 0 421 5129
563 5183 148 74 Davos 0 563 5183
478 5244 75 117 Uster 0 478 5244
541 5247 74 127 Altstätten 0 541 5247
353 5226 113 67 Courtelary 0 353 5226
354 5253 145 72 Porrentruy 0 354 5253
