273
334 4007 39 17 Aleppo 0 334 4007
247 3711 50 24 Damascus 0 247 3711
291 3845 50 24 Homs 0 291 3845
748 3939 32 26 Al_Kuraydīyah 0 748 3939
258 3717 25 24 Dūmā 0 258 3717
295 3889 43 19 Ḩamāh 0 295 3889
603 3910 39 21 Dayr_az_Zawr 0 603 3910
500 3978 30 28 Ar_Raqqah 0 500 3978
763 3864 42 17 Ţarţūs 0 763 3864
228 3612 32 21 Dar‘ā 0 228 3612
286 3978 27 29 Idlib 0 286 3978
656 4041 49 29 Al_Ḩasakah 0 656 4041
406 4043 31 25 Manbij 0 406 4043
698 4102 50 27 Al_Qāmishlī 0 698 4102
459 3965 48 19 Ath_Thawrah 0 459 3965
676 3813 36 27 Ālbū_Kamāl 0 676 3813
272 3621 44 24 As_Suwaydā’ 0 272 3621
434 3824 35 20 Tadmur 0 434 3824
290 3767 32 19 An_Nabk 0 290 3767
325 4050 43 15 I‘zāz 0 325 4050
763 3668 27 27 Al_Qunayţirah 0 763 3668
324 3984 43 17 Al_Ḩāḑir 0 324 3984
756 3680 25 20 Mas‘adah 0 756 3680
279 3943 50 22 Kafr_Nubl 0 279 3943
266 3899 31 24 Jubb_Ramlah 0 266 3899
632 3876 33 30 Al_Mayādīn 0 632 3876
346 3855 44 28 Jubb_al_Jarrāḩ 0 346 3855
656 3991 34 18 Ash_Shaddādah 0 656 3991
276 3842 41 19 Khirbat_Tīn_Nūr 0 276 3842
245 3943 31 17 Şlinfah 0 245 3943
255 3716 46 16 Ḩarastā 0 255 3716
304 4001 31 18 Al_Atārib 0 304 4001
229 3865 29 16 Ḩimmīn 0 229 3865
768 3897 46 28 Bāniyās 0 768 3897
241 3878 31 29 Brummānat_al_Mashāyikh 0 241 3878
671 4108 34 28 ‘Āmūdā 0 671 4108
629 3891 32 17 Al_Buşayrah 0 629 3891
230 3720 49 20 Ad_Dīmās 0 230 3720
495 4061 38 18 Tall_Abyaḑ 0 495 4061
223 3643 48 20 Nawá 0 223 3643
251 3706 37 27 Babīlā 0 251 3706
726 4101 39 17 Al_Qaḩţānīyah 0 726 4101
346 3982 38 30 Banān 0 346 3982
284 3642 38 20 Shaqqā 0 284 3642
769 3675 44 27 Khān_Arnabah 0 769 3675
364 3960 50 19 Khanāşir 0 364 3960
511 4050 40 27 Sulūk 0 511 4050
286 3936 49 30 Hīsh 0 286 3936
761 3860 37 26 Arwād 0 761 3860
236 3744 50 25 Sirghāyā 0 236 3744
750 4097 42 25 Al_Jawādīyah 0 750 4097
246 3857 47 16 Al_Bāriqīyah 0 246 3857
282 3868 27 16 Ḩarbinafsah 0 282 3868
265 3986 32 25 Darkūsh 0 265 3986
361 4052 40 16 Ar_Rā‘ī 0 361 4052
243 3931 32 20 Jawbat_Burghāl 0 243 3931
368 4023 47 27 Tādif 0 368 4023
412 4010 47 22 Al_Khafsah 0 412 4010
752 3935 46 26 Latakia 0 752 3935
679 3823 49 22 As_Sūsah 0 679 3823
650 3930 48 15 Aş_Şuwar 0 650 3930
437 4049 29 19 Şirrīn_ash_Shamālīyah 0 437 4049
255 3713 48 15 ‘Irbīn 0 255 3713
646 4104 37 30 Ad_Darbāsīyah 0 646 4104
242 3705 25 30 Dārayyā 0 242 3705
337 3789 28 15 Al_Qaryatayn 0 337 3789
300 3986 35 20 Taftanāz 0 300 3986
253 3708 37 20 Jaramānā 0 253 3708
243 3694 33 23 Al_Kiswah 0 243 3694
274 3603 48 25 Al_Qurayyā 0 274 3603
233 3876 40 29 Ash_Shaykh_Badr 0 233 3876
291 3624 27 22 Al_Mushannaf 0 291 3624
292 3867 27 21 Ar_Rastan 0 292 3867
321 3790 50 20 Mahīn 0 321 3790
222 3686 43 30 Sa‘sa‘ 0 222 3686
342 3964 36 19 Tall_aḑ_Ḑamān 0 342 3964
305 4071 31 21 Bulbul 0 305 4071
714 4070 50 25 Tall_Ḩamīs 0 714 4070
286 3924 32 16 Khān_Shaykhūn 0 286 3924
319 4027 46 22 Nubl 0 319 4027
667 3840 30 29 Hajīn 0 667 3840
324 3831 41 27 Al_Furqlus 0 324 3831
769 3629 50 29 Ash_Shajarah 0 769 3629
294 3774 47 17 Dayr_‘Aţīyah 0 294 3774
681 4063 25 21 Bi’r_al_Ḩulw_al_Wardīyah 0 681 4063
353 3993 35 19 As_Safīrah 0 353 3993
237 3662 34 18 Aş_Şanamayn 0 237 3662
275 3996 41 15 Armanāz 0 275 3996
284 3965 36 22 Arīḩā 0 284 3965
309 3798 35 15 Şadad 0 309 3798
523 3963 30 18 As_Sabkhah 0 523 3963
352 3903 48 29 As_Si‘in 0 352 3903
301 3971 44 25 Sarāqib 0 301 3971
761 3949 27 19 ‘Ayn_al_Bayḑā 0 761 3949
323 3956 25 29 Abū_az̧_Z̧uhūr 0 323 3956
228 3932 33 30 Al_Fākhūrah 0 228 3932
250 3932 48 25 Shaţḩah 0 250 3932
260 3750 38 15 ‘Assāl_al_Ward 0 260 3750
291 4061 29 26 Rājū 0 291 4061
234 3935 34 29 Al_Muzayri‘ah 0 234 3935
368 4003 46 15 Kuwayris_Sharqī 0 368 4003
248 3862 40 22 Mashtá_al_Ḩulw 0 248 3862
263 3916 39 16 As_Suqaylibīyah 0 263 3916
290 3987 50 19 Ma‘arratmişrīn 0 290 3987
238 3625 39 28 Khirbat_Ghazālah 0 238 3625
238 3852 25 27 As_Sīsnīyah 0 238 3852
228 3909 39 17 Al_Quţaylibīyah 0 228 3909
247 3626 50 22 Al_Ḩarāk 0 247 3626
249 3705 48 20 Al_Ḩajar_al_Aswad 0 249 3705
777 3636 33 25 Tasīl 0 777 3636
329 4038 47 23 Tall_Rif‘at 0 329 4038
262 3904 30 17 Tall_Salḩab 0 262 3904
285 4001 50 17 Qūrqīnā 0 285 4001
262 3865 30 19 ‘Awaj 0 262 3865
258 3738 45 22 Rankūs 0 258 3738
554 3956 44 29 Ma‘dān 0 554 3956
267 3858 27 17 Al_Qabw 0 267 3858
768 3874 27 23 As_Sawdā 0 768 3874
769 3845 37 26 Al_Ḩamīdīyah 0 769 3845
256 3708 50 17 Al_Mulayḩah 0 256 3708
241 3715 30 16 Qadsayyā 0 241 3715
279 3903 26 15 Muḩradah 0 279 3903
659 4011 47 22 ‘Arīshah 0 659 4011
386 4058 31 21 Al_Ghandūrah 0 386 4058
286 3725 26 30 Aḑ_Ḑumayr 0 286 3725
617 3907 25 29 Khushām 0 617 3907
319 3940 43 28 Sinjār 0 319 3940
290 3743 35 30 Jayrūd 0 290 3743
256 3668 41 15 Mismīyah 0 256 3668
264 3851 28 15 Shīn 0 264 3851
413 3979 48 23 Maskanah 0 413 3979
250 3722 32 20 At_Tall 0 250 3722
295 3926 40 29 At_Tamāni‘ah 0 295 3926
325 3854 39 22 Mukharram_al_Fawqānī 0 325 3854
234 3635 48 27 Ash_Shaykh_Miskīn 0 234 3635
279 3586 45 21 Al_Ghāriyah 0 279 3586
276 3999 30 18 Kafr_Takhārīm 0 276 3999
574 3941 47 18 At_Tibnī 0 574 3941
247 3606 50 18 Al_Jīzah 0 247 3606
278 3637 26 28 Shahbā 0 278 3637
622 4057 31 24 Tall_Tamr 0 622 4057
297 4048 43 17 Al_Ma‘baţlī 0 297 4048
277 4010 40 28 Ḩārim 0 277 4010
766 3968 26 22 Qasţal_Ma‘āf 0 766 3968
243 3640 34 27 Izra‘ 0 243 3640
277 3735 33 21 Al_Quţayfah 0 277 3735
257 3883 40 18 Maşyāf 0 257 3883
238 3865 45 29 Ad_Duraykīsh 0 238 3865
273 3703 27 25 Ḩarrān_al_‘Awāmīd 0 273 3703
232 3898 41 29 Al_‘Annāzah 0 232 3898
272 3747 49 24 Ma‘lūlā 0 272 3747
266 3710 33 15 An_Nashābīyah 0 266 3710
246 3966 49 26 Bdāmā 0 246 3966
294 3810 35 26 Ḩisyā’ 0 294 3810
476 3966 38 26 Al_Manşūrah 0 476 3966
642 3865 43 29 Al_‘Ashārah 0 642 3865
385 4037 38 29 Al_‘Arīmah 0 385 4037
256 3731 33 24 Şaydnāyā 0 256 3731
270 4002 46 24 Salqīn 0 270 4002
225 3654 33 16 Jāsim 0 225 3654
237 3939 33 27 ‘Ayn_at_Tīnah 0 237 3939
254 3849 28 19 Al_Ḩawāsh 0 254 3849
366 4026 46 29 Al_Bāb 0 366 4026
247 3865 48 20 Sabbah 0 247 3865
242 3701 43 19 Şaḩnāyā 0 242 3701
287 3736 45 23 Ar_Ruḩaybah 0 287 3736
293 3981 50 20 Binnish 0 293 3981
307 4017 28 21 Dārat_‘Izzah 0 307 4017
241 3887 48 20 Al_Qadmūs 0 241 3887
243 3876 34 24 Wādī_al_‘Uyūn 0 243 3876
310 3857 43 19 ‘Ayn_an_Nasr 0 310 3857
255 3711 41 25 Kafr_Baţnā 0 255 3711
488 3860 45 23 As_Sukhnah 0 488 3860
273 3862 35 18 Talldaww 0 273 3862
233 3927 38 25 Al_Qardāḩah 0 233 3927
278 3955 30 18 Iḩsim 0 278 3955
227 3880 48 25 Al_Qamşīyah 0 227 3880
243 3959 46 28 Kinnsibbā 0 243 3959
338 4038 36 24 Māri‘ 0 338 4038
285 4042 27 20 Shaykh_al_Ḩadīd 0 285 4042
359 3878 48 26 ‘Uqayribāt 0 359 3878
769 3979 26 18 Kassab 0 769 3979
271 3591 33 22 Dhībīn 0 271 3591
637 3875 48 23 Dhībān 0 637 3875
234 3885 38 29 Ḩammām_Wāşil 0 234 3885
315 4055 50 23 Sharān 0 315 4055
237 3868 28 18 Junaynat_Raslān 0 237 3868
292 4030 39 15 Jindayris 0 292 4030
336 3891 34 21 Şabbūrah 0 336 3891
421 4032 49 17 Abū_Qalqal 0 421 4032
692 4029 31 29 Al_Ḩawl 0 692 4029
309 4042 36 28 ‘Afrīn 0 309 4042
246 4118 46 26 Al_Mālikīyah 0 246 4118
768 3947 36 22 Al_Bahlūlīyah 0 768 3947
583 3936 34 18 Al_Kasrah 0 583 3936
525 3969 44 24 Al_Karāmah 0 525 3969
294 3975 39 28 Sarmīn 0 294 3975
251 3852 40 15 An_Nāşirah 0 251 3852
762 3654 27 16 Al_Khushnīyah 0 762 3654
760 3933 47 16 Al_Hinādī 0 760 3933
595 4078 34 29 Ra’s_al_‘Ayn 0 595 4078
264 3641 40 21 ‘Arīqah 0 264 3641
318 3993 30 27 Az_Zarbah 0 318 3993
340 4048 26 23 Şūrān 0 340 4048
295 3907 45 26 Şūrān 0 295 3907
746 3644 39 29 Al_Buţayḩah 0 746 3644
230 3847 37 15 Aş_Şafşāfah 0 230 3847
221 3622 32 16 Al_Muzayrīb 0 221 3622
238 3723 25 17 ‘Ayn_al_Fījah 0 238 3723
248 3839 37 15 Tallkalakh 0 248 3839
231 3735 30 28 Az_Zabadānī 0 231 3735
242 3871 27 21 Duwayr_Raslān 0 242 3871
263 3630 49 25 Al_Mazra‘ah 0 263 3630
230 3857 25 26 Ra’s_al_Khashūfah 0 230 3857
232 3840 35 28 Al_Karīmah 0 232 3840
752 3630 35 27 Fīq 0 752 3630
271 3963 44 17 Muḩambal 0 271 3963
231 3627 27 17 Dā‘il 0 231 3627
289 3947 45 19 Ma‘arrat_an_Nu‘mān 0 289 3947
326 3909 40 28 Al_Ḩamrā’ 0 326 3909
619 3899 32 24 Mūḩ_Ḩasan 0 619 3899
378 3738 25 15 As_Sab‘_Biyār 0 378 3738
411 4075 50 26 Jarābulus 0 411 4075
350 4041 35 20 Akhtarīn 0 350 4041
283 3761 40 23 Yabrūd 0 283 3761
230 3943 27 21 Al_Ḩaffah 0 230 3943
355 3970 28 19 Al_Ḩājib 0 355 3970
335 3872 47 24 Barrī_ash_Sharqī 0 335 3872
237 3911 46 30 Bayt_Yāshūţ 0 237 3911
417 4067 28 26 Shuyūkh_Taḩtānī 0 417 4067
237 4077 32 15 Al_Ya‘rubīyah 0 237 4077
432 4003 28 15 Al_Jarnīyah 0 432 4003
271 3919 32 24 Kurnāz 0 271 3919
263 3698 28 28 Al_Ghizlānīyah 0 263 3698
487 4026 44 16 ‘Ayn_‘Īsá 0 487 4026
442 4082 47 30 ‘Ayn_al_‘Arab 0 442 4082
292 3857 29 29 Tallbīsah 0 292 3857
229 3893 32 21 Tālīn 0 229 3893
263 3600 45 18 Buşrá_ash_Shām 0 263 3600
261 3839 38 20 Ḩadīdah 0 261 3839
298 3598 25 24 Malaḩ 0 298 3598
771 3691 38 21 Mazra‘at_Bayt_Jinn 0 771 3691
236 3856 31 30 Şāfītā 0 236 3856
282 3917 47 19 Kafr_Zaytā 0 282 3917
239 3919 38 17 Ḩarf_al_Musaytirah 0 239 3919
277 3821 37 28 Al_Quşayr 0 277 3821
658 3957 43 26 Markadah 0 658 3957
246 3890 27 30 Aţ_Ţawāḩīn 0 246 3890
257 3966 45 16 Jisr_ash_Shughūr 0 257 3966
668 3833 33 20 Al_Jalā’ 0 668 3833
299 4009 28 16 Ad_Dānā 0 299 4009
240 3902 43 21 Ad_Dālīyah 0 240 3902
241 3674 47 30 Ghabāghib 0 241 3674
230 3920 50 26 ‘Ayn_Shiqāq 0 230 3920
284 3597 42 20 Şalkhad 0 284 3597
328 4017 43 28 Ḩuraytān 0 328 4017
228 3703 30 22 Qaţanā 0 228 3703
236 3913 30 27 ‘Ayn_ash_Sharqīyah 0 236 3913
250 3613 48 26 Al_Musayfirah 0 250 3613
225 3855 27 23 Khirbat_al_Ma‘azzah 0 225 3855
255 3869 26 17 ‘Ayn_Ḩalāqīm 0 255 3869
383 4002 32 18 Dayr_Ḩāfir 0 383 4002
255 3974 29 25 Al_Jānūdīyah 0 255 3974
322 3876 32 18 As_Salamīyah 0 322 3876
766 3917 27 24 Jablah 0 766 3917
259 3952 41 16 Az_Ziyārah 0 259 3952
231 3731 46 28 Maḑāyā 0 231 3731
765 3884 39 16 Ar_Rawḑah 0 765 3884
273 3657 25 15 Aş_Şūrah_aş_Şaghīrah 0 273 3657
309 3823 26 20 Ar_Riqāmā 0 309 3823
232 3964 46 24 Rabī‘ah 0 232 3964
384 4011 27 30 Rasm_al_Ḩarmal 0 384 4011
263 3922 29 23 Qal‘at_al_Maḑīq 0 263 3922
