32
356 2771 27 26 Tanmei 0 356 2771
223 2503 49 28 Kaohsiung 0 223 2503
268 2670 42 20 Taiping 0 268 2670
214 2545 37 27 Tainan 0 214 2545
321 2762 44 22 Zhongcuo 0 321 2762
244 2662 38 21 Shangzhuwei 0 244 2662
294 2744 28 30 Hsinchu 0 294 2744
241 2509 38 18 Pingtung 0 241 2509
239 2598 37 21 Chiayi 0 239 2598
373 2779 38 25 Keelung 0 373 2779
330 2764 31 25 Taoyuan 0 330 2764
358 2652 35 30 Hualien 0 358 2652
318 2757 34 22 Pingzhen 0 318 2757
298 2748 31 28 Zhubei 0 298 2748
309 2518 37 24 Taitung 0 309 2518
312 2754 26 18 Xiaoyangmei 0 312 2754
326 2758 31 23 Bade 0 326 2758
265 2648 46 15 Zhuangtou 0 265 2648
279 2723 47 26 Xiaoji 0 279 2723
373 2738 31 17 Yilan 0 373 2738
249 2624 25 20 Douliu 0 249 2624
762 2608 41 17 Magong 0 762 2608
218 2597 32 17 Pozi 0 218 2597
227 2596 36 23 Taibao 0 227 2596
264 2645 38 17 Nantou 0 264 2645
793 2895 43 15 Nangan 0 793 2895
351 2771 39 23 Taipei 0 351 2771
279 2718 27 16 Miaoli 0 279 2718
345 2767 38 20 Banqiao 0 345 2767
249 2664 50 24 Changhua 0 249 2664
264 2672 45 16 Taichung 0 264 2672
633 2702 50 28 Jincheng 0 633 2702
