933
664 1518 28 21 Bang_Rak 0 664 1518
498 2077 42 27 Chiang_Mai 0 498 2077
672 1504 26 27 Samut_Prakan 0 672 1504
186 1657 27 23 Nakhon_Ratchasima 0 186 1657
663 774 36 27 Hat_Yai 0 663 774
483 1684 25 19 Ubon_Ratchathani 0 483 1684
663 1533 30 23 Nonthaburi 0 663 1533
268 1819 40 18 Khon_Kaen 0 268 1819
264 1926 40 16 Udon_Thani 0 264 1926
606 932 26 20 Nakhon_Si_Thammarat 0 606 932
714 1478 48 17 Chon_Buri 0 714 1478
552 2022 45 17 Lampang 0 552 2022
709 1457 43 23 Si_Racha 0 709 1457
634 1860 28 18 Phitsanulok 0 634 1860
536 1010 30 18 Surat_Thani 0 536 1010
665 1549 32 16 Pathum_Thani 0 665 1549
749 760 43 26 Pattani 0 749 760
752 723 27 28 Yala 0 752 723
567 835 45 16 Trang 0 567 835
432 865 25 24 Phuket 0 432 865
612 1528 43 28 Nakhon_Pathom 0 612 1528
586 2197 31 27 Ban_Wiang_Wai 0 586 2197
621 1736 28 28 Nakhon_Sawan 0 621 1736
588 1496 49 26 Ratchaburi 0 588 1496
260 1974 35 20 Ban_Nong_Kham 0 260 1974
185 1395 45 22 Chanthaburi 0 185 1395
602 1449 29 30 Phetchaburi 0 602 1449
519 1160 28 26 Chumphon 0 519 1160
687 2077 48 26 Nan 0 687 2077
755 1554 36 20 Prachin_Buri 0 755 1554
616 1949 45 16 Uttaradit 0 616 1949
409 1897 32 26 Sakon_Nakhon 0 409 1897
705 1606 43 15 Sara_Buri 0 705 1606
812 711 32 20 Narathiwat 0 812 711
559 1548 27 28 Kanchanaburi 0 559 1548
637 1498 30 28 Samut_Sakhon 0 637 1498
337 1645 28 15 Surin 0 337 1645
555 1822 33 22 Kamphaeng_Phet 0 555 1822
181 1750 41 27 Chaiyaphum 0 181 1750
678 1636 40 27 Lop_Buri 0 678 1636
476 1925 45 20 Nakhon_Phanom 0 476 1925
340 1817 33 20 Kalasin 0 340 1817
620 1600 49 30 Suphan_Buri 0 620 1600
318 1790 50 21 Maha_Sarakham 0 318 1790
729 1819 26 17 Phetchabun 0 729 1819
604 1389 26 22 Hua_Hin 0 604 1389
724 1514 43 17 Chachoengsao 0 724 1514
676 796 27 22 Songkhla 0 676 796
296 1658 29 18 Buriram 0 296 1658
453 1848 36 24 Mae_Sot 0 453 1848
427 1671 29 26 Si_Sa_Ket 0 427 1671
618 842 43 29 Phatthalung 0 618 842
356 1775 29 24 Roi_Et 0 356 1775
620 2006 43 17 Phrae 0 620 2006
747 1401 33 24 Rayong 0 747 1401
643 1818 46 16 Phichit 0 643 1818
789 1935 40 30 Loei 0 789 1935
608 1483 28 25 Samut_Songkhram 0 608 1483
617 732 44 20 Satun 0 617 732
586 1305 46 24 Prachuap_Khiri_Khan 0 586 1305
513 1865 44 16 Tak 0 513 1865
490 892 48 19 Krabi 0 490 892
574 902 43 15 Thung_Song 0 574 902
459 1101 26 25 Ranong 0 459 1101
229 1515 45 22 Aranyaprathet 0 229 1515
609 1700 31 23 Uthai_Thani 0 609 1700
408 1746 41 17 Yasothon 0 408 1746
229 1354 32 26 Trat 0 229 1354
738 1571 42 22 Nakhon_Nayok 0 738 1571
592 2122 31 25 Phayao 0 592 2122
651 1646 34 28 Sing_Buri 0 651 1646
223 1724 25 20 Bua_Yai 0 223 1724
620 1679 44 30 Chai_Nat 0 620 1679
500 2054 49 18 Lamphun 0 500 2054
656 1613 43 21 Ang_Thong 0 656 1613
587 1880 27 28 Sukhothai 0 587 1880
448 934 27 19 Phangnga 0 448 934
391 2135 44 15 Mae_Hong_Son 0 391 2135
594 904 32 17 Ron_Phibun 0 594 904
683 1517 42 24 Prawet 0 683 1517
462 1618 36 19 Kantharalak 0 462 1618
556 818 48 27 Kantang 0 556 818
454 1669 50 29 Kanthararom 0 454 1669
641 1566 33 23 Lat_Bua_Luang 0 641 1566
663 1521 33 29 Pom_Prap_Sattru_Phai 0 663 1521
201 1915 45 23 Na_Klang 0 201 1915
559 1728 25 18 Chum_Ta_Bong 0 559 1728
555 1744 30 21 Mae_Wong 0 555 1744
575 1029 34 27 Don_Sak 0 575 1029
805 1722 44 20 Chatturat 0 805 1722
345 1752 31 22 Chaturaphak_Phiman 0 345 1752
670 1910 28 26 Chat_Trakan 0 670 1910
604 1874 34 16 Kong_Krailat 0 604 1874
396 1676 46 28 Mueang_Chan 0 396 1676
615 1752 48 16 Kao_Liao 0 615 1752
208 1763 39 21 Khon_Sawan 0 208 1763
811 1838 36 15 Khon_San 0 811 1838
601 2131 45 23 Phu_Kam_Yao 0 601 2131
422 2158 46 27 Sop_Pong 0 422 2158
570 1426 33 19 Kaeng_Krachan 0 570 1426
565 913 36 27 Na_Bon 0 565 913
338 1769 33 16 Si_Somdet 0 338 1769
526 1605 29 22 Na_Chaluai 0 526 1605
289 1747 33 17 Na_Chueak 0 289 1747
644 1524 31 16 Thawi_Watthana 0 644 1524
663 1507 46 24 Thung_Khru 0 663 1507
267 1662 39 26 Lam_Plai_Mat 0 267 1662
315 1932 47 29 Thung_Fon 0 315 1932
345 1944 36 15 Charoen_Sin 0 345 1944
452 1810 36 17 Nikhom_Kham_Soi 0 452 1810
363 1900 26 28 Nikhom_Nam_Un 0 363 1900
641 1545 49 26 Sai_Noi 0 641 1545
594 1820 41 20 Sai_Ngam 0 594 1820
706 1400 26 20 Sattahip 0 706 1400
592 1723 32 23 Sawang_Arom 0 592 1723
660 1512 28 22 Chom_Thong 0 660 1512
668 1529 31 29 Chatuchak 0 668 1529
678 2141 45 15 Song_Khwae 0 678 2141
642 1659 41 30 In_Buri 0 642 1659
552 2075 25 27 Mueang_Pan 0 552 2075
559 1915 46 27 Thung_Saliam 0 559 1915
391 2023 33 22 Bung_Khla 0 391 2023
367 2010 36 21 Si_Wilai 0 367 2010
406 1608 48 28 Phu_Sing 0 406 1608
750 693 25 27 Ban_Nang_Sata 0 750 693
249 1806 35 25 Phra_Yuen 0 249 1806
417 1652 30 29 Wang_Hin 0 417 1652
295 1829 32 30 Sam_Sung 0 295 1829
305 1831 31 26 Chuen_Chom 0 305 1831
303 1899 44 25 Ku_Kaeo 0 303 1899
656 1602 43 28 Pa_Mok 0 656 1602
383 1841 43 22 Huai_Phueng 0 383 1841
438 1616 27 27 Khun_Han 0 438 1616
552 1779 50 21 Pang_Sila_Thong 0 552 1779
537 1838 33 25 Kosamphi_Nakhon 0 537 1838
550 1731 30 27 Mae_Poen 0 550 1731
435 1016 39 21 Khura_Buri 0 435 1016
698 1503 26 21 Bang_Sao_Thong 0 698 1503
404 1733 42 20 Phanom_Phrai 0 404 1733
575 1562 50 15 Phanom_Thuan 0 575 1562
754 1521 26 27 Phanom_Sarakham 0 754 1521
666 1527 33 30 Bang_Sue 0 666 1527
607 750 45 26 Tha_Phae 0 607 750
494 998 27 29 Khiri_Ratthanikhom 0 494 998
585 1861 43 15 Khiri_Mat 0 585 1861
788 1715 42 17 Bamnet_Narong 0 788 1715
566 946 31 21 Phipun 0 566 946
670 1504 31 30 Phra_Samut_Chedi 0 670 1504
655 783 45 16 Bang_Klam 0 655 783
669 1619 46 21 Ban_Phraek 0 669 1619
603 1484 27 20 Amphawa 0 603 1484
197 1378 45 26 Khlung 0 197 1378
197 1981 44 28 Na_Yung 0 197 1981
464 1635 48 28 Siao 0 464 1635
698 1609 40 24 Sao_Hai 0 698 1609
780 1730 29 19 Sap_Yai 0 780 1730
749 1414 48 19 Ban_Khai 0 749 1414
698 1790 27 30 Chon_Daen 0 698 1790
493 2048 31 16 Pa_Sang 0 493 2048
514 2041 25 20 Mae_Tha 0 514 2041
554 2005 32 15 Mae_Tha 0 554 2005
235 1705 34 26 Non_Daeng 0 235 1705
276 1610 26 15 Chaloem_Phra_Kiat 0 276 1610
276 1698 43 20 Lam_Thamen_Chai 0 276 1698
247 1853 49 21 Khuean_Ubonrat 0 247 1853
185 1682 48 30 Non_Thai 0 185 1682
494 2090 38 22 Mae_Rim 0 494 2090
448 1877 49 30 Mae_Ramat 0 448 1877
591 2259 40 30 Mae_Sai 0 591 2259
794 1914 49 18 Wang_Saphung 0 794 1914
640 1636 44 28 Khai_Bang_Rachan 0 640 1636
462 2162 32 15 Wiang_Haeng 0 462 2162
553 2139 43 29 Wiang_Pa_Pao 0 553 2139
540 954 50 27 Wiang_Sa 0 540 954
683 2057 26 22 Wiang_Sa 0 683 2057
676 1725 39 17 Phai_Sali 0 676 1725
548 1224 38 17 Bang_Saphan_Noi 0 548 1224
701 1586 46 15 Nong_Khae 0 701 1586
588 1803 32 19 Thung_Sai 0 588 1803
592 1335 30 22 Kui_Buri 0 592 1335
575 1640 32 21 Dan_Chang 0 575 1640
521 2141 32 27 Phrao 0 521 2141
715 731 46 25 Saba_Yoi 0 715 731
502 1700 43 15 Don_Mot_Daeng 0 502 1700
521 977 26 23 Khian_Sa 0 521 977
583 785 36 28 Thung_Wa 0 583 785
432 1968 50 28 Om_Koi 0 432 1968
470 1829 26 22 Mukdahan 0 470 1829
313 1873 44 25 Tha_Khantho 0 313 1873
753 747 30 26 Yarang 0 753 747
674 1524 30 29 Wang_Thonglang 0 674 1524
470 1715 44 28 Muang_Sam_Sip 0 470 1715
626 903 48 29 Chian_Yai 0 626 903
807 1868 40 19 Phu_Kradueng 0 807 1868
646 842 42 15 Krasae_Sin 0 646 842
317 1650 33 24 Krasang 0 317 1650
664 1519 43 30 Pathum_Wan 0 664 1519
269 1302 47 24 Khlong_Yai 0 269 1302
452 1791 34 20 Loeng_Nok_Tha 0 452 1791
471 2084 27 27 Samoeng 0 471 2084
413 1626 46 27 Khu_Khan 0 413 1626
392 1712 33 26 Phon_Sai 0 392 1712
443 1930 36 20 Phon_Sawan 0 443 1930
390 1802 35 21 Waeng 0 390 1802
665 1521 42 29 Ratchathewi 0 665 1521
677 1539 30 25 Sai_Mai 0 677 1539
682 1522 36 16 Saphan_Sung 0 682 1522
245 1780 43 17 Chonnabot 0 245 1780
536 2026 45 29 Hang_Chat 0 536 2026
491 2066 27 25 Hang_Dong 0 491 2066
280 1730 37 18 Na_Pho 0 280 1730
681 2027 49 16 Na_Noi 0 681 2027
427 980 30 23 Takua_Pa 0 427 980
439 927 42 26 Takua_Thung 0 439 927
654 1538 34 19 Bang_Bua_Thong 0 654 1538
604 2119 26 26 Dok_Kham_Tai 0 604 2119
430 1822 32 28 Nong_Sung 0 430 1822
787 1414 43 23 Klaeng 0 787 1414
713 1643 27 22 Phatthana_Nikhom 0 713 1643
626 1550 25 19 Bang_Len 0 626 1550
799 1779 47 17 Nong_Bua_Daeng 0 799 1779
465 1885 47 15 Renu_Nakhon 0 465 1885
183 1889 50 24 Pha_Khao 0 183 1889
476 2058 36 26 Mae_Wang 0 476 2058
686 1616 29 16 Ban_Mo 0 686 1616
686 1598 31 21 Phachi 0 686 1598
395 1664 41 27 Huai_Thap_Than 0 395 1664
425 1730 26 16 Kham_Khuean_Kaeo 0 425 1730
232 1391 50 30 Bo_Rai 0 232 1391
298 1774 35 20 Borabue 0 298 1774
735 716 34 27 Yaha 0 735 716
302 1629 38 29 Phlapphla_Chai 0 302 1629
261 1955 29 24 Sa_Khrai 0 261 1955
449 1899 33 23 Pla_Pak 0 449 1899
589 2227 44 27 Mae_Chan 0 589 2227
432 2045 48 15 Mae_Chaem 0 432 2045
392 1726 30 26 Nong_Hi 0 392 1726
566 1690 50 27 Huai_Khot 0 566 1690
677 1686 33 25 Nong_Muang 0 677 1686
440 1776 46 26 Thai_Charoen 0 440 1776
619 750 26 22 Khuan_Don 0 619 750
451 1701 39 19 Khueang_Nai 0 451 1701
685 1611 49 26 Tha_Ruea 0 685 1611
347 1806 32 19 Kamalasai 0 347 1806
641 1877 49 29 Wat_Bot 0 641 1877
179 1690 43 20 Phra_Thong_Kham 0 179 1690
798 674 38 30 Chanae 0 798 674
594 1356 39 26 Sam_Roi_Yot 0 594 1356
605 1762 43 17 Banphot_Phisai 0 605 1762
731 744 42 26 Khok_Pho 0 731 744
573 816 42 20 Yan_Ta_Khao 0 573 816
689 2072 33 25 Phu_Phiang 0 689 2072
671 1538 37 26 Don_Mueang 0 671 1538
327 1772 28 23 Kae_Dam 0 327 1772
237 1765 38 28 Waeng_Yai 0 237 1765
223 1748 43 25 Waeng_Noi 0 223 1748
544 1484 40 24 Ban_Kha 0 544 1484
604 2156 29 23 Pa_Daet 0 604 2156
809 1842 50 25 Phu_Pha_Man 0 809 1842
525 1007 48 28 Phunphin 0 525 1007
803 1649 33 23 Sung_Noen 0 803 1649
778 707 35 29 Rueso 0 778 707
181 1381 32 24 Laem_Sing 0 181 1381
540 972 47 24 Ban_Na_San 0 540 972
441 2142 31 25 Wiang_Nuea 0 441 2142
598 1634 33 21 Nong_Yasai 0 598 1634
692 764 31 19 Chana 0 692 764
604 818 30 26 Kong_Ra 0 604 818
205 1743 40 25 Kaeng_Sanam_Nang 0 205 1743
531 1757 43 27 Na_Tan 0 531 1757
411 1879 25 20 Tao_Ngoi 0 411 1879
655 1510 34 20 Bang_Khun_Thian 0 655 1510
415 1763 25 15 Sai_Mun 0 415 1763
658 826 46 20 Sathing_Phra 0 658 826
680 1524 48 20 Bueng_Kum 0 680 1524
184 1511 31 27 Khao_Chakan 0 184 1511
509 1117 39 15 Thung_Tako 0 509 1117
540 917 48 27 Thung_Yai 0 540 917
254 1597 39 17 Pakham 0 254 1597
250 1642 32 29 Nong_Hong 0 250 1642
729 1682 47 23 Chai_Badan 0 729 1682
508 935 31 28 Chai_Buri 0 508 935
288 1719 33 16 Phutthaisong 0 288 1719
220 1842 43 28 Phu_Wiang 0 220 1842
663 1518 43 20 Khlong_San 0 663 1518
293 1941 35 18 Phibun_Rak 0 293 1941
775 759 49 21 Panare 0 775 759
460 941 38 21 Thap_Put 0 460 941
445 1735 31 25 Hua_Taphan 0 445 1735
338 1917 42 15 Song_Dao 0 338 1917
583 1613 32 30 Lao_Khwan 0 583 1613
183 1529 42 27 Sa_Kaeo 0 183 1529
670 1787 32 25 Thap_Khlo 0 670 1787
684 1504 44 24 Bang_Phli 0 684 1504
583 2241 49 15 Mae_Fa_Luang 0 583 2241
609 1656 45 23 Hankha 0 609 1656
669 1516 48 17 Khlong_Toei 0 669 1516
230 1684 37 19 Phimai 0 230 1684
687 1527 41 28 Min_Buri 0 687 1527
763 1703 33 23 Thep_Sathit 0 763 1703
695 1701 26 27 Khok_Charoen 0 695 1701
615 1911 40 22 Phichai 0 615 1911
524 1685 48 24 Phibun_Mangsahan 0 524 1685
366 1681 35 29 Sanom 0 366 1681
489 2059 32 19 San_Pa_Tong 0 489 2059
260 1978 47 21 Nong_Khai 0 260 1978
409 1696 37 22 Rasi_Salai 0 409 1696
791 1435 46 15 Khao_Chamao 0 791 1435
808 1595 39 18 Wang_Nam_Khiao 0 808 1595
782 1487 34 30 Tha_Takiap 0 782 1487
697 2144 50 21 Thung_Chang 0 697 2144
502 1725 34 16 Trakan_Phut_Phon 0 502 1725
773 1431 50 22 Wang_Chan 0 773 1431
556 2173 39 23 Mae_Suai 0 556 2173
387 2008 25 19 Mae_Sariang 0 387 2008
366 1847 47 27 Somdet 0 366 1847
634 2117 27 16 Pong 0 634 2117
241 1613 35 27 Non_Suwan 0 241 1613
670 1535 30 25 Lak_Si 0 670 1535
500 1794 40 30 Chanuman 0 500 1794
728 1472 49 18 Ban_Bueng 0 728 1472
293 1797 41 17 Kosum_Phisai 0 293 1797
651 1552 44 28 Lat_Lum_Kaeo 0 651 1552
333 1875 45 23 Wang_Sam_Mo 0 333 1875
305 1654 36 18 Huai_Rat 0 305 1654
585 2139 43 16 Mae_Chai 0 585 2139
262 1549 50 30 Ta_Phraya 0 262 1549
514 2181 46 28 Chai_Prakan 0 514 2181
723 1407 26 15 Ban_Chang 0 723 1407
555 1239 31 27 Bang_Saphan 0 555 1239
374 1889 37 21 Kut_Bak 0 374 1889
503 2069 48 23 Saraphi 0 503 2069
243 1531 34 20 Khok_Sung 0 243 1531
287 1780 39 23 Kut_Rang 0 287 1780
671 800 30 18 Singhanakhon 0 671 800
657 734 42 29 Sadao 0 657 734
489 1757 31 25 Pathum_Ratchawongsa 0 489 1757
624 1663 29 20 Sankhaburi 0 624 1663
512 2072 36 16 San_Kamphaeng 0 512 2072
728 1641 27 29 Wang_Muang 0 728 1641
296 1815 40 15 Chiang_Yuen 0 296 1815
295 1848 32 26 Kranuan 0 295 1848
192 1727 32 30 Ban_Lueam 0 192 1727
543 930 25 25 Tham_Phannara 0 543 930
216 1859 45 19 Nong_Na_Kham 0 216 1859
649 795 47 29 Khuan_Niang 0 649 795
618 756 28 20 Khuan_Kalong 0 618 756
611 855 35 24 Khuan_Khanun 0 611 855
363 1923 47 19 Phang_Khon 0 363 1923
620 1788 30 22 Bueng_Na_Rang 0 620 1788
326 1752 38 30 Wapi_Pathum 0 326 1752
485 1679 41 22 Warin_Chamrap 0 485 1679
355 1912 27 26 Warichaphum 0 355 1912
657 1825 39 24 Sak_Lek 0 657 1825
815 1934 25 29 Na_Duang 0 815 1934
534 981 34 19 Ban_Na_Doem 0 534 981
450 1859 31 17 Dong_Luang 0 450 1859
609 1618 44 29 Don_Chedi 0 609 1618
811 688 50 30 Cho-airong 0 811 688
697 1563 39 17 Nong_Suea 0 697 1563
263 1740 28 28 Nong_Song_Hong 0 263 1740
425 2104 43 19 Chaem_Luang 0 425 2104
306 1716 33 27 Phayakkhaphum_Phisai 0 306 1716
662 1514 43 20 Bang_Kho_Laem 0 662 1514
599 1443 35 28 Ban_Lat 0 599 1443
216 1631 42 27 Nong_Bun_Nak 0 216 1631
796 1743 50 30 Nong_Bua_Rawe 0 796 1743
227 1903 41 22 Nong_Bua_Lamphu 0 227 1903
590 1701 50 20 Nong_Chang 0 590 1701
544 1631 42 22 Buntharik 0 544 1631
665 1663 36 29 Ban_Mi 0 665 1663
523 1773 30 28 Khemarat 0 523 1773
562 1842 47 29 Phran_Kratai 0 562 1842
420 1949 26 19 Si_Songkhram 0 420 1949
310 1877 41 20 Si_That 0 310 1877
721 1709 39 24 Si_Thep 0 721 1709
335 1798 26 21 Khong_Chai 0 335 1798
680 1588 43 18 Uthai 0 680 1588
484 943 28 16 Plai_Phraya 0 484 943
711 2069 44 27 Mae_Charim 0 711 2069
555 1667 40 24 Ban_Rai 0 555 1667
662 1522 46 16 Phra_Nakhon 0 662 1522
658 1729 47 21 Tha_Tako 0 658 1729
378 1632 44 26 Si_Narong 0 378 1632
260 1791 40 22 Ban_Haet 0 260 1791
678 1522 27 30 Bang_Kapi 0 678 1522
619 1502 45 22 Ban_Phaeo 0 619 1502
595 1487 45 23 Wat_Phleng 0 595 1487
651 1622 31 23 Pho_Thong 0 651 1622
661 1571 29 22 Bang_Sai 0 661 1571
640 1585 35 28 Bang_Sai 0 640 1585
715 1842 47 23 Khao_Kho 0 715 1842
379 1751 38 22 At_Samat 0 379 1751
429 1772 36 15 Kut_Chum 0 429 1772
241 1928 49 18 Kut_Chap 0 241 1928
499 1746 34 23 Kut_Khaopun 0 499 1746
410 1812 49 22 Moeiwadi 0 410 1812
493 2113 48 26 Mae_Taeng 0 493 2113
531 2214 27 16 Mae_Ai 0 531 2214
386 1606 38 21 Bua_Chet 0 386 1606
203 1607 30 18 Khon_Buri 0 203 1607
342 1848 45 27 Sahatsakhan 0 342 1848
715 1613 38 17 Kaeng_Khoi 0 715 1613
206 1782 42 19 Kaeng_Khro 0 206 1782
272 1865 38 29 Khao_Suan_Kwang 0 272 1865
756 1950 45 18 Tha_Li 0 756 1950
617 1996 30 21 Sung_Men 0 617 1996
828 667 44 26 Su-ngai_Kolok 0 828 667
551 1013 35 27 Kanchanadit 0 551 1013
739 1856 45 26 Lom_Sak 0 739 1856
371 1725 49 18 Suwannaphum 0 371 1725
211 1943 45 26 Suwannakhuha 0 211 1943
273 1705 46 27 Mueang_Yang 0 273 1705
483 1733 50 25 Phana 0 483 1733
577 2162 39 28 Phan 0 577 2162
385 1661 29 21 Samrong_Thap 0 385 1661
435 961 39 16 Kapong 0 435 961
455 1059 36 17 Kapoe 0 455 1059
701 2121 47 23 Pua 0 701 2121
275 1755 45 15 Pueai_Noi 0 275 1755
494 1968 26 24 Li 0 494 1968
194 1494 26 16 Wang_Nam_Yen 0 194 1494
685 1573 39 17 Wang_Noi 0 685 1573
565 2117 27 17 Wang_Nuea 0 565 2117
516 1693 50 16 Tan_Sum 0 516 1693
628 1825 39 22 Sam_Ngam 0 628 1825
430 1699 28 21 Kho_Wang 0 430 1699
502 1990 36 26 Thung_Hua_Chang 0 502 1990
726 2118 33 15 Bo_Kluea 0 726 2118
549 1615 45 25 Nong_Prue 0 549 1615
569 1543 41 27 Tha_Muang 0 569 1543
746 1524 37 29 Ratchasan 0 746 1524
650 1510 27 24 Bang_Bon 0 650 1510
651 1793 45 29 Taphan_Hin 0 651 1793
659 1521 33 30 Bangkok_Noi 0 659 1521
659 1517 35 18 Bangkok_Yai 0 659 1517
320 1992 32 26 Fao_Rai 0 320 1992
491 1803 44 25 Don_Tan 0 491 1803
727 709 48 16 Ka_Bang 0 727 709
688 1540 44 15 Lam_Luk_Ka 0 688 1540
771 1556 29 22 Prachantakham 0 771 1556
510 1079 36 24 Lamae 0 510 1079
563 800 47 18 Hat_Samran 0 563 800
598 1369 38 23 Pran_Buri 0 598 1369
593 1689 45 20 Nong_Mamong 0 593 1689
661 1538 27 21 Pak_Kret 0 661 1538
576 1792 36 23 Khlong_Khlung 0 576 1792
534 1791 25 16 Khlong_Lan 0 534 1791
806 1994 26 24 Pak_Chom 0 806 1994
475 1150 33 29 Kra_Buri 0 475 1150
561 925 34 21 Chang_Klang 0 561 925
595 892 49 21 Chulabhorn 0 595 892
599 921 46 15 Phra_Phrom 0 599 921
576 835 25 16 Na_Yong 0 576 835
569 881 48 25 Ratsada 0 569 881
247 1820 39 15 Ban_Fang 0 247 1820
675 2011 46 16 Na_Muen 0 675 2011
491 1612 27 20 Nam_Khun 0 491 1612
424 1904 50 25 Phon_Na_Kaeo 0 424 1904
441 1885 39 26 Wang_Yang 0 441 1885
630 821 31 26 Bang_Kaeo 0 630 821
587 761 45 15 La-ngu 0 587 761
815 1439 37 15 Kaeng_Hang_Maeo 0 815 1439
317 1597 40 15 Phanom_Dong_Rak 0 317 1597
522 2202 29 29 Fang 0 522 2202
801 696 46 23 Ra-ngae 0 801 696
600 1653 49 21 Noen_Kham 0 600 1653
588 925 39 17 Lan_Saka 0 588 925
771 1545 43 28 Si_Maha_Phot 0 771 1545
476 2041 36 18 Doi_Lo 0 476 2041
391 1945 44 20 Akat_Amnuai 0 391 1945
719 1934 27 16 Na_Haeo 0 719 1934
437 1032 45 20 Suk_Samran 0 437 1032
715 1498 31 23 Bang_Pakong 0 715 1498
670 1573 37 25 Bang_Pa-in 0 670 1573
666 1599 30 19 Bang_Pahan 0 666 1599
603 2074 41 19 Ngao 0 603 2074
293 1616 36 24 Prakhon_Chai 0 293 1616
636 1509 29 22 Krathum_Baen 0 636 1509
633 1674 25 22 Sapphaya 0 633 1674
504 2084 50 30 San_Sai 0 504 2084
704 2092 49 29 Santi_Suk 0 704 2092
662 1513 48 23 Rat_Burana 0 662 1513
759 1759 41 23 Phakdi_Chumphon 0 759 1759
257 1698 40 28 Chum_Phuang 0 257 1698
660 1697 36 25 Tak_Fa 0 660 1697
664 1812 36 16 Wang_Sai_Phun 0 664 1812
602 1054 31 26 Ko_Samui 0 602 1054
348 1974 32 30 Ban_Muang 0 348 1974
418 1717 35 18 Maha_Chana_Chai 0 418 1717
639 2028 27 28 Rong_Kwang 0 639 2028
366 1799 49 19 Rong_Kham 0 366 1799
239 1720 30 25 Sida 0 239 1720
538 836 33 26 Sikao 0 538 836
757 1455 45 20 Nong_Yai 0 757 1455
673 1599 25 16 Nakhon_Luang 0 673 1599
610 880 49 23 Cha-uat 0 610 880
555 931 36 25 Chawang 0 555 931
455 896 36 22 Ko_Yao 0 455 896
348 1731 34 23 Kaset_Wisai 0 348 1731
815 1802 39 23 Kaset_Sombun 0 815 1802
472 1118 27 18 La-Un 0 472 1118
543 855 43 27 Wang_Wiset 0 543 855
213 1709 45 28 Khong 0 213 1709
614 903 46 21 Chaloem_Phra_Kiat 0 614 903
552 887 26 25 Bang_Khan 0 552 887
664 1523 34 21 Dusit 0 664 1523
739 1548 28 15 Ban_Sang 0 739 1548
354 1872 42 30 Kham_Muang 0 354 1872
462 1735 40 22 Lue_Amnat 0 462 1735
288 1892 38 29 Kumphawapi 0 288 1892
389 1982 43 17 Seka 0 389 1982
310 1738 25 19 Na_Dun 0 310 1738
610 2213 44 17 Wiang_Chiang_Rung 0 610 2213
614 2224 45 21 Doi_Luang 0 614 2224
658 2224 41 30 Wiang_Kaen 0 658 2224
728 1911 25 18 Dan_Sai 0 728 1911
797 1683 47 26 Dan_Khun_Thot 0 797 1683
269 1594 39 21 Lahan_Sai 0 269 1594
625 2019 48 20 Nong_Muang_Khai 0 625 2019
753 1693 50 16 Lam_Sonthi 0 753 1693
532 892 46 30 Lam_Thap 0 532 892
390 1879 50 19 Phu_Phan 0 390 1879
350 1784 44 23 Changhan 0 350 1784
811 1746 42 22 Ban_Khwao 0 811 1746
716 1562 31 26 Ongkharak 0 716 1562
536 1497 49 26 Suan_Phueng 0 536 1497
209 1877 35 16 Si_Bun_Rueang 0 209 1877
637 2089 38 16 Chiang_Muan 0 637 2089
651 2084 42 21 Ban_Luang 0 651 2084
751 709 38 16 Krong_Pi_Nang 0 751 709
631 1517 31 17 Sam_Phran 0 631 1517
663 1518 42 29 Samphanthawong 0 663 1518
479 978 40 23 Phanom 0 479 978
472 1848 37 17 Wan_Yai 0 472 1848
367 1950 41 17 Wanon_Niwat 0 367 1950
705 1616 27 30 Chaloem_Phra_Kiat 0 705 1616
241 1899 49 22 Nong_Wua_So 0 241 1899
800 1562 33 25 Na_Di 0 800 1562
594 1017 46 19 Khanom 0 594 1017
598 991 31 26 Sichon 0 598 991
647 1772 35 29 Bang_Mun_Nak 0 647 1772
715 1746 45 30 Bueng_Sam_Phan 0 715 1746
399 1986 50 29 Bueng_Khong_Long 0 399 1986
740 756 36 25 Nong_Chik 0 740 756
701 1532 38 18 Nong_Chok 0 701 1532
638 788 49 17 Rattaphum 0 638 788
376 1693 26 26 Rattanaburi 0 376 1693
610 1572 46 22 Song_Phi_Nong 0 610 1572
645 1967 49 15 Tha_Pla 0 645 1967
620 2195 50 30 Phaya_Mengrai 0 620 2195
664 1607 31 15 Maha_Rat 0 664 1607
747 736 40 23 Mae_Lan 0 747 736
226 1596 44 28 Soeng_Sang 0 226 1596
763 1511 42 30 Sanam_Chai_Khet 0 763 1511
396 1642 41 24 Prang_Ku 0 396 1642
572 1584 39 22 Huai_Krachao 0 572 1584
407 1670 36 15 Uthumphon_Phisai 0 407 1670
596 1589 28 24 U_Thong 0 596 1589
216 1815 46 22 Ban_Thaen 0 216 1815
582 964 48 25 Nopphitam 0 582 964
649 1632 44 29 Tha_Chang 0 649 1632
521 1024 39 21 Tha_Chang 0 521 1024
518 1058 48 17 Tha_Chana 0 518 1058
666 1523 45 29 Phaya_Thai 0 666 1523
417 1904 25 27 Tha_Song_Yang 0 417 1904
651 1534 28 15 Bang_Yai 0 651 1534
416 1986 25 23 Ban_Phaeng 0 416 1986
606 1547 37 17 Kamphaeng_Saen 0 606 1547
725 1732 49 28 Wichian_Buri 0 725 1732
714 1586 46 28 Wihan_Daeng 0 714 1586
327 1697 46 16 Chumphon_Buri 0 327 1697
764 1469 26 20 Bo_Thong 0 764 1469
505 913 49 21 Khao_Phanom 0 505 913
766 743 50 28 Mayo 0 766 743
414 1803 32 25 Nong_Phok 0 414 1803
720 1768 31 16 Nong_Phai 0 720 1768
442 1635 42 29 Si_Rattana 0 442 1635
236 1784 45 20 Mancha_Khiri 0 236 1784
522 1947 31 22 Thoen 0 522 1947
625 2177 38 15 Thoeng 0 625 2177
604 1918 43 15 Si_Nakhon 0 604 1918
529 1712 39 19 Si_Mueang_Mai 0 529 1712
561 1708 30 28 Lan_Sak 0 561 1708
590 1835 38 30 Lan_Krabue 0 590 1835
325 1813 47 17 Yang_Talat 0 325 1813
675 1613 33 30 Don_Phut 0 675 1613
760 1627 39 26 Pak_Chong 0 760 1627
426 887 42 24 Thalang 0 426 887
670 1587 34 20 Phra_Nakhon_Si_Ayutthaya 0 670 1587
793 721 27 16 Bacho 0 793 721
677 1771 30 16 Dong_Charoen 0 677 1771
692 1517 49 20 Lat_Krabang 0 692 1517
320 2024 49 19 Pak_Khat 0 320 2024
587 1998 41 26 Long 0 587 1998
446 1873 30 28 Na_Kae 0 446 1873
564 1505 46 27 Chom_Bueng 0 564 1505
677 1555 34 30 Khlong_Luang 0 677 1555
296 1993 32 22 Phon_Phisai 0 296 1993
695 1455 45 22 Ko_Si_Chang 0 695 1455
677 1511 30 30 Bang_Na 0 677 1511
295 1595 26 30 Ban_Kruat 0 295 1595
356 1628 50 20 Lamduan 0 356 1628
589 1463 44 20 Khao_Yoi 0 589 1463
403 1846 32 21 Khao_Wong 0 403 1846
193 1812 29 30 Phu_Khiao 0 193 1812
789 741 43 22 Sai_Buri 0 789 741
594 1527 28 16 Ban_Pong 0 594 1527
558 2069 36 29 Chae_Hom 0 558 2069
500 1601 34 22 Nam_Yuen 0 500 1601
527 947 36 26 Phrasaeng 0 527 947
806 657 35 24 Sukhirin 0 806 657
619 2138 29 19 Chun 0 619 2138
397 1695 48 16 Bueng_Bun 0 397 1695
499 892 33 30 Nuea_Khlong 0 499 892
403 1966 46 20 Na_Thom 0 403 1966
643 889 41 26 Hua_Sai 0 643 889
265 1635 43 18 Chamni 0 265 1635
699 1991 37 30 Fak_Tha 0 699 1991
768 716 34 17 Raman 0 768 716
600 1513 39 24 Bang_Phae 0 600 1513
773 1694 42 30 Thepharak 0 773 1694
316 1691 26 19 Satuek 0 316 1691
643 1630 35 28 Sawaeng_Ha 0 643 1630
202 1428 41 25 Pong_Nam_Ron 0 202 1428
497 1021 49 23 Wiphawadi 0 497 1021
442 2138 27 18 Mae_Hi 0 442 2138
623 1616 35 16 Si_Prachan 0 623 1616
363 1994 50 21 Phon_Charoen 0 363 1994
799 708 43 17 Yi-ngo 0 799 708
718 1994 39 24 Ban_Khok 0 718 1994
717 755 42 19 Thepha 0 717 755
819 656 36 22 Waeng 0 819 656
460 1753 36 25 Amnat_Charoen 0 460 1753
747 1502 35 26 Plaeng_Yao 0 747 1502
307 2014 27 30 Rattanawapi 0 307 2014
590 942 28 29 Phrom_Khiri 0 590 942
627 1883 38 19 Phrom_Phiram 0 627 1883
604 836 40 23 Srinagarindra 0 604 836
231 1733 26 25 Bua_Lai 0 231 1733
296 1734 43 19 Yang_Si_Surat 0 296 1734
653 762 31 17 Khlong_Hoi_Khong 0 653 762
506 1665 27 22 Na_Yia 0 506 1665
584 1741 29 15 Lat_Yao 0 584 1741
652 1860 31 16 Wang_Thong 0 652 1860
553 1693 43 26 Khong_Chiam 0 553 1693
687 1550 39 21 Thanyaburi 0 687 1550
221 1661 27 22 Chakkarat 0 221 1661
601 1489 42 24 Bang_Khon_Thi 0 601 1489
794 731 29 24 Mai_Kaen 0 794 731
196 1697 33 30 Kham_Sakae_Saeng 0 196 1697
368 1974 45 15 Kham_Ta_Kla 0 368 1974
817 1656 39 26 Kham_Thale_So 0 817 1656
793 1544 41 18 Kabin_Buri 0 793 1544
674 1832 33 29 Noen_Maprang 0 674 1832
515 1560 29 19 Sai_Yok 0 515 1560
511 1131 31 15 Sawi 0 511 1131
670 1523 26 29 Huai_Khwang 0 670 1523
729 638 37 28 Betong 0 729 638
665 1510 35 19 Phra_Pradaeng 0 665 1510
686 745 49 21 Na_Thawi 0 686 745
234 1625 43 24 Nong_Ki 0 234 1625
776 689 42 27 Si_Sakhon 0 776 689
591 1897 39 28 Si_Samrong 0 591 1897
378 1768 28 23 Thung_Khao_Luang 0 378 1768
348 1659 44 26 Khwao_Sinarin 0 348 1659
383 1684 37 29 Non_Narai 0 383 1684
363 1749 39 28 Mueang_Suang 0 363 1749
515 877 26 29 Khlong_Thom 0 515 877
435 1687 26 22 Yang_Chum_Noi 0 435 1687
348 1600 28 16 Kap_Choeng 0 348 1600
179 1629 42 17 Pak_Thong_Chai 0 179 1629
590 1478 38 15 Pak_Tho 0 590 1478
206 1660 35 25 Chaloem_Phra_Kiat 0 206 1660
818 673 48 26 Su-ngai_Padi 0 818 673
737 1868 43 28 Lom_Kao 0 737 1868
581 1937 33 27 Si_Satchanalai 0 581 1937
609 1074 26 15 Ko_Pha-Ngan 0 609 1074
387 1986 41 21 Sop_Moei 0 387 1986
377 1918 29 24 Phanna_Nikhom 0 377 1918
569 861 36 29 Huai_Yot 0 569 861
672 1534 41 21 Bang_Khen 0 672 1534
250 1767 36 23 Non_Sila 0 250 1767
610 1952 27 26 Lap_Lae 0 610 1952
262 1619 28 25 Nang_Rong 0 262 1619
645 1515 27 29 Nong_Khaem 0 645 1515
555 1583 34 17 Bo_Phloi 0 555 1583
780 725 35 30 Kapho 0 780 725
684 1624 38 16 Nong_Don 0 684 1624
466 1984 38 22 Doi_Tao 0 466 1984
357 2030 47 17 Bueng_Kan 0 357 2030
621 1709 30 16 Phayuha_Khiri 0 621 1709
632 923 39 30 Pak_Phanang 0 632 923
186 1417 40 24 Khao_Khitchakut 0 186 1417
195 1478 32 25 Wang_Sombun 0 195 1478
197 1453 29 18 Soi_Dao 0 197 1453
592 1775 35 18 Khanu_Woralaksaburi 0 592 1775
628 1526 47 26 Nakhon_Chai_Si 0 628 1526
434 1750 28 28 Pa_Tio 0 434 1750
525 1997 43 22 Soem_Ngam 0 525 1997
476 1659 27 17 Samrong 0 476 1659
224 1978 41 18 Pho_Tak 0 224 1978
189 1917 26 17 Na_Wang 0 189 1917
221 1779 47 15 Khok_Pho_Chai 0 221 1779
178 1722 43 28 Noen_Sa-nga 0 178 1722
651 1584 42 21 Sena 0 651 1584
464 1773 49 19 Senangkhanikhom 0 464 1773
386 1772 28 28 Selaphum 0 386 1772
190 1831 25 17 Chum_Phae 0 190 1831
740 1434 32 26 Pluak_Daeng 0 740 1434
528 1843 29 17 Wang_Chao 0 528 1843
563 1978 28 30 Wang_Chin 0 563 1978
487 984 43 30 Ban_Takhun 0 487 984
370 1833 29 15 Na_Mon 0 370 1833
678 1960 45 23 Nam_Pat 0 678 1960
784 1855 48 16 Nam_Nao 0 784 1855
271 1847 38 17 Nam_Phong 0 271 1847
664 1555 27 21 Sam_Khok 0 664 1555
631 1615 32 15 Sam_Ko 0 631 1615
640 1757 45 23 Chumsaeng 0 640 1757
622 1827 44 21 Wachira_Barami 0 622 1827
695 1891 34 26 Nakhon_Thai 0 695 1891
696 1682 26 25 Sa_Bot 0 696 1682
644 1613 39 21 Wiset_Chaichan 0 644 1613
647 1598 38 23 Phak_Hai 0 647 1598
660 1517 48 19 Thon_Buri 0 660 1517
221 1366 30 22 Khao_Saming 0 221 1366
244 1987 49 29 Si_Chiang_Mai 0 244 1987
199 1859 48 26 Si_Chomphu 0 199 1859
475 1082 28 18 Phato 0 475 1082
216 1346 29 22 Laem_Ngop 0 216 1346
490 1628 49 21 Thung_Si_Udom 0 490 1628
666 1514 37 18 Yan_Nawa 0 666 1514
441 2140 34 17 Pai 0 441 2140
646 2241 42 24 Chiang_Khong 0 646 2241
695 2134 43 27 Chiang_Klang 0 695 2134
587 2201 34 21 Chiang_Rai 0 587 2201
642 1526 37 28 Salaya 0 642 1526
350 1671 31 16 Chom_Phra 0 350 1671
360 1819 36 16 Don_Chan 0 360 1819
690 2115 39 18 Tha_Wang_Pha 0 690 2115
365 1773 39 22 Thawat_Buri 0 365 1773
242 1750 26 23 Phon 0 242 1750
509 1685 35 18 Sawang_Wirawong 0 509 1685
541 2011 29 24 Ko_Kha 0 541 2011
544 1531 38 30 Dan_Makham_Tia 0 544 1531
561 1880 37 19 Ban_Dan_Lan_Hoi 0 561 1880
434 1648 26 26 Phayu 0 434 1648
659 1526 42 29 Bang_Kruai 0 659 1526
638 1833 41 26 Bang_Krathum 0 638 1833
618 1933 33 24 Tron 0 618 1933
396 1853 34 16 Na_Khu 0 396 1853
662 1521 39 18 Bangkok 0 662 1521
655 1516 25 15 Phasi_Charoen 0 655 1516
328 1619 38 17 Prasat 0 328 1619
255 1718 45 18 Prathai 0 255 1718
535 1976 44 29 Sop_Prap 0 535 1976
335 1999 34 30 So_Phisai 0 335 1999
232 1957 47 18 Ban_Phue 0 232 1957
267 1722 45 22 Ban_Mai_Chaiyaphot 0 267 1722
194 1630 42 17 Chok_Chai 0 194 1630
645 811 28 21 Pak_Phayun 0 645 811
744 1566 29 21 Pak_Phli 0 744 1566
624 2042 37 30 Song 0 624 2042
418 928 31 17 Thai_Mueang 0 418 928
568 2020 39 27 Mae_Mo 0 568 2020
385 2034 36 22 Mae_La_Noi 0 385 2034
804 1895 42 25 Nong_Hin 0 804 1895
315 1957 41 21 Ban_Dung 0 315 1957
567 1271 40 23 Thap_Sakae 0 567 1271
595 1709 31 28 Thap_Than 0 595 1709
644 1687 37 27 Takhli 0 644 1687
575 1455 29 25 Nong_Ya_Plong 0 575 1455
288 1907 31 30 Ban_Na_Muang 0 288 1907
210 1521 50 30 Watthana_Nakhon 0 210 1521
611 1687 45 23 Wat_Sing 0 611 1687
673 1515 41 22 Phra_Khanong 0 673 1515
431 1630 32 26 Phrai_Bueng 0 431 1630
662 1525 25 26 Bang_Phlat 0 662 1525
624 1591 46 26 Bang_Pla_Ma 0 624 1591
687 1530 30 28 Khlong_Sam_Wa 0 687 1530
318 1842 43 20 Nong_Kung_Si 0 318 1842
768 732 42 28 Thung_Yang_Daeng 0 768 732
613 2242 50 17 Chiang_Saen 0 613 2242
631 2193 32 30 Khun_Tan 0 631 2193
638 2167 27 28 Phu_Sang 0 638 2167
783 1896 32 24 Phu_Luang 0 783 1896
460 1629 27 27 Thong_Pha_Phum 0 460 1629
645 859 34 22 Ranot 0 645 859
759 1536 30 27 Si_Mahosot 0 759 1536
521 1037 34 24 Chaiya 0 521 1037
312 1912 37 16 Chaiwan 0 312 1912
426 874 37 25 Kathu 0 426 874
625 824 25 23 Khao_Chaison 0 625 824
174 1397 40 24 Tha_Mai 0 174 1397
656 1635 50 29 Phrom_Buri 0 656 1635
428 1916 48 25 Kusuman 0 428 1916
542 1680 32 19 Sirindhorn 0 542 1680
299 1695 34 20 Khaen_Dong 0 299 1695
210 1846 50 21 Wiang_Kao 0 210 1846
243 1975 48 26 Tha_Bo 0 243 1975
368 1805 36 19 Pho_Chai 0 368 1805
806 1414 49 18 Na_Yai_Am 0 806 1414
318 1805 36 30 Kantharawichai 0 318 1805
473 2036 26 15 Wiang_Nong_Long 0 473 2036
604 1789 26 21 Bueng_Samakkhi 0 604 1789
573 2188 32 15 Mae_Lao 0 573 2188
738 1518 36 29 Bang_Khla 0 738 1518
725 1504 35 26 Ban_Pho 0 725 1504
438 1832 25 26 Khamcha-i 0 438 1832
336 1932 31 21 Sawang_Daen_Din 0 336 1932
588 1914 46 25 Sawankhalok 0 588 1914
582 1539 43 24 Tha_Maka 0 582 1539
508 1647 26 20 Det_Udom 0 508 1647
611 1988 33 30 Den_Chai 0 611 1988
512 1614 46 25 Si_Sawat 0 512 1614
400 1710 46 29 Sila_Lat 0 400 1710
400 1683 26 19 Pho_Si_Suwan 0 400 1683
599 1698 25 27 Nong_Kha_Yang 0 599 1698
691 1807 30 15 Wang_Pong 0 691 1807
575 792 32 19 Palian 0 575 792
247 1659 44 27 Huai_Thalaeng 0 247 1659
387 2082 43 22 Khun_Yuam 0 387 2082
526 2076 32 18 Mae_On 0 526 2076
512 2060 50 26 Ban_Thi 0 512 2060
601 866 46 30 Pa_Phayom 0 601 866
601 773 37 28 Manang 0 601 773
660 1589 27 29 Bang_Ban 0 660 1589
698 1501 29 19 Bang_Bo 0 698 1501
726 1489 43 17 Phan_Thong 0 726 1489
366 1787 39 28 Chiang_Khwan 0 366 1787
508 1884 32 29 Ban_Tak 0 508 1884
657 1523 35 21 Taling_Chan 0 657 1523
508 1099 25 25 Lang_Suan 0 508 1099
606 1459 27 27 Ban_Laem 0 606 1459
721 1531 34 18 Bang_Nam_Priao 0 721 1531
741 682 49 16 Than_To 0 741 682
595 1434 43 29 Tha_Yang 0 595 1434
661 1637 31 19 Tha_Wung 0 661 1637
278 1957 30 17 Phen 0 278 1957
491 1704 27 15 Lao_Suea_Kok 0 491 1704
298 1920 50 21 Nong_Han 0 298 1920
814 1915 46 30 Erawan 0 814 1915
211 1339 30 28 Ko_Chang 0 211 1339
322 1729 40 19 Pathum_Rat 0 322 1729
534 1183 49 22 Pathio 0 534 1183
257 1583 29 20 Non_Din_Daeng 0 257 1583
232 1289 27 28 Ko_Kut 0 232 1289
240 1866 50 17 Non_Sang 0 240 1866
275 1878 27 29 Non_Sa-at 0 275 1878
470 1649 47 20 Non_Kho 0 470 1649
205 1680 38 25 Non_Sung 0 205 1680
512 1928 46 20 Mae_Phrik 0 512 1928
458 2011 32 25 Hot 0 458 2011
201 1967 26 15 Nam_Som 0 201 1967
617 1631 46 23 Sam_Chuk 0 617 1631
641 1932 50 15 Thong_Saen_Khan 0 641 1932
652 1514 43 17 Bang_Khae 0 652 1514
257 1776 27 24 Ban_Phai 0 257 1776
597 2198 27 27 Wiang_Chai 0 597 2198
634 1779 44 17 Pho_Thale 0 634 1779
591 1513 39 25 Photharam 0 591 1513
641 1646 38 15 Bang_Racham 0 641 1646
619 1853 43 17 Bang_Rakam 0 619 1853
597 853 36 23 Si_Banphot 0 597 853
616 1692 42 28 Manorom 0 616 1692
469 926 40 30 Ao_Luek 0 469 926
603 1494 50 16 Damnoen_Saduak 0 603 1494
344 1864 44 21 Samran 0 344 1864
671 769 47 15 Na_Mom 0 671 769
781 1980 28 19 Chiang_Khan 0 781 1980
636 2159 46 24 Chiang_Kham 0 636 2159
496 2141 34 16 Chiang_Dao 0 496 2141
673 1526 28 30 Lat_Phrao 0 673 1526
502 1906 28 20 Sam_Ngao 0 502 1906
285 1689 28 16 Khu_Mueang 0 285 1689
465 2036 39 29 Chom_Thong 0 465 2036
736 1487 27 17 Phanat_Nikhom 0 736 1487
357 1694 42 20 Tha_Tum 0 357 1694
469 1872 40 19 That_Phanom 0 469 1872
457 1943 27 15 Tha_Uthen 0 457 1943
527 1749 32 27 Pho_Sai 0 527 1749
636 1803 50 28 Pho_Prathap_Chang 0 636 1803
466 1811 35 22 Phop_Phra 0 466 1811
370 1652 40 19 Si_Khoraphum 0 370 1652
793 1648 50 29 Sikhio 0 793 1648
504 846 36 23 Ko_Lanta 0 504 846
678 1518 39 21 Suan_Luang 0 678 1518
665 1516 40 29 Sathon 0 665 1516
616 1543 47 21 Don_Tum 0 616 1543
480 2026 41 21 Ban_Hong 0 480 2026
404 1933 35 19 Na_Wa 0 404 1933
723 1577 44 29 Ban_Na 0 723 1577
618 1640 34 19 Doembang_Nangbuat 0 618 1640
514 2086 30 30 Doi_Saket 0 514 2086
195 1402 36 24 Makham 0 195 1402
671 1518 35 22 Watthana 0 671 1518
707 1435 46 17 Bang_Lamung 0 707 1435
398 1829 41 24 Kuchinarai 0 398 1829
669 1754 49 28 Nong_Bua 0 669 1754
604 1415 44 26 Cha-am 0 604 1415
447 1650 42 23 Nam_Kliang 0 447 1650
693 1628 36 28 Phra_Phutthabat 0 693 1628
518 1178 29 19 Tha_Sae 0 518 1178
376 1618 37 21 Sangkha 0 376 1618
441 1675 41 23 Sangkhla_Buri 0 441 1675
211 1999 36 19 Sangkhom 0 211 1999
297 1972 41 17 Sang_Khom 0 297 1972
207 1488 46 26 Khlong_Hat 0 207 1488
667 1522 48 19 Din_Daeng 0 667 1522
485 1770 38 29 Umphang 0 485 1770
311 1834 38 22 Huai_Mek 0 311 1834
622 811 45 22 Tamot 0 622 811
733 1525 36 26 Khlong_Khuean 0 733 1525
602 958 27 23 Tha_Sala 0 602 958
174 692 34 15 Tak_Bai 0 174 692
739 1419 34 15 Nikhom_Phattana 0 739 1419
681 1529 31 16 Khan_Na_Yao 0 681 1529
226 1825 34 26 Nong_Ruea 0 226 1825
263 1899 26 28 Nong_Saeng 0 263 1899
692 1602 38 20 Nong_Saeng 0 692 1602
659 1619 33 17 Chaiyo 0 659 1619
718 2166 28 15 Chaloem_Phra_Kiat 0 718 2166
629 803 32 26 Pa_Bon 0 629 803
685 1666 31 28 Khok_Samrong 0 685 1666
422 1884 25 16 Khok_Si_Suphan 0 422 1884
614 1720 42 19 Krok_Phra 0 614 1720
761 759 44 15 Yaring 0 761 759
303 1671 43 25 Ban_Dan 0 303 1671
752 1484 31 18 Ko_Chan 0 752 1484
736 1621 25 24 Muak_Lek 0 736 1621
750 1931 25 26 Phu_Ruea 0 750 1931
725 1667 40 16 Tha_Luang 0 725 1667
