29
604 4074 57 50 Tunis 0 604 4074
661 3845 83 108 Sfax 0 661 3845
644 3969 126 137 Hammam_Sousse 0 644 3969
601 3749 137 89 Gabès 0 601 3749
696 3709 83 100 Zarzis 0 696 3709
599 3948 146 81 Kairouan 0 599 3948
577 4125 98 97 Bizerte 0 577 4125
480 3809 111 52 Gafsa 0 480 3809
655 4035 56 124 Nabeul 0 655 4035
606 4080 101 80 Ariana 0 606 4080
485 3891 125 78 Kasserine 0 485 3891
661 3951 73 53 Mnara 0 661 3951
635 3644 62 108 Tataouine 0 635 3644
516 4064 117 94 Béja 0 516 4064
480 4039 97 101 Jendouba 0 480 4039
473 4003 145 75 El_Kef 0 473 4003
687 3930 102 59 Mahdia 0 687 3930
544 3877 75 108 Sidi_Bouzid 0 544 3877
419 3753 92 141 Tozeur 0 419 3753
533 3993 82 74 Siliana 0 533 3993
497 3729 76 104 Kebili 0 497 3729
707 3668 109 116 Ben_Gardane 0 707 3668
602 4029 149 73 Zaghouan 0 602 4029
660 3542 147 87 Dehiba 0 660 3542
647 3965 88 55 Sousse 0 647 3965
608 4068 77 94 Ben_Arous 0 608 4068
640 3691 76 144 Medenine 0 640 3691
597 4074 124 55 Manouba 0 597 4074
665 3961 58 81 Monastir 0 665 3961
