1620
664 4541 95 71 Istanbul 0 664 4541
486 4417 137 104 Ankara 0 486 4417
512 4251 113 55 İzmir 0 512 4251
675 4451 123 113 Bursa 0 675 4451
707 4097 105 66 Adana 0 707 4097
356 4102 74 102 Gaziantep 0 356 4102
454 4191 127 128 Konya 0 454 4191
668 4087 97 97 Tarsus 0 668 4087
294 4087 130 120 Antalya 0 294 4087
561 4539 72 51 Trabzon 0 561 4539
606 4196 109 67 Diyarbakır 0 606 4196
276 4574 73 129 Samsun 0 276 4574
716 4289 120 118 Kayseri 0 716 4289
287 4405 108 73 Eskişehir 0 287 4405
746 4516 60 102 Kocaeli 0 746 4516
440 4244 78 142 Malatya 0 440 4244
481 4113 72 95 Şanlıurfa 0 481 4113
694 4420 139 96 Erzurum 0 694 4420
316 4161 99 122 Kahramanmaraş 0 316 4161
683 4182 119 108 Denizli 0 683 4182
359 4261 136 135 Van 0 359 4261
244 4010 116 147 Hatay 0 244 4010
687 4195 110 99 Batman 0 687 4195
247 4052 74 146 İskenderun 0 247 4052
280 4517 143 87 Sakarya 0 280 4517
627 4542 123 101 Rize 0 627 4542
519 4280 97 99 Elazığ 0 519 4280
330 4401 76 90 Sivas 0 330 4401
576 4389 88 90 Balıkesir 0 576 4389
537 4273 63 114 Manisa 0 537 4273
436 4179 126 73 Adıyaman 0 436 4179
543 4410 75 139 Kırıkkale 0 543 4410
573 4188 50 106 Aydın 0 573 4188
756 4368 92 74 Kütahya 0 756 4368
665 4490 83 113 Çorum 0 665 4490
284 4182 143 128 Isparta 0 284 4182
399 4589 62 119 Zonguldak 0 399 4589
405 4536 111 53 Ordu 0 405 4536
709 4283 118 78 Uşak 0 709 4283
695 4103 64 83 Nusaybin 0 695 4103
292 4465 82 68 Tokat 0 292 4465
541 4398 125 121 Erzincan 0 541 4398
468 4561 144 102 Karabük 0 468 4561
463 4613 78 144 Edirne 0 463 4613
542 4536 116 110 Tekirdağ 0 542 4536
519 4114 141 70 Karaman 0 519 4114
448 4529 139 76 Giresun 0 448 4529
742 4605 110 147 Bafra 0 742 4605
382 4510 141 125 Bolu 0 382 4510
600 4333 64 84 Kırşehir 0 600 4333
767 3996 148 107 Samandağ 0 767 3996
426 4381 99 148 Polatlı 0 426 4381
592 4152 56 117 Ereğli 0 592 4152
647 4203 101 140 Niğde 0 647 4203
530 4583 105 119 Lüleburgaz 0 530 4583
654 4409 114 131 Yozgat 0 654 4409
332 4397 91 105 Ağrı 0 332 4397
449 4445 91 150 Çanakkale 0 449 4445
739 4504 116 94 Amasya 0 739 4504
715 4289 121 91 Muş 0 715 4289
331 4065 119 149 Kilis 0 331 4065
629 4305 57 149 Bingöl 0 629 4305
388 4159 150 66 Hakkari 0 388 4159
338 4495 123 65 Kars 0 338 4495
535 4177 138 71 Söke 0 535 4177
649 4276 80 144 Nevşehir 0 649 4276
264 4266 62 72 Eskitatvan 0 264 4266
552 4494 133 142 Çankırı 0 552 4494
654 4131 97 118 Mardin 0 654 4131
564 4581 149 91 Kastamonu 0 564 4581
261 4178 131 76 Burdur 0 261 4178
247 4254 92 100 Bitlis 0 247 4254
518 4620 114 116 Kırklareli 0 518 4620
621 4119 134 79 Muğla 0 621 4119
753 4447 92 93 Bilecik 0 753 4447
679 4655 85 56 Sinop 0 679 4655
539 4478 107 57 Gümüşhane 0 539 4478
546 4327 72 81 Tunceli 0 546 4327
275 4124 59 121 Silopi 0 275 4124
675 4222 140 88 Silvan 0 675 4222
449 4197 85 85 Sille 0 449 4197
398 4487 124 128 Yeşilce 0 398 4487
502 4454 80 71 Çubuk 0 502 4454
398 4157 132 138 Çakırhüyük 0 398 4157
497 3995 146 50 Bozyazı 0 497 3995
368 4139 112 95 Derebucak 0 368 4139
745 4465 117 78 Zile 0 745 4465
466 4377 121 52 Küçükkuyu 0 466 4377
543 4509 81 137 Korgun 0 543 4509
360 4520 87 125 Korgan 0 360 4520
308 4494 83 105 Gökçeli 0 308 4494
656 4455 124 59 Görükle 0 656 4455
422 4508 95 100 Enez 0 422 4508
472 4404 123 107 Gümüşakar 0 472 4404
523 4459 63 63 Gümüşçay 0 523 4459
716 4498 120 97 Yalakdere 0 716 4498
276 4050 86 51 Yalangöz 0 276 4050
275 4064 55 137 Aktepe 0 275 4064
260 4550 123 118 Kandıra 0 260 4550
361 4343 87 108 Kangal 0 361 4343
262 4432 87 55 Yeşilyurt 0 262 4432
384 4143 144 90 Araban 0 384 4143
527 4565 71 134 Araç 0 527 4565
692 4580 136 64 Arhavi 0 692 4580
387 4239 99 132 Argıthanı 0 387 4239
436 4291 108 76 Arguvan 0 436 4291
458 4242 58 122 Çolaklı 0 458 4242
405 4333 78 127 Çaldıran 0 405 4333
510 4378 84 142 Bala 0 510 4378
613 4117 95 111 Yeşilyurt 0 613 4117
506 4353 130 143 Yeşilyazı 0 506 4353
434 4238 82 60 Yeşilyurt 0 434 4238
645 4244 99 115 Yeşilyurt 0 645 4244
569 4130 74 133 Milas 0 569 4130
295 4466 141 91 Sarıkamış 0 295 4466
557 4048 80 82 Sarıkavak 0 557 4048
648 4233 78 109 Sarıgöl 0 648 4233
647 4489 149 144 Seydim 0 647 4489
460 4532 63 125 Eskipazar 0 460 4532
535 4021 113 92 Gülnar 0 535 4021
706 4143 148 130 Midyat 0 706 4143
308 4193 75 64 Süleymanlı 0 308 4193
403 4593 95 82 Kilimli 0 403 4593
475 4124 110 127 Güneysınır 0 475 4124
669 4199 149 123 Sarayköy 0 669 4199
715 4396 56 124 Saraykent 0 715 4396
654 4576 122 92 Saraydüzü 0 654 4576
567 4140 142 71 Demirci 0 567 4140
502 4239 91 99 Doğanyol 0 502 4239
720 4497 118 145 Doğantepe 0 720 4497
319 4578 72 134 Damal 0 319 4578
416 4471 138 121 Ortakent 0 416 4471
691 4460 117 122 Ortaköy 0 691 4460
656 4075 124 81 Kazanlı 0 656 4075
635 4067 116 137 Mezitli 0 635 4067
721 4244 50 80 Karahallı 0 721 4244
285 4262 137 89 Reşadiye 0 285 4262
491 4431 97 62 Pursaklar 0 491 4431
675 4556 82 120 Beykoz 0 675 4556
441 4474 80 148 Peçenek 0 441 4474
454 4086 127 64 Taşkent 0 454 4086
501 4382 85 87 Kemah 0 501 4382
632 4276 146 70 Yayla 0 632 4276
431 4158 101 107 Akpınar 0 431 4158
448 4621 130 136 Amasra 0 448 4621
278 4568 112 122 Şavşat 0 278 4568
466 4406 138 131 Bayramiç 0 466 4406
301 4407 115 145 Eleşkirt 0 301 4407
572 4407 124 61 Şamlı 0 572 4407
504 4148 127 131 Gölcük 0 504 4148
288 4535 115 136 Ferizli 0 288 4535
566 4414 137 67 Ilıca 0 566 4414
678 4423 128 98 Ilıca 0 678 4423
591 4409 89 70 Ömerköy 0 591 4409
490 4054 130 78 Ermenek 0 490 4054
546 4561 119 98 İhsangazi 0 546 4561
480 4158 70 102 Çumra 0 480 4158
534 4524 93 116 Düzköy 0 534 4524
732 4284 74 100 Hasköy 0 732 4284
322 4539 59 127 Hasköy 0 322 4539
466 4182 128 53 Kâhta 0 466 4182
343 4529 74 54 Konuralp 0 343 4529
549 4264 74 120 Karaoğlanlı 0 549 4264
735 4200 129 89 Kurtalan 0 735 4200
307 4221 104 95 Bahçesaray 0 307 4221
257 4494 118 65 Ezinepazarı 0 257 4494
528 3999 136 62 Aydıncık 0 528 3999
435 4371 50 145 Gedikbaşı 0 435 4371
534 4158 116 115 Şekerli 0 534 4158
603 4333 77 68 Çan 0 603 4333
504 4431 94 120 Çan 0 504 4431
532 4548 102 110 Çarşıbaşı 0 532 4548
308 4563 128 52 Çarşamba 0 308 4563
725 4460 108 141 Yenişehir 0 725 4460
291 4163 124 128 Yenicekale 0 291 4163
671 4559 129 119 Sarıyer 0 671 4559
264 4329 115 60 Bulanık 0 264 4329
474 4432 107 101 Kirazlı 0 474 4432
722 4548 56 130 Teke 0 722 4548
727 4309 81 145 Güneşli 0 727 4309
559 4106 130 66 Karaova 0 559 4106
353 4526 74 109 Kumru 0 353 4526
468 4615 70 116 Arıt 0 468 4615
466 4053 55 122 Göktepe 0 466 4053
637 4142 55 83 Göktepe 0 637 4142
604 4288 115 121 Gökdere 0 604 4288
567 4472 148 99 Erdek 0 567 4472
694 4444 50 121 Aydıncık 0 694 4444
358 4514 54 104 Kaynaşlı 0 358 4514
274 4110 125 55 Kaypak 0 274 4110
605 4196 98 59 Bağlar 0 605 4196
591 4341 77 82 Yayladere 0 591 4341
655 4232 125 139 Gölcük 0 655 4232
682 4246 129 92 Yeşilhisar 0 682 4246
342 4087 50 72 Taşağıl 0 342 4087
631 4156 93 79 Ulukışla 0 631 4156
413 4211 100 60 Başkale 0 413 4211
745 4054 121 90 Akçay 0 745 4054
412 4527 101 127 Gökçesu 0 412 4527
283 4219 127 69 Akşar 0 283 4219
460 4118 142 130 Belören 0 460 4118
278 4505 128 116 Esençay 0 278 4505
263 4263 125 56 Tatvan 0 263 4263
624 4510 106 72 İskilip 0 624 4510
251 4551 66 62 Kavak 0 251 4551
443 4429 57 143 İntepe 0 443 4429
271 4519 125 133 Kazımpaşa 0 271 4519
444 4397 119 116 Temelli 0 444 4397
410 4044 104 140 Alanya 0 410 4044
725 4594 98 143 Muratlı 0 725 4594
631 4267 95 129 Acıgöl 0 631 4267
584 4189 60 107 Umurlu 0 584 4189
295 4384 93 84 Bedirli 0 295 4384
505 4191 95 83 Bucak 0 505 4191
381 4543 117 73 Bolaman 0 381 4543
730 4478 97 66 İznik 0 730 4478
462 4128 91 100 Şemdinli 0 462 4128
332 4517 105 99 Akkuş 0 332 4517
286 4100 101 83 Döşemealtı 0 286 4100
576 4508 132 144 Dağbaşı 0 576 4508
278 4119 102 87 Dağ 0 278 4119
674 4262 107 119 Kulp 0 674 4262
383 4504 101 133 Gölköy 0 383 4504
507 4344 70 109 Kozak 0 507 4344
587 4540 65 115 Tosya 0 587 4540
358 4472 69 110 Reşadiye 0 358 4472
695 4519 134 132 Alıcık 0 695 4519
247 4467 59 77 Kışlaköy 0 247 4467
588 4311 129 150 Karakoçan 0 588 4311
749 4570 89 123 Ortaköy 0 749 4570
326 4373 149 77 Mahmudiye 0 326 4373
367 4092 65 147 Oğuzeli 0 367 4092
490 4372 84 136 Oğuz 0 490 4372
654 4234 128 118 Hazro 0 654 4234
592 4234 128 62 Birgi 0 592 4234
759 4033 128 89 Arsuz 0 759 4033
706 4557 140 125 Vezirköprü 0 706 4557
301 4368 147 109 Seyitgazi 0 301 4368
641 4176 56 75 Karacasu 0 641 4176
300 4566 144 123 Dikbıyık 0 300 4566
413 4575 62 124 Beycuma 0 413 4575
409 4206 74 65 Sürgü 0 409 4206
455 4482 127 70 Çamlıdere 0 455 4482
668 4545 122 148 Çamlıhemşin 0 668 4545
579 4303 111 86 Ağaçören 0 579 4303
425 4511 68 143 Kovanlık 0 425 4511
563 4630 123 53 Demirköy 0 563 4630
410 4076 104 125 Karkamış 0 410 4076
688 4452 138 129 Kestel 0 688 4452
381 4515 119 126 Gürgentepe 0 381 4515
699 4572 95 81 Ortacalar 0 699 4572
422 4532 87 64 Mengen 0 422 4532
540 4563 118 60 Akkaya 0 540 4563
594 4444 72 148 Aksakal 0 594 4444
696 4348 83 83 Çaylar 0 696 4348
511 4252 53 130 Konak 0 511 4252
279 4514 73 131 Erenler 0 279 4514
739 4115 61 119 Çavdır 0 739 4115
249 4327 89 51 Altıntaş 0 249 4327
507 4139 113 129 Kabahaydar 0 507 4139
442 4303 142 87 Sülüklü 0 442 4303
711 4338 85 90 Varto 0 711 4338
392 4315 140 138 Muradiye 0 392 4315
529 4279 73 74 Muradiye 0 529 4279
671 4328 81 78 Simav 0 671 4328
756 4189 58 135 Feke 0 756 4189
661 4404 129 113 Büyükorhan 0 661 4404
554 4413 107 58 Danişment 0 554 4413
736 4562 91 108 Artvin 0 736 4562
577 4064 58 72 Kırobası 0 577 4064
496 4159 150 68 Hilvan 0 496 4159
327 4385 125 140 Hamur 0 327 4385
699 4181 133 56 Honaz 0 699 4181
761 4155 106 133 Fındık 0 761 4155
262 4202 66 104 Keçiborlu 0 262 4202
697 4257 86 105 Akçasır 0 697 4257
467 4263 150 63 Mordoğan 0 467 4263
538 4371 115 111 Kayapa 0 538 4371
306 4552 101 143 Karasu 0 306 4552
635 4557 100 105 Hadımköy 0 635 4557
606 4500 87 91 Bayat 0 606 4500
726 4425 90 146 Tahtaköprü 0 726 4425
356 4131 101 144 Çığlı 0 356 4131
607 4196 76 133 Sur 0 607 4196
611 4310 68 54 Gördes 0 611 4310
276 4436 107 77 İnhisar 0 276 4436
475 4057 81 92 Tepebaşı 0 475 4057
242 4140 73 123 Kadirli 0 242 4140
645 4189 75 97 Bismil 0 645 4189
338 4097 119 100 Burç 0 338 4097
704 4374 137 71 Sarıkaya 0 704 4374
394 4440 101 141 Şerefiye 0 394 4440
384 4222 57 79 Doğanhisar 0 384 4222
239 4216 59 69 Şirvan 0 239 4216
419 4135 137 131 Dağlıca 0 419 4135
371 4145 59 102 Gencek 0 371 4145
525 4176 120 117 Davutlar 0 525 4176
587 4423 51 79 Delice 0 587 4423
587 4531 123 116 Araklı 0 587 4531
714 4475 76 71 Göynücek 0 714 4475
692 4224 71 93 Çatakköprü 0 692 4224
288 4214 65 79 Sağınlı 0 288 4214
581 4263 90 60 Ahmetli 0 581 4263
574 4225 60 105 Ahmetli 0 574 4225
525 4472 73 136 Karabiga 0 525 4472
408 4446 71 79 Beypazarı 0 408 4446
618 4363 80 91 Yağcılar 0 618 4363
500 4129 109 73 Kabahaydar 0 500 4129
472 4347 111 82 Yenice 0 472 4347
601 4344 81 140 Sındırgı 0 601 4344
303 4372 84 65 Kayadibi 0 303 4372
451 4459 51 75 Şebin_Karahisar 0 451 4459
475 4309 66 150 Ağın 0 475 4309
711 4299 82 63 Erkilet 0 711 4299
692 4424 84 66 Dadaşköy 0 692 4424
639 4116 69 85 Kızıltepe 0 639 4116
518 4406 106 74 Kalkım 0 518 4406
466 4434 144 126 Gölova 0 466 4434
746 4505 140 122 Bahçecik 0 746 4505
246 4471 143 134 Osmaneli 0 246 4471
458 4135 110 55 Bozova 0 458 4135
651 4537 90 133 Osmancık 0 651 4537
702 4500 128 107 Kılıç 0 702 4500
259 4122 149 100 Bozova 0 259 4122
601 4596 80 119 Taşköprü 0 601 4596
396 4496 67 136 Topçam 0 396 4496
418 4155 117 120 Kızılin 0 418 4155
731 4359 53 86 Hınıs 0 731 4359
251 4180 108 136 Eruh 0 251 4180
687 4408 142 83 Sorgun 0 687 4408
460 4236 100 128 Uzunkuyu 0 460 4236
758 4284 59 91 Elbaşı 0 758 4284
512 4218 138 87 Değirmendere 0 512 4218
690 4420 89 73 Keles 0 690 4420
520 4283 119 102 Harput 0 520 4283
502 4079 82 94 Harran 0 502 4079
704 4124 134 60 Kelekçi 0 704 4124
325 4404 119 51 Alpu 0 325 4404
515 4384 150 94 Alpköy 0 515 4384
430 4336 131 65 Danişment 0 430 4336
466 4413 115 75 Yiğitler 0 466 4413
589 4218 79 96 Ovakent 0 589 4218
479 4588 98 70 Ovacuma 0 479 4588
638 4187 86 135 Kemerhisar 0 638 4187
420 4409 80 109 Bozcaada 0 420 4409
558 4577 88 139 Beyazköy 0 558 4577
614 4269 128 75 Servi 0 614 4269
494 4309 128 102 Çandarlı 0 494 4309
660 4558 66 59 Kemerburgaz 0 660 4558
511 4320 64 53 Çağlarca 0 511 4320
587 4374 70 124 Çağış 0 587 4374
540 4302 119 148 Pınarlar 0 540 4302
482 4582 126 102 Kırcasalih 0 482 4582
435 4532 78 112 Bulancak 0 435 4532
506 4313 79 67 Zeytindağ 0 506 4313
323 4243 129 126 Kumdanlı 0 323 4243
504 4268 132 78 Hankendi 0 504 4268
315 4336 120 114 Han 0 315 4336
402 4184 82 69 Doğanbey 0 402 4184
554 4386 139 140 Gökçeyazı 0 554 4386
668 4482 109 88 İspir 0 668 4482
376 4329 90 104 Alacahan 0 376 4329
296 4448 136 61 Karakurt 0 296 4448
308 4378 110 150 Tutak 0 308 4378
404 4183 59 65 Tut 0 404 4183
443 4561 148 86 Yenice 0 443 4561
483 4526 136 54 Güce 0 483 4526
507 4450 100 110 Bakacak 0 507 4450
512 4273 59 124 Emiralem 0 512 4273
246 4421 100 95 Bozüyük 0 246 4421
432 4406 95 71 Geyikli 0 432 4406
724 4538 119 130 Havza 0 724 4538
399 4122 95 69 Halfeti 0 399 4122
544 4193 115 86 Ortaklar 0 544 4193
356 4104 75 77 Şehitkamil 0 356 4104
352 4101 105 66 Şahinbey 0 352 4101
507 4457 58 109 Gündoğdu 0 507 4457
665 4143 65 117 Pozantı 0 665 4143
334 4078 117 67 Polateli 0 334 4078
506 4327 71 127 Kulu 0 506 4327
584 4231 70 121 Ödemiş 0 584 4231
267 4546 107 85 Asarcık 0 267 4546
741 4194 86 131 Bağlıca 0 741 4194
706 4219 65 120 Yahyalı 0 706 4219
335 4139 98 109 Narlı 0 335 4139
739 4198 133 97 Siirt 0 739 4198
328 4419 143 84 Karaçayır 0 328 4419
739 4592 60 94 Boğazkaya 0 739 4592
519 4418 112 51 Elmadağ 0 519 4418
444 4435 92 88 Akıncılar 0 444 4435
484 4179 88 53 Akıncılar 0 484 4179
753 4214 148 85 Evciler 0 753 4214
614 4097 139 113 Arslanköy 0 614 4097
755 4355 115 92 Karaköprü 0 755 4355
482 4117 87 82 Karaköprü 0 482 4117
659 4342 116 134 Kozaklı 0 659 4342
315 4601 52 55 Eminbey 0 315 4601
727 4428 128 95 Pasinler 0 727 4428
374 4542 123 124 Fatsa 0 374 4542
276 4217 116 132 Uluborlu 0 276 4217
395 4524 131 121 Ulubey 0 395 4524
255 4320 105 103 Akkışla 0 255 4320
671 4252 83 67 Eşme 0 671 4252
639 4197 64 66 Horsunlu 0 639 4197
749 4139 77 128 Karamanlı 0 749 4139
737 4515 106 97 Derince 0 737 4515
550 4517 59 112 Maçka 0 550 4517
563 4647 86 114 İnebolu 0 563 4647
523 4531 108 59 İnecik 0 523 4531
505 4613 85 144 İnece 0 505 4613
574 4256 142 63 Alacakaya 0 574 4256
392 4100 86 126 Akseki 0 392 4100
648 4551 50 108 Kâmil 0 648 4551
558 4381 90 115 Çağlayan 0 558 4381
633 4636 114 112 Yenikonak 0 633 4636
346 4394 70 109 Beylikova 0 346 4394
496 4585 73 139 Eflani 0 496 4585
723 4294 121 58 Kocasinan 0 723 4294
739 4404 117 139 Söylemez 0 739 4404
466 4209 94 114 Sincik 0 466 4209
349 4392 115 111 Murat 0 349 4392
557 4248 60 88 Maden 0 557 4248
597 4383 126 105 Kösefakılı 0 597 4383
603 4456 94 76 Bayburt 0 603 4456
274 4233 119 126 Hizan 0 274 4233
565 4512 123 57 Yapraklı 0 565 4512
468 4422 145 142 Etimesgut 0 468 4422
368 4437 53 67 Gaziler 0 368 4437
477 4293 68 118 Keban 0 477 4293
763 4100 54 130 Kızılcadağ 0 763 4100
678 4164 139 80 Kızılcabölük 0 678 4164
615 4452 53 68 Karacabey 0 615 4452
597 4360 102 94 Bigadiç 0 597 4360
456 4321 126 132 Arapgir 0 456 4321
240 4273 111 80 Güroymak 0 240 4273
361 4242 68 137 Gürpınar 0 361 4242
256 3995 138 131 Babatorun 0 256 3995
479 4485 52 78 Bolayır 0 479 4485
471 4493 114 150 Güvem 0 471 4493
519 4544 106 53 Beşikdüzü 0 519 4544
601 4194 125 67 Sultanhisar 0 601 4194
572 4176 57 139 Çakırbeyli 0 572 4176
731 4561 102 88 Çakıralan 0 731 4561
749 4409 106 52 Dodurga 0 749 4409
623 4519 97 68 Güneyce 0 623 4519
528 4148 149 145 Çiğil 0 528 4148
656 4317 116 139 Yarbasan 0 656 4317
696 4503 59 77 Çiftlikköy 0 696 4503
395 4587 80 50 Kozlu 0 395 4587
286 4498 74 56 Kozlu 0 286 4498
560 4135 118 74 Ayrancı 0 560 4135
266 4162 122 94 Andırın 0 266 4162
749 4073 89 59 Yumurtalık 0 749 4073
389 4296 125 86 Yunak 0 389 4296
699 4067 140 105 Yeşilüzümlü 0 699 4067
700 4436 86 77 Dumlu 0 700 4436
376 4155 53 56 Üzümlü 0 376 4155
517 4341 78 50 Karaoğlan 0 517 4341
271 4379 57 131 Akcakışla 0 271 4379
627 4290 104 83 Borlu 0 627 4290
750 4101 147 148 Ceyhan 0 750 4101
495 4310 95 129 Akçapınar 0 495 4310
249 4027 56 127 Serinyol 0 249 4027
442 4160 79 141 Hatunsaray 0 442 4160
614 4526 114 50 Hayrat 0 614 4526
476 4218 144 70 Tepehan 0 476 4218
577 4588 149 141 Saray 0 577 4588
552 4391 144 107 Keskin 0 552 4391
315 4140 112 58 Ortabağ 0 315 4140
509 4497 51 135 Orta 0 509 4497
453 4187 53 87 Meram 0 453 4187
403 4311 98 85 Hasançelebi 0 403 4311
352 4307 55 77 Konakpınar 0 352 4307
359 4522 123 76 Arpaçay 0 359 4522
474 4566 66 73 Safranbolu 0 474 4566
623 4175 110 139 Çınar 0 623 4175
658 4318 112 127 Topaklı 0 658 4318
444 4504 119 136 Yavuzkemal 0 444 4504
373 4131 96 84 Yavuzeli 0 373 4131
344 4328 131 140 Kocapınar 0 344 4328
252 4534 128 96 Şeyhli 0 252 4534
338 4547 103 107 İkizce 0 338 4547
470 4382 140 122 İkizce 0 470 4382
364 4394 123 128 Celâlli 0 364 4394
708 4105 59 114 Çameli 0 708 4105
751 4200 84 138 Dazkırı 0 751 4200
686 4584 119 111 Çerçiler 0 686 4584
455 4193 98 66 Selçuklu 0 455 4193
469 4196 148 67 Damlacık 0 469 4196
291 4314 103 145 Karahasan 0 291 4314
570 4359 75 147 Kırmızıköprü 0 570 4359
677 4562 134 149 Mezraa 0 677 4562
399 4172 134 138 Besni 0 399 4172
439 4160 81 68 Bağpınar 0 439 4160
710 4529 142 75 Mollafeneri 0 710 4529
726 4341 90 101 Çavdarhisar 0 726 4341
549 4287 106 122 Saruhanlı 0 549 4287
694 4357 105 95 Emet 0 694 4357
281 4016 74 54 Reyhanlı 0 281 4016
739 4158 110 76 Dargeçit 0 739 4158
369 4267 113 55 Darende 0 369 4267
243 4116 55 106 Tecirli 0 243 4116
505 4549 56 137 Susuzmüsellim 0 505 4549
681 4308 53 51 Himmetdede 0 681 4308
465 4098 96 68 Payamlı 0 465 4098
686 4527 117 135 Gümüşhacıköy 0 686 4527
237 4002 139 95 Karaçay 0 237 4002
511 4314 145 138 Akdemir 0 511 4314
330 4498 68 121 Çamiçi 0 330 4498
742 4122 60 85 Oyalı 0 742 4122
666 4277 141 75 Ürgüp 0 666 4277
473 4337 56 70 Başpınar 0 473 4337
340 4542 136 57 Çaybaşı 0 340 4542
236 4149 76 150 Sumbas 0 236 4149
400 4278 115 104 Kurşunlu 0 400 4278
264 4179 64 71 Çokak 0 264 4179
409 4335 128 64 Mursal 0 409 4335
472 4255 79 104 Kuşsarayı 0 472 4255
348 4481 123 141 Mudurnu 0 348 4481
659 4471 63 131 Mudanya 0 659 4471
262 4525 55 88 Destek 0 262 4525
582 4433 109 96 Manyas 0 582 4433
259 4488 93 126 Pamukova 0 259 4488
599 4199 141 103 Yenişehir 0 599 4199
269 4587 52 59 Meydancık 0 269 4587
560 4445 121 111 Sulakyurt 0 560 4445
382 4414 90 127 Karakoyunlu 0 382 4414
277 4156 55 75 Çeltikçi 0 277 4156
629 4541 66 118 Büyükçekmece 0 629 4541
447 4235 91 107 Sarayönü 0 447 4235
507 4504 76 81 Kürtün 0 507 4504
671 4158 137 147 Kamışlı 0 671 4158
242 3993 150 76 Şenköy 0 242 3993
278 4569 113 99 Şavşat 0 278 4569
702 4585 126 61 Hopa 0 702 4585
407 4450 147 78 Gökçeada 0 407 4450
590 4288 52 85 Ortaköy 0 590 4288
600 4645 63 112 Çatalzeytin 0 600 4645
270 4487 100 98 Geyve 0 270 4487
488 4227 51 140 Pütürge 0 488 4227
682 4125 147 106 Karaisalı 0 682 4125
531 4287 85 142 Üçpınar 0 531 4287
255 4106 79 133 Osmaniye 0 255 4106
299 4132 66 64 Kocaaliler 0 299 4132
319 4546 115 55 Kocaali 0 319 4546
733 4095 70 135 Yakapınar 0 733 4095
479 4462 131 59 Alucra 0 479 4462
556 4359 122 108 Savaştepe 0 556 4359
734 4264 111 92 Sivaslı 0 734 4264
252 4148 61 104 Kızılsu 0 252 4148
358 4315 117 69 Davulga 0 358 4315
679 4501 149 61 Çınarcık 0 679 4501
542 4486 150 88 Eldivan 0 542 4486
630 4148 79 60 Mazıdağı 0 630 4148
551 4318 109 110 Mazgirt 0 551 4318
257 4228 150 67 Cevizlik 0 257 4228
304 4303 115 86 İscehisar 0 304 4303
592 4190 97 106 Köşk 0 592 4190
644 4549 96 65 Çayeli 0 644 4549
341 4446 148 87 Kağızman 0 341 4446
441 4137 97 59 Yaylak 0 441 4137
322 4471 112 78 Almus 0 322 4471
702 4523 110 134 Çayırova 0 702 4523
509 4256 97 126 Karşıyaka 0 509 4256
644 4295 94 88 Söğütlü 0 644 4295
373 4367 134 59 Sivrihisar 0 373 4367
520 4453 122 51 Biga 0 520 4453
320 4320 56 78 Sarısu 0 320 4320
571 4413 128 64 Başköy 0 571 4413
536 4441 91 146 Kelkit 0 536 4441
527 4454 63 85 Hasayaz 0 527 4454
341 4213 116 59 Ekinözü 0 341 4213
650 4092 95 72 Köyceğiz 0 650 4092
258 4209 117 107 Özpınar 0 258 4209
692 4346 99 145 Hisarcık 0 692 4346
586 4099 138 125 Ören 0 586 4099
279 4308 58 91 Kaynar 0 279 4308
686 4454 92 93 Gürsu 0 686 4454
294 4504 150 106 Erbaa 0 294 4504
340 4240 60 107 Yalvaç 0 340 4240
692 4502 128 67 Yalova 0 692 4502
471 4067 148 52 Başyayla 0 471 4067
534 4438 81 128 Kalecik 0 534 4438
643 4512 66 81 Oğuzlar 0 643 4512
525 4314 52 99 Dere 0 525 4314
561 4435 122 130 Tütüncü 0 561 4435
682 4094 103 120 Yenice 0 682 4094
576 4383 51 95 Tanyeri 0 576 4383
480 4151 142 115 Ovacık 0 480 4151
375 4499 83 70 Başgedikler 0 375 4499
708 4508 75 55 Kılıçkaya 0 708 4508
560 4395 59 128 Üzümlü 0 560 4395
712 4438 62 86 Çekerek 0 712 4438
593 4234 77 140 Eğil 0 593 4234
605 4196 141 108 Bağlar 0 605 4196
681 4121 142 92 Akarsu 0 681 4121
523 4136 51 136 Didim 0 523 4136
458 4540 119 73 İbriktepe 0 458 4540
286 4350 107 103 Kırka 0 286 4350
642 4257 118 148 Lice 0 642 4257
435 4451 52 128 Güdül 0 435 4451
569 4606 113 131 Devrekani 0 569 4606
412 4563 112 70 Devrek 0 412 4563
576 4218 66 101 Gökçen 0 576 4218
315 4343 105 138 Patnos 0 315 4343
745 4263 119 105 Kavakbaşı 0 745 4263
434 4110 52 124 Üçpınar 0 434 4110
725 4095 139 93 Kızılyaka 0 725 4095
617 4379 132 50 Kireç 0 617 4379
345 4538 104 71 Tekkiraz 0 345 4538
364 4560 136 59 Alaplı 0 364 4560
485 3992 87 142 Anamur 0 485 3992
552 4337 130 71 Soma 0 552 4337
630 4226 126 69 Çiftlik 0 630 4226
712 4291 112 147 Melikgazi 0 712 4291
760 4069 142 82 Elmalı 0 760 4069
683 4558 61 131 Mahmut_Şevket_Paşa 0 683 4558
584 4298 120 119 Başyurt 0 584 4298
466 4331 87 130 Dutluca 0 466 4331
758 4304 50 148 Dumlupınar 0 758 4304
359 4546 71 67 Doğruyol 0 359 4546
397 4142 127 138 Seydişehir 0 397 4142
559 4607 108 72 Seydiler 0 559 4607
465 4130 60 57 Dinek 0 465 4130
682 4630 139 75 Gerze 0 682 4630
334 4239 138 133 Gevaş 0 334 4239
730 4297 80 92 Gesi 0 730 4297
574 4504 64 105 İkizören 0 574 4504
722 4114 115 127 Gölhisar 0 722 4114
681 4224 125 73 Güney 0 681 4224
624 4292 116 149 Yamaç 0 624 4292
509 4605 62 83 Pınarbaşı 0 509 4605
326 4495 144 137 Niksar 0 326 4495
300 4540 124 69 Ayvacık 0 300 4540
448 4383 89 68 Ayvacık 0 448 4383
734 4588 119 89 Kolay 0 734 4588
723 4460 68 149 İğdir 0 723 4460
486 4404 102 135 Cengerli 0 486 4404
566 4119 136 131 Viranşehir 0 566 4119
252 4000 68 117 Altınözü 0 252 4000
712 4507 125 127 Altınova 0 712 4507
356 4215 84 144 Şarkîkaraağaç 0 356 4215
276 4359 86 56 Şarkışla 0 276 4359
509 4495 110 50 Şarköy 0 509 4495
571 4533 83 99 Yomra 0 571 4533
556 4230 116 149 Bayındır 0 556 4230
251 4216 141 52 Dinar 0 251 4216
617 4250 83 88 Gülağaç 0 617 4250
637 4194 74 94 Bor 0 637 4194
710 4244 88 111 Sason 0 710 4244
255 4374 111 85 Göksu 0 255 4374
711 4175 112 134 Hasankeyf 0 711 4175
504 4252 94 51 Gözeli 0 504 4252
505 4531 150 77 Yürük 0 505 4531
477 4381 89 116 Altınoluk 0 477 4381
723 4523 127 105 Suluova 0 723 4523
251 4431 130 52 Sulusaray 0 251 4431
713 4280 92 95 Hacılar 0 713 4280
700 4223 71 78 Bekirhan 0 700 4223
697 4251 73 99 Yücebağ 0 697 4251
253 3987 58 56 Yiğityolu 0 253 3987
707 4527 61 136 Merzifon 0 707 4527
672 4296 68 67 Yenibaşak 0 672 4296
665 4189 64 112 Salat 0 665 4189
506 4518 133 51 Atkaracalar 0 506 4518
445 4448 62 115 Eceabat 0 445 4448
602 4120 96 102 Kocatepe 0 602 4120
739 4242 147 117 Çivril 0 739 4242
467 4419 51 122 Akarsu 0 467 4419
545 4368 138 74 Çelebi 0 545 4368
634 4537 121 59 Güneysu 0 634 4537
580 4535 145 148 Marmara_Ereğlisi 0 580 4535
613 4079 99 73 Marmaris 0 613 4079
491 4517 55 132 Çerkeş 0 491 4517
573 4195 127 98 Emirgazi 0 573 4195
613 4164 136 91 Çakmak 0 613 4164
524 4481 83 94 Şabanözü 0 524 4481
620 4145 54 75 Kavaklıdere 0 620 4145
478 4280 96 126 Foça 0 478 4280
480 4402 129 139 Evciler 0 480 4402
250 4238 107 137 Kızılören 0 250 4238
422 4191 146 138 Kızılören 0 422 4191
655 4183 54 104 Tepe 0 655 4183
716 4016 94 83 Kalkan 0 716 4016
746 4244 116 144 Geyikpınar 0 746 4244
656 4418 63 91 Kandilli 0 656 4418
307 4553 117 96 Ardahan 0 307 4553
253 4557 127 84 Ardanuç 0 253 4557
317 4254 119 82 Tanır 0 317 4254
700 4198 73 74 Beşiri 0 700 4198
487 4415 81 114 Çankaya 0 487 4415
299 4115 92 150 Nurdağı 0 299 4115
583 4026 135 150 Silifke 0 583 4026
604 4547 67 88 Silivri 0 604 4547
557 4524 114 51 Esiroğlu 0 557 4524
569 4312 139 68 Darıkent 0 569 4312
501 4089 105 66 Bucakkışla 0 501 4089
764 4117 141 53 Kösreli 0 764 4117
745 4132 120 143 Tefenni 0 745 4132
516 4130 119 68 Kılbasan 0 516 4130
513 4643 85 149 Kofçaz 0 513 4643
628 4392 58 67 Kavacık 0 628 4392
448 4530 56 124 İpsala 0 448 4530
589 4532 56 107 Araklı 0 589 4532
597 4268 103 123 Arıcak 0 597 4268
729 4206 122 92 Baklan 0 729 4206
707 4555 94 139 Yeşilvadi 0 707 4555
294 4415 75 60 Yıldızeli 0 294 4415
724 4228 82 133 Tuzlagözü 0 724 4228
539 4456 90 125 Çandır 0 539 4456
527 4178 77 116 Siverek 0 527 4178
683 4477 81 59 Gemlik 0 683 4477
536 4250 61 128 Eskil 0 536 4250
383 4557 52 91 Ormanlı 0 383 4557
738 4118 93 96 Sağkaya 0 738 4118
241 4010 60 147 Hıdırbey 0 241 4010
498 4290 143 79 Hıdırbaba 0 498 4290
423 4358 52 78 Divriği 0 423 4358
625 4107 112 66 Ula 0 625 4107
547 4492 104 119 Marmara 0 547 4492
518 4309 69 116 Yuntdağ 0 518 4309
561 4418 104 107 Balışeyh 0 561 4418
270 4390 105 124 Elmalıdere 0 270 4390
485 4227 120 92 Seferhisar 0 485 4227
651 4374 102 60 Şefaatlı 0 651 4374
334 4177 53 111 Ağabeyli 0 334 4177
587 4194 55 66 Yolboyu 0 587 4194
546 4615 68 67 Ağlı 0 546 4615
282 4169 129 81 Ağlasun 0 282 4169
643 4323 54 123 Demirci 0 643 4323
742 4469 73 54 Narman 0 742 4469
538 4650 133 57 Doğanyurt 0 538 4650
307 4506 52 93 Doğanyurt 0 307 4506
369 4326 50 64 Deliçay 0 369 4326
683 4497 128 122 Termal 0 683 4497
255 4226 101 66 Dombay 0 255 4226
723 4409 78 63 Domaniç 0 723 4409
345 4419 102 72 Cumaçay 0 345 4419
235 4076 79 71 Gölova 0 235 4076
577 4533 56 139 Arsin 0 577 4533
492 4421 54 114 Mamak 0 492 4421
254 4272 59 63 Karadirek 0 254 4272
338 4158 69 141 Beytüşşebap 0 338 4158
669 4451 76 90 Ovacık 0 669 4451
305 4210 109 138 Barla 0 305 4210
444 4609 62 63 Bartın 0 444 4609
477 4441 79 92 Çamoluk 0 477 4441
736 4076 88 92 Seki 0 736 4076
639 4404 126 99 Çiftlik 0 639 4404
621 4548 136 144 Hacıhamza 0 621 4548
453 4159 121 71 Samsat 0 453 4159
643 4267 76 116 Kula 0 643 4267
722 4329 62 67 Felahiye 0 722 4329
253 4080 84 124 Dörtyol 0 253 4080
539 4055 113 77 Mut 0 539 4055
754 4254 125 122 Mutki 0 754 4254
672 4140 116 126 Ömerli 0 672 4140
524 4228 75 91 Çüngüş 0 524 4228
345 4356 100 63 Deliktaş 0 345 4356
758 4236 108 90 Sarıkonak 0 758 4236
465 4061 77 111 Sarıveliler 0 465 4061
364 4505 111 51 Aybastı 0 364 4505
479 4241 90 63 Urla 0 479 4241
309 4194 72 106 Eğirdir 0 309 4194
281 4261 111 96 Sarız 0 281 4261
660 4212 88 54 Buldan 0 660 4212
342 4515 81 103 Susuz 0 342 4515
548 4541 130 105 Akçaabat 0 548 4541
743 4532 86 125 Ladik 0 743 4532
611 4135 93 129 Derik 0 611 4135
375 4106 149 147 İbradı 0 375 4106
273 4545 61 124 Kaynarca 0 273 4545
733 4332 62 148 Özvatan 0 733 4332
656 4448 73 69 Alaca 0 656 4448
595 4286 140 63 Balcı 0 595 4286
250 4093 105 131 Erzin 0 250 4093
603 4199 114 112 Kayapınar 0 603 4199
270 4429 73 150 Aras 0 270 4429
345 4522 149 102 Düzce 0 345 4522
327 4526 112 85 Cumayeri 0 327 4526
553 4283 56 61 Çaybağı 0 553 4283
735 4127 77 51 İmamoğlu 0 735 4127
729 4528 91 148 Demirkent 0 729 4528
405 4163 139 148 Çavuş 0 405 4163
275 4477 89 74 Gaziler 0 275 4477
252 4474 92 89 Turhal 0 252 4474
490 4324 135 104 Dikili 0 490 4324
369 4350 133 67 Kavak 0 369 4350
255 4397 63 139 Karayazı 0 255 4397
710 4058 58 133 Kemer 0 710 4058
281 4053 140 52 Kemer 0 281 4053
239 4137 84 130 Kemer 0 239 4137
538 4411 50 134 Yahşihan 0 538 4411
234 3977 101 76 Yayladağı 0 234 3977
555 4175 87 130 Karacadağ 0 555 4175
665 4155 145 62 Savur 0 665 4155
330 4563 89 87 Terme 0 330 4563
593 4061 106 85 Bozburun 0 593 4061
317 4550 107 57 Salıpazarı 0 317 4550
418 4113 142 138 Böğürtlen 0 418 4113
534 4341 113 95 Göçbeyli 0 534 4341
269 4508 86 62 Sapanca 0 269 4508
298 4398 128 119 Direkli 0 298 4398
271 4512 60 148 Kömürlü 0 271 4512
556 4329 131 150 Kocakoç 0 556 4329
266 4257 81 65 Küçüksu 0 266 4257
284 4201 146 136 Pervari 0 284 4201
403 4529 142 98 Uzunisa 0 403 4529
524 4610 83 150 Azdavay 0 524 4610
490 4501 54 53 Evreşe 0 490 4501
523 4149 111 129 Akköy 0 523 4149
682 4203 129 116 Akköy 0 682 4203
479 4423 113 53 Yenimahalle 0 479 4423
636 4424 93 51 Çaltılıbük 0 636 4424
596 4470 112 147 Aydıntepe 0 596 4470
742 4226 54 146 Baykan 0 742 4226
619 4542 149 85 Derepazarı 0 619 4542
594 4386 60 94 Akçakent 0 594 4386
626 4219 118 74 Mermer 0 626 4219
439 4242 125 125 Çeşme 0 439 4242
574 4285 59 94 Kovancılar 0 574 4285
573 4336 67 113 Gelembe 0 573 4336
369 4526 116 95 Çatalpınar 0 369 4526
624 4554 150 112 Kargı 0 624 4554
418 4600 60 129 Filyos 0 418 4600
250 4105 139 60 Korkuteli 0 250 4105
741 4290 149 84 Korkut 0 741 4290
275 4502 70 88 Akşar 0 275 4502
589 4247 135 83 Aksaray 0 589 4247
761 4236 112 133 Gümüşsu 0 761 4236
592 4246 118 78 Dicle 0 592 4246
515 4226 109 110 Obruk 0 515 4226
502 4382 119 62 Edremit 0 502 4382
601 4133 68 144 Yatağan 0 601 4133
586 4173 62 79 Ovabağ 0 586 4173
630 4514 78 72 İkizdere 0 630 4514
694 4488 90 67 Mecitözü 0 694 4488
461 4498 100 138 Mecidiye 0 461 4498
507 4586 62 110 Babaeski 0 507 4586
476 4631 150 141 Kurucaşile 0 476 4631
729 4189 100 129 Bozkurt 0 729 4189
688 4245 77 65 Hamzalı 0 688 4245
420 4534 104 134 Gülyalı 0 420 4534
649 4474 124 134 Pazaryolu 0 649 4474
747 4431 135 86 Pazaryeri 0 747 4431
606 4216 119 85 Beydağ 0 606 4216
596 4072 122 128 Güzeloluk 0 596 4072
462 4518 70 115 Karabulduk 0 462 4518
590 4363 54 145 Balpayam 0 590 4363
256 4238 147 60 Tufanbeyli 0 256 4238
430 4221 78 94 Albayrak 0 430 4221
574 4264 76 79 Acıpınar 0 574 4264
707 4144 138 147 Acıpayam 0 707 4144
631 4365 78 121 Yedisu 0 631 4365
230 3984 67 102 Yeditepe 0 230 3984
292 4202 117 98 Atabey 0 292 4202
581 4636 119 114 İğneada 0 581 4636
312 4480 118 106 Selim 0 312 4480
310 4596 58 143 Posof 0 310 4596
609 4395 83 122 Durak 0 609 4395
244 4442 81 56 Küplü 0 244 4442
445 4550 100 107 Küplü 0 445 4550
438 4014 129 140 Gazipaşa 0 438 4014
737 4376 59 96 Köprüören 0 737 4376
500 4542 111 72 Görele 0 500 4542
380 4259 77 95 Tuzlukçu 0 380 4259
700 4161 59 61 Serinhisar 0 700 4161
591 4136 113 129 Turgut 0 591 4136
438 4119 111 92 Kanlıavşar 0 438 4119
663 4145 63 69 Kale 0 663 4145
745 4452 112 96 Boztepe 0 745 4452
679 4526 73 71 Adalar 0 679 4526
714 4379 135 79 Tavşanlı 0 714 4379
278 4516 66 118 Serdivan 0 278 4516
634 4289 122 68 Genç 0 634 4289
688 4280 140 52 Güre 0 688 4280
711 4158 96 103 Aladağ 0 711 4158
409 4098 93 88 Birecik 0 409 4098
537 4405 88 80 Bahşılı 0 537 4405
493 4547 132 133 Ovacık 0 493 4547
575 4445 105 96 Demirözü 0 575 4445
548 4173 121 91 Bağarası 0 548 4173
434 4197 128 127 Koçali 0 434 4197
741 4248 57 110 Meydan 0 741 4248
534 4457 111 56 Sinekçi 0 534 4457
378 4474 64 101 Seben 0 378 4474
752 4491 68 115 Oltu 0 752 4491
559 4527 141 84 Çağlayan 0 559 4527
567 4556 94 125 Çorlu 0 567 4556
432 4516 132 84 Gerede 0 432 4516
451 4093 129 83 Hadim 0 451 4093
575 4331 55 149 Dallıbahçe 0 575 4331
575 4189 77 114 Gölören 0 575 4189
579 4285 115 129 Gölmarmara 0 579 4285
652 4159 91 137 Sürgücü 0 652 4159
476 4077 123 103 Şehit_Nusretbey 0 476 4077
731 4131 97 129 Haberli 0 731 4131
317 4511 98 61 Karadere 0 317 4511
521 4290 113 134 Osmancalı 0 521 4290
643 4419 111 101 Aşkale 0 643 4419
296 4319 114 118 Örenşehir 0 296 4319
686 4556 53 62 Beşpınar 0 686 4556
444 4145 114 109 Akören 0 444 4145
561 4064 137 63 Datça 0 561 4064
658 4560 65 139 Pazar 0 658 4560
478 4464 81 58 Pazar 0 478 4464
349 4149 95 139 Pazarcık 0 349 4149
528 4165 85 77 Hotamış 0 528 4165
483 4404 137 146 Gölbaşı 0 483 4404
379 4182 118 95 Gölbaşı 0 379 4182
420 4508 108 98 Dörtdivan 0 420 4508
632 4298 139 77 Gümüşkent 0 632 4298
370 4190 55 97 Yalınca 0 370 4190
428 4271 97 115 Yazıhan 0 428 4271
422 4586 58 134 Çaycuma 0 422 4586
355 4554 109 129 Ünye 0 355 4554
500 4097 108 59 Yardımcı 0 500 4097
703 4209 99 140 Beyçayırı 0 703 4209
493 4456 131 70 Beyçayırı 0 493 4456
287 4531 109 65 Söğütlü 0 287 4531
535 4322 95 128 Çiçekli 0 535 4322
541 4557 70 89 Muratlı 0 541 4557
275 4154 125 70 Şırnak 0 275 4154
456 4625 120 101 Sırpsındığı 0 456 4625
329 4207 137 77 Çatak 0 329 4207
248 4335 133 99 Karaağıl 0 248 4335
340 4155 66 59 Kasımlar 0 340 4155
448 4092 102 78 Suruç 0 448 4092
688 4613 141 94 Dikmen 0 688 4613
543 4608 103 63 Pınarhisar 0 543 4608
662 4290 84 98 Yenisu 0 662 4290
349 4178 126 70 Çağlayancerit 0 349 4178
522 4189 133 64 Kuşadası 0 522 4189
473 4466 99 132 Lapseki 0 473 4466
652 4524 97 56 Dodurga 0 652 4524
579 4282 61 127 Palu 0 579 4282
367 4571 54 101 Ereğli 0 367 4571
732 4559 101 50 Karacaköy 0 732 4559
274 4124 109 134 Düziçi 0 274 4124
697 4379 117 73 Gökoğlan 0 697 4379
505 4630 110 90 Yoğuntaş 0 505 4630
710 4217 63 131 Çal 0 710 4217
285 4119 61 147 Bahçe 0 285 4119
538 4220 63 102 Çermik 0 538 4220
470 4603 135 147 Ulus 0 470 4603
458 4413 142 58 Aralık 0 458 4413
285 4575 59 104 Veliköy 0 285 4575
747 4344 78 141 Aslanapa 0 747 4344
371 4537 108 93 Doğruyol 0 371 4537
421 4377 117 83 Doğubayazıt 0 421 4377
282 4083 140 55 Çakırlar 0 282 4083
343 4569 55 145 Kurtkale 0 343 4569
722 4285 143 80 Talas 0 722 4285
610 4644 79 125 Türkeli 0 610 4644
365 4469 144 102 Digor 0 365 4469
665 4461 123 73 Nilüfer 0 665 4461
528 4546 52 142 Banarlı 0 528 4546
739 4291 134 91 Banaz 0 739 4291
625 4388 92 90 Yerköy 0 625 4388
614 4110 87 128 Yerkesik 0 614 4110
640 4466 112 95 Söğütpınar 0 640 4466
640 4541 111 71 Büyükköy 0 640 4541
658 4515 143 78 Laçin 0 658 4515
637 4431 100 133 Boğazkale 0 637 4431
693 4340 58 94 Boğazlıyan 0 693 4340
521 4521 53 147 Kurşunlu 0 521 4521
748 4303 78 118 Bünyan 0 748 4303
328 4273 141 126 Çay 0 328 4273
471 4555 72 125 Hamidiye 0 471 4555
727 4332 91 52 Karaköy 0 727 4332
413 4207 86 133 Derbent 0 413 4207
328 4297 131 143 Göldüzü 0 328 4297
298 4517 143 70 Göle 0 298 4517
427 4242 130 73 Kurthasanlı 0 427 4242
444 4592 108 50 Kozcağız 0 444 4592
716 4229 123 124 Kozluk 0 716 4229
683 4530 133 102 Kartal 0 683 4530
497 4294 127 87 Aliağa 0 497 4294
631 4644 134 73 Ayancık 0 631 4644
700 4254 75 148 Ulubey 0 700 4254
624 4344 143 116 Düvertepe 0 624 4344
572 4315 101 148 Sarıyahşi 0 572 4315
688 4432 149 55 Eymir 0 688 4432
284 4440 126 57 Çamlıbel 0 284 4440
480 4251 51 117 Kale 0 480 4251
280 4211 64 132 Göksun 0 280 4211
343 4375 135 129 Kaymaz 0 343 4375
577 4376 138 113 Dağyolu 0 577 4376
377 4123 136 84 Çukurca 0 377 4123
660 4133 70 70 Yeşilli 0 660 4133
344 4490 80 132 Başçiftlik 0 344 4490
583 4645 128 136 Bozkurt 0 583 4645
285 4576 92 135 Veliköy 0 285 4576
239 4256 80 61 Toklar 0 239 4256
260 4408 96 51 Yavu 0 260 4408
756 4177 81 125 Bağgöze 0 756 4177
335 4528 147 56 Çilimli 0 335 4528
466 4453 52 76 Umurbey 0 466 4453
606 4193 72 91 Atça 0 606 4193
256 4510 57 145 Büyükderbent 0 256 4510
521 4165 70 111 Atburgazı 0 521 4165
485 4287 109 150 Yenifoça 0 485 4287
672 4342 110 124 Yenifakılı 0 672 4342
756 4150 91 99 Güçlükonak 0 756 4150
367 4228 69 60 Gücük 0 367 4228
619 4448 54 117 Maden 0 619 4448
768 4015 122 119 Demre 0 768 4015
319 4493 68 130 Dokurcun 0 319 4493
280 4414 71 67 Tahir 0 280 4414
549 4532 96 135 Derecik 0 549 4532
562 4356 61 119 Kaman 0 562 4356
304 4538 78 92 Ortaköy 0 304 4538
333 4325 98 124 Kuşkayası 0 333 4325
713 4048 132 120 Karataş 0 713 4048
663 4186 52 119 Babadağ 0 663 4186
331 4361 142 109 Çifteler 0 331 4361
486 4541 110 138 Şahin 0 486 4541
290 4107 67 98 Fevzipaşa 0 290 4107
705 4095 102 136 Seyhan 0 705 4095
269 4533 109 142 Kaymas 0 269 4533
718 4380 103 55 Hasbek 0 718 4380
743 4546 75 122 Akçaova 0 743 4546
591 4609 101 121 Kıyıköy 0 591 4609
481 4302 131 100 Yeniceoba 0 481 4302
546 4334 53 113 Sütlüce 0 546 4334
732 4138 84 65 Tepecikören 0 732 4138
538 4592 148 98 Daday 0 538 4592
677 4535 118 142 Saraycık 0 677 4535
563 4602 95 54 Vize 0 563 4602
583 4647 104 142 Abana 0 583 4647
520 4259 60 53 Bornova 0 520 4259
593 4078 89 87 Ceylanpınar 0 593 4078
560 4564 76 134 Kuzyaka 0 560 4564
587 4406 146 74 Çayırlı 0 587 4406
690 4277 99 71 İncesu 0 690 4277
274 4500 126 91 Doğançay 0 274 4500
571 4365 69 130 Konakpınar 0 571 4365
517 4327 147 112 Hozat 0 517 4327
488 4421 111 86 Altındağ 0 488 4421
488 4239 58 133 Altınekin 0 488 4239
700 4294 100 144 Kızılağaç 0 700 4294
744 4455 58 68 Yarhisar 0 744 4455
682 4160 147 93 Tavas 0 682 4160
691 4527 98 55 Pendik 0 691 4527
281 4291 129 123 Ahlat 0 281 4291
623 4478 147 144 Uğurludağ 0 623 4478
592 4215 107 114 Bademli 0 592 4215
562 4179 103 124 Koçarlı 0 562 4179
582 4575 136 124 Kapaklı 0 582 4575
741 4595 131 74 Camili 0 741 4595
397 4360 73 68 Günyüzü 0 397 4360
600 4379 144 103 Üçdam 0 600 4379
262 4510 120 135 Tekke 0 262 4510
549 4361 81 100 Sarıbeyler 0 549 4361
633 4419 137 60 Devecikonağı 0 633 4419
401 4065 69 86 Güzelbağ 0 401 4065
413 4464 76 85 Karaşar 0 413 4464
299 4506 82 93 Akyazı 0 299 4506
422 4445 81 141 Suşehri 0 422 4445
300 4527 123 140 Çayırbaşı 0 300 4527
246 4106 83 81 Toprakkale 0 246 4106
558 4139 104 67 Selimiye 0 558 4139
340 4112 89 82 Beşkonak 0 340 4112
574 4344 78 148 Büyükyurt 0 574 4344
533 4326 50 59 Kınık 0 533 4326
573 4430 61 124 Darıca 0 573 4430
702 4517 143 131 Darıca 0 702 4517
705 4477 129 122 Şenyurt 0 705 4477
314 4084 132 83 Musabeyli 0 314 4084
638 4410 64 131 Musabeyli 0 638 4410
634 4311 143 50 Hacıbektaş 0 634 4311
561 4261 114 96 Turgutlu 0 561 4261
684 4394 96 62 Harmancık 0 684 4394
321 4151 62 63 Sütçüler 0 321 4151
672 4350 103 109 Karlıova 0 672 4350
616 4352 95 131 Kiğı 0 616 4352
549 4003 135 61 Ovacık 0 549 4003
424 4596 75 124 Saltukova 0 424 4596
255 4411 51 89 İnönü 0 255 4411
393 4395 51 110 Bulucan 0 393 4395
502 4393 73 133 Doğanbeyli 0 502 4393
605 4143 130 110 Halkapınar 0 605 4143
590 4151 120 133 Akçaova 0 590 4151
483 4325 95 70 Gedikler 0 483 4325
355 4486 108 148 Bereketli 0 355 4486
663 4448 122 73 Çalı 0 663 4448
692 4322 73 115 Şaphane 0 692 4322
727 4353 64 140 Çayıralan 0 727 4353
450 4380 91 66 Armutlu 0 450 4380
341 4550 114 137 Akçakoca 0 341 4550
536 4248 90 100 Hazar 0 536 4248
709 4594 147 115 Kemalpaşa 0 709 4594
247 4341 85 78 Gemerek 0 247 4341
453 4509 125 53 Dereli 0 453 4509
424 4376 111 83 Gülpınar 0 424 4376
441 4084 93 73 Mürşitpınar 0 441 4084
619 4324 74 109 Mucur 0 619 4324
720 4518 106 100 Hereke 0 720 4518
709 4535 118 91 Sarıgöl 0 709 4535
714 4489 141 105 Uzundere 0 714 4489
410 4243 53 104 Akçadağ 0 410 4243
722 4480 55 80 Gediksaray 0 722 4480
468 4522 91 85 Yağlıdere 0 468 4522
445 4237 103 88 Alaçatı 0 445 4237
709 4159 119 55 Gercüş 0 709 4159
263 4562 75 139 Aşağı_Irmaklar 0 263 4562
395 4320 149 119 Çeltik 0 395 4320
622 4062 63 55 Elvanlı 0 622 4062
751 4511 91 66 Akdağ 0 751 4511
519 4628 61 62 Şenpazar 0 519 4628
645 4104 51 108 Şenyurt 0 645 4104
271 4237 118 66 Haydarlı 0 271 4237
375 4451 84 106 Doğanşar 0 375 4451
401 4215 108 79 Doğanşehir 0 401 4215
304 4333 99 129 Doğansu 0 304 4333
620 4237 64 129 Güzelyurt 0 620 4237
261 4367 124 120 Ortaköy 0 261 4367
330 4515 143 115 Gölyaka 0 330 4515
376 4201 95 108 Hüyük 0 376 4201
755 4135 60 70 İdil 0 755 4135
308 4091 150 98 Aksu 0 308 4091
309 4139 139 59 Türkoğlu 0 309 4139
360 4387 113 149 Taşlıçay 0 360 4387
456 4346 135 77 Kemaliye 0 456 4346
348 4231 110 100 Bağkonak 0 348 4231
674 4468 53 53 Cemilbey 0 674 4468
492 4322 110 123 Çemişgezek 0 492 4322
388 4373 52 99 Beypınarı 0 388 4373
710 4612 123 150 Yakakent 0 710 4612
671 4635 58 149 Kabalı 0 671 4635
477 4508 94 53 Küçük_Yerlisu 0 477 4508
558 4342 54 147 Savcılı 0 558 4342
640 4244 130 51 Kayacık 0 640 4244
310 4518 107 148 Hendek 0 310 4518
512 4222 148 82 Taraksu 0 512 4222
565 4452 91 123 Buğdaylı 0 565 4452
451 4560 69 96 Meriç 0 451 4560
605 4232 104 78 Kiraz 0 605 4232
670 4516 131 59 Hamamözü 0 670 4516
584 4351 106 92 Gölcük 0 584 4351
238 4232 119 50 İshaklı 0 238 4232
620 4432 65 126 Mustafakemalpaşa 0 620 4432
462 4366 80 72 İliç 0 462 4366
276 4323 93 97 İhsaniye 0 276 4323
511 4233 138 124 Menderes 0 511 4233
583 4466 118 79 Kızılırmak 0 583 4466
488 4609 67 100 Hasköy 0 488 4609
385 4377 113 91 Diyadin 0 385 4377
376 4257 54 117 Balaban 0 376 4257
443 4429 52 120 Ayaş 0 443 4429
499 4528 68 63 Çanakçı 0 499 4528
331 4367 83 143 Ulaş 0 331 4367
489 4184 146 89 Yarma 0 489 4184
509 4448 63 65 Şiran 0 509 4448
526 4254 109 82 Sivrice 0 526 4254
357 4174 55 88 Yenişarbademli 0 357 4174
330 4185 87 105 Aksu 0 330 4185
608 4496 145 80 Uzungöl 0 608 4496
641 4114 94 112 Çamlıyayla 0 641 4114
455 4588 87 88 Kumluca 0 455 4588
531 4369 105 66 Korucu 0 531 4369
659 4297 138 81 Özonak 0 659 4297
382 4278 57 99 Erçek 0 382 4278
358 4320 101 94 Erciş 0 358 4320
617 4403 78 60 Tercan 0 617 4403
548 4174 123 89 Karapınar 0 548 4174
303 4296 78 84 Adilcevaz 0 303 4296
545 4112 104 110 Yeşildere 0 545 4112
457 4298 117 64 Taşdelen 0 457 4298
517 4355 91 138 Ovacık 0 517 4355
711 4547 63 130 Köprübaşı 0 711 4547
442 4190 141 139 Kuyucak 0 442 4190
343 4553 122 102 Çıldır 0 343 4553
464 4173 58 135 Esendere 0 464 4173
485 4563 54 62 Çöpköy 0 485 4563
557 4328 127 55 Kırkağaç 0 557 4328
662 4465 69 124 Kırık 0 662 4465
649 4539 71 135 Küçükçekmece 0 649 4539
253 4555 129 100 Ardanuç 0 253 4555
571 4384 118 64 Tanyeri 0 571 4384
707 4318 115 96 Gediz 0 707 4318
629 4270 122 118 Gökçeören 0 629 4270
289 4100 78 138 İslahiye 0 289 4100
687 4541 133 57 Samandıra 0 687 4541
564 4215 51 70 Tire 0 564 4215
484 4539 104 116 Tirebolu 0 484 4539
287 4565 147 59 Tekkeköy 0 287 4565
677 4314 73 122 Solhan 0 677 4314
458 4528 147 74 Keşap 0 458 4528
468 4522 77 66 Keşan 0 468 4522
492 4516 137 68 Doğankent 0 492 4516
572 4308 76 143 Akhisar 0 572 4308
756 4329 131 77 Sarıoğlan 0 756 4329
653 4203 112 71 Buharkent 0 653 4203
497 4372 73 95 Burhaniye 0 497 4372
487 4424 61 109 Çatalçam 0 487 4424
622 4555 143 103 Çatalca 0 622 4555
326 4523 128 95 Gümüşova 0 326 4523
309 4218 94 141 Çardak 0 309 4218
734 4189 138 94 Çardak 0 734 4189
572 4438 86 64 Şevketiye 0 572 4438
419 4294 71 95 Dorutay 0 419 4294
529 4194 140 54 Dağbaşı 0 529 4194
671 4366 50 74 Dağardı 0 671 4366
734 4511 77 125 Değirmendere 0 734 4511
435 4318 62 115 Yoncalı 0 435 4318
427 4065 91 107 Köprülü 0 427 4065
744 4427 61 111 Köprüköy 0 744 4427
708 4187 112 147 Oğuz 0 708 4187
273 4289 74 77 Pınarbaşı 0 273 4289
573 4466 50 112 Edincik 0 573 4466
310 4145 67 52 Uludere 0 310 4145
611 4367 68 95 Göllü 0 611 4367
437 4158 126 108 Yüksekova 0 437 4158
348 4253 121 80 Edremit 0 348 4253
505 4112 53 106 Çamlıdere 0 505 4112
385 4432 150 58 Tuzluca 0 385 4432
381 4346 70 147 Çetinkaya 0 381 4346
533 4620 66 87 Üsküp 0 533 4620
722 4114 94 94 Sarıçam 0 722 4114
597 4430 79 85 Göbel 0 597 4430
506 4273 58 99 Menemen 0 506 4273
559 4628 90 51 Küre 0 559 4628
481 4340 89 147 Altınova 0 481 4340
376 4078 146 109 Doğanpınar 0 376 4078
258 4435 119 110 Horasan 0 258 4435
744 4259 115 85 Tomarza 0 744 4259
347 4337 114 132 Umraniye 0 347 4337
500 4172 122 80 Çaylarbaşı 0 500 4172
250 4134 50 82 Cizre 0 250 4134
639 4095 136 129 Gözne 0 639 4095
361 4072 102 119 Manavgat 0 361 4072
339 4444 84 59 Kağızman 0 339 4444
583 4570 111 57 Çerkezköy 0 583 4570
339 4320 98 139 Emirdağ 0 339 4320
717 4252 134 142 Develi 0 717 4252
243 4020 147 54 Finike 0 243 4020
531 4223 148 77 Torbalı 0 531 4223
752 4234 59 129 Narlıdere 0 752 4234
481 4134 51 116 Akziyaret 0 481 4134
457 4276 124 138 Karaburun 0 457 4276
549 4400 106 127 Balya 0 549 4400
415 4174 129 139 Bağışlı 0 415 4174
620 4530 114 81 Kalkandere 0 620 4530
266 4356 97 89 Aktuzla 0 266 4356
428 4363 124 133 Yenimehmetli 0 428 4363
716 4346 61 127 Çandır 0 716 4346
690 4158 141 67 Kayapınar 0 690 4158
653 4546 109 139 Mahmutbey 0 653 4546
668 4387 110 105 Osmanpaşa 0 668 4387
545 4572 60 59 Büyükkarıştıran 0 545 4572
532 4200 118 88 Selçuk 0 532 4200
253 4245 147 141 Bölükyazı 0 253 4245
260 4588 85 58 Taflan 0 260 4588
240 4130 100 114 Dicle 0 240 4130
287 4148 73 93 Bucak 0 287 4148
514 4250 53 92 Buca 0 514 4250
242 4002 91 141 Harbiye 0 242 4002
379 4155 142 84 Suvarlı 0 379 4155
738 4510 128 77 Gölcük 0 738 4510
525 4541 108 125 Boyalı 0 525 4541
326 4221 124 87 Gelendost 0 326 4221
721 4507 122 82 Karamürsel 0 721 4507
515 4330 50 82 Bergama 0 515 4330
237 4198 96 85 Başmakçı 0 237 4198
547 4310 122 111 Şereflikoçhisar 0 547 4310
310 4436 115 140 Çırçır 0 310 4436
449 4178 52 55 Hatip 0 449 4178
493 4517 94 85 Doğankent 0 493 4517
708 4080 145 113 Doğankent 0 708 4080
660 4070 75 98 Dalaman 0 660 4070
661 4333 129 119 Göynük 0 661 4333
312 4474 133 53 Göynük 0 312 4474
641 4289 102 118 Gülşehir 0 641 4289
682 4453 143 50 Yıldırım 0 682 4453
648 4351 94 102 Karahasanlı 0 648 4351
387 4170 88 79 Beyşehir 0 387 4170
579 4019 67 135 Taşucu 0 579 4019
630 4238 61 68 Kocaköy 0 630 4238
506 4462 86 130 Balıklıçeşme 0 506 4462
572 4491 118 69 Yağmurdere 0 572 4491
506 4598 59 123 Karacaoğlan 0 506 4598
543 4224 104 146 Çırpı 0 543 4224
443 4404 140 104 Ezine 0 443 4404
485 4599 135 59 Havsa 0 485 4599
376 4528 68 121 Çamaş 0 376 4528
674 4189 103 134 Çamardı 0 674 4189
747 4394 63 65 Akdağmadeni 0 747 4394
400 4461 62 120 Koyulhisar 0 400 4461
508 4562 104 149 Hayrabolu 0 508 4562
456 4364 145 143 Haymana 0 456 4364
607 4196 75 136 Sur 0 607 4196
659 4545 75 73 Hemşin 0 659 4545
271 4462 146 63 Gölpazarı 0 271 4462
287 4474 83 143 Taraklı 0 287 4474
507 4207 80 72 Taraksu 0 507 4207
737 4009 82 123 Kaş 0 737 4009
695 4484 114 131 Orhangazi 0 695 4484
699 4307 86 138 Yaygın 0 699 4307
583 4367 80 99 Akpınar 0 583 4367
693 4418 102 137 Yakutiye 0 693 4418
694 4417 87 97 Palandöken 0 694 4417
694 4420 139 112 Kazımkarabekir 0 694 4420
475 4532 109 78 Espiye 0 475 4532
517 4532 77 146 Bayramören 0 517 4532
473 4568 139 110 Uzunköprü 0 473 4568
342 4230 81 96 Elbistan 0 342 4230
362 4059 70 69 Elbeyli 0 362 4059
628 4197 73 107 Kuyucak 0 628 4197
747 4217 141 74 Dilektepe 0 747 4217
511 4563 103 58 İğdir 0 511 4563
464 4210 71 116 Aşağıpınarbaşı 0 464 4210
276 4508 139 134 Arifiye 0 276 4508
267 4299 140 70 Ovakışla 0 267 4299
458 4211 53 137 Yarpuzlu 0 458 4211
271 4103 80 83 Yarpuz 0 271 4103
668 4122 50 71 Beyağaç 0 668 4122
593 4163 132 70 Çine 0 593 4163
599 4564 75 72 Sinekli 0 599 4564
668 4385 141 81 Çat 0 668 4385
722 4581 85 125 Borçka 0 722 4581
425 4533 100 123 Piraziz 0 425 4533
398 4394 126 71 Suluçem 0 398 4394
478 4631 84 114 Lâlapaşa 0 478 4631
652 4472 91 92 Zeytinbağı 0 652 4472
400 4254 100 125 Levent 0 400 4254
620 4251 136 104 Hani 0 620 4251
396 4546 50 59 Perşembe 0 396 4546
617 4051 60 116 Erdemli 0 617 4051
237 4203 110 54 Tillo 0 237 4203
719 4348 93 116 Örencik 0 719 4348
654 4487 70 55 Armutlu 0 654 4487
522 4420 68 60 Yenice 0 522 4420
608 4347 69 86 Boztepe 0 608 4347
660 4286 107 140 Avanos 0 660 4286
487 4428 88 63 Keçiören 0 487 4428
390 4243 149 61 Kürecik 0 390 4243
523 4525 56 133 Tonya 0 523 4525
704 4036 91 62 Eşen 0 704 4036
530 4100 81 73 Ortyakent_Yahşi 0 530 4100
371 4413 124 133 Mihalıçcık 0 371 4413
293 4433 71 118 Mihalgazi 0 293 4433
635 4545 148 104 Gündoğdu 0 635 4545
410 4074 78 74 Gündoğmuş 0 410 4074
310 4597 88 114 Posof 0 310 4597
576 4370 102 69 Pülümür 0 576 4370
470 4596 92 64 Karakasım 0 470 4596
384 4303 74 130 Kuluncak 0 384 4303
396 4276 122 69 Turgut 0 396 4276
605 4532 65 139 Of 0 605 4532
536 4253 57 79 Kemalpaşa 0 536 4253
406 4523 72 64 Kabadüz 0 406 4523
719 4561 79 87 Şile 0 719 4561
480 4415 144 94 Refahiye 0 480 4415
484 4268 137 97 Baskil 0 484 4268
523 4543 130 66 Vakfıkebir 0 523 4543
500 4637 123 113 Cide 0 500 4637
663 4114 72 144 Akıncı 0 663 4114
526 4405 104 138 Çatalarmut 0 526 4405
493 4279 57 74 Cihanbeyli 0 493 4279
387 4091 139 79 Geriş 0 387 4091
598 4393 98 140 Kepsut 0 598 4393
664 4380 68 87 Gökçedağ 0 664 4380
428 4573 145 129 Gökçebey 0 428 4573
622 4289 74 74 Köprübaşı 0 622 4289
593 4517 84 126 Köprübaşı 0 593 4517
243 3984 51 87 Kışlak 0 243 3984
749 4149 78 77 Kozan 0 749 4149
573 4157 102 75 Karpuzlu 0 573 4157
248 4041 113 57 Belen 0 248 4041
288 4450 81 101 Yenipazar 0 288 4450
605 4186 141 85 Yenipazar 0 605 4186
679 4370 86 106 Yenipazar 0 679 4370
649 4535 132 62 Kaptanpaşa 0 649 4535
585 4403 141 61 Yeniköy 0 585 4403
418 4128 139 93 Yalıhüyük 0 418 4128
511 4545 54 118 Eynesil 0 511 4545
569 4319 128 93 Evren 0 569 4319
651 4248 70 74 Derinkuyu 0 651 4248
558 4282 136 144 Halitpaşa 0 558 4282
508 4378 68 139 Havran 0 508 4378
315 4115 101 141 Sakçagöz 0 315 4115
597 4225 117 112 Kaymakçı 0 597 4225
547 4273 113 119 İçme 0 547 4273
361 4246 108 109 Akşehir 0 361 4246
713 4521 54 78 Yusufeli 0 713 4521
286 4292 131 83 Afyonkarahisar 0 286 4292
317 4235 73 131 Afşin 0 317 4235
262 4049 92 56 Altınyaka 0 262 4049
305 4349 57 133 Altınyayla 0 305 4349
726 4097 143 141 Altınyayla 0 726 4097
616 4447 65 68 Sungurlu 0 616 4447
586 4424 136 123 Otlukbeli 0 586 4424
433 4116 91 136 Bozkır 0 433 4116
421 4121 73 89 Ahırlı 0 421 4121
363 4202 101 90 Nurhak 0 363 4202
277 4345 113 58 Nurettin 0 277 4345
285 4350 121 129 Nurettin 0 285 4350
454 4387 144 132 Kuruçay 0 454 4387
464 4424 97 108 Sincan 0 464 4424
402 4369 148 73 Sincan 0 402 4369
444 4252 105 87 Battalgazi 0 444 4252
269 4063 73 110 Güvenç 0 269 4063
433 4208 138 147 Çelikhan 0 433 4208
263 4042 97 127 Kırıkhan 0 263 4042
554 4450 117 120 Köse 0 554 4450
425 4459 86 143 Gökçekent 0 425 4459
252 4284 88 53 Pazarören 0 252 4284
431 4530 145 130 Pazarköy 0 431 4530
684 4318 64 104 Pazarlar 0 684 4318
534 4411 136 123 Pazarköy 0 534 4411
679 4570 104 53 Fındıklı 0 679 4570
478 4192 77 74 Narince 0 478 4192
307 4285 96 80 Çobanlar 0 307 4285
491 4426 51 97 Etili 0 491 4426
496 4120 111 108 Kazımkarabekir 0 496 4120
398 4083 145 122 Güzelsu 0 398 4083
395 4240 123 114 Güzelsu 0 395 4240
470 4479 139 61 Kızılcahamam 0 470 4479
557 4470 104 115 Kale 0 557 4470
368 4221 129 146 Kırkgeçit 0 368 4221
709 4094 135 56 Yüreğir 0 709 4094
491 4526 68 117 Malkara 0 491 4526
412 4278 124 78 Özalp 0 412 4278
549 4209 74 84 Boğaziçi 0 549 4209
643 4073 51 93 Mersin 0 643 4073
662 4290 105 106 Selendi 0 662 4290
671 4586 138 143 Durağan 0 671 4586
548 4233 74 81 Sultanhanı 0 548 4233
345 4266 63 107 Sultandağı 0 345 4266
405 4237 106 73 Ilgın 0 405 4237
552 4530 101 125 Ilgaz 0 552 4530
322 4194 114 74 Narlı 0 322 4194
723 4212 141 68 Yanarsu 0 723 4212
539 4145 92 84 Karakeçi 0 539 4145
532 4382 79 143 Karakeçili 0 532 4382
354 4393 139 69 Karayün 0 354 4393
407 4296 76 55 Hekimhan 0 407 4296
291 4420 69 74 Hekimdağ 0 291 4420
615 4644 99 120 Güzelkent 0 615 4644
373 4160 144 71 Geçitli 0 373 4160
244 4208 60 57 Saimbeyli 0 244 4208
555 4439 136 132 Gönen 0 555 4439
281 4203 100 59 Gönen 0 281 4203
330 4286 71 86 Bolvadin 0 330 4286
263 4525 120 134 Akmeşe 0 263 4525
275 4561 74 90 Çayırkent 0 275 4561
620 4385 84 80 Çiçekdağı 0 620 4385
681 4500 89 134 Çamlıkaya 0 681 4500
390 4117 141 54 Cevizli 0 390 4117
386 4439 62 50 Çayırhan 0 386 4439
603 4510 69 112 Çaykara 0 603 4510
278 4075 60 108 Hassa 0 278 4075
657 4078 83 123 Ortaca 0 657 4078
282 4111 119 56 Hasanbeyli 0 282 4111
644 4315 76 74 Ilıcalar 0 644 4315
683 4523 92 78 Gümüş 0 683 4523
553 4191 61 150 Germencik 0 553 4191
557 4299 138 128 Akpazar 0 557 4299
273 4515 146 121 Taşova 0 273 4515
589 4226 61 128 Taşpınar 0 589 4226
538 4099 109 146 Bodrum 0 538 4099
527 4347 81 142 Turanlı 0 527 4347
250 4358 130 66 Karaçoban 0 250 4358
686 4063 119 146 Tuzla 0 686 4063
361 4413 80 114 Hafik 0 361 4413
427 4277 78 90 Saray 0 427 4277
487 4039 109 52 Kazancı 0 487 4039
473 4453 52 134 Kazan 0 473 4453
261 4260 77 86 Sandıklı 0 261 4260
507 4442 113 86 Akyurt 0 507 4442
594 4528 50 138 Sürmene 0 594 4528
721 4532 117 115 Öğdem 0 721 4532
670 4418 134 74 Orhaneli 0 670 4418
320 4316 88 134 Bayat 0 320 4316
728 4190 50 80 Beşpınar 0 728 4190
369 4512 105 87 Kabataş 0 369 4512
599 4199 80 92 Yenişehir 0 599 4199
418 4513 69 101 Yeniçağa 0 418 4513
714 4109 97 75 Girmeli 0 714 4109
429 4585 148 71 Perşembe 0 429 4585
673 4454 110 136 Osmangazi 0 673 4454
402 4473 73 66 Kıbrıscık 0 402 4473
690 4057 141 93 Fethiye 0 690 4057
389 4188 131 91 Harmanlı 0 389 4188
678 4460 95 148 Demirtaş 0 678 4460
258 4522 95 95 Olur 0 258 4522
620 4205 51 114 Altunhisar 0 620 4205
424 4398 68 134 Karacaören 0 424 4398
635 4198 75 92 Pamukören 0 635 4198
607 4417 144 85 Salmanlı 0 607 4417
369 4535 89 147 Yığılca 0 369 4535
615 4170 87 107 Bozdoğan 0 615 4170
309 4482 139 101 Gökdere 0 309 4482
734 4516 72 137 Körfez 0 734 4516
530 4642 66 98 Dereköy 0 530 4642
553 4121 139 53 Güllük 0 553 4121
400 4429 106 64 Kırbaşı 0 400 4429
612 4108 83 143 Menteşe 0 612 4108
520 4502 56 63 Mürefte 0 520 4502
558 4316 77 112 Zeytinliova 0 558 4316
739 4554 111 71 Zeytinlik 0 739 4554
256 4028 143 66 Kumluca 0 256 4028
271 4027 113 144 Kumlu 0 271 4027
447 4267 141 67 Küçükbahçe 0 447 4267
622 4609 143 57 Hanönü 0 622 4609
552 4297 64 113 Çaybağı 0 552 4297
563 4189 53 57 İncirliova 0 563 4189
716 4609 83 120 Alaçam 0 716 4609
286 4267 73 67 Şuhut 0 286 4267
291 4501 139 131 Karapürçek 0 291 4501
275 4492 141 148 Şenkaya 0 275 4492
285 4220 134 89 Senirkent 0 285 4220
619 4327 78 94 Sancak 0 619 4327
269 4465 63 131 Dökmetepe 0 269 4465
424 4414 65 126 İmranlı 0 424 4414
486 4360 77 65 Gömeç 0 486 4360
501 4281 80 116 Poyraz 0 501 4281
287 4335 148 68 Malazgirt 0 287 4335
483 4385 114 128 Bozoğlak 0 483 4385
732 4330 68 135 Karaköy 0 732 4330
582 4467 60 98 Bandırma 0 582 4467
251 4071 79 131 Yakacık 0 251 4071
453 4463 105 71 Çeltikçi 0 453 4463
716 4311 134 100 Mercimekkale 0 716 4311
297 4434 54 83 Sarıcakaya 0 297 4434
521 4411 93 128 Hamdibey 0 521 4411
738 4431 121 53 Kadışehri 0 738 4431
393 4417 86 57 Zara 0 393 4417
571 4337 147 84 Nazimiye 0 571 4337
616 4197 82 111 Nazilli 0 616 4197
269 4444 76 133 Artova 0 269 4444
259 4433 135 110 Söğüt 0 259 4433
714 4439 107 65 İnegöl 0 714 4439
430 4232 80 97 Kadınhanı 0 430 4232
427 4031 114 81 Demirtaş 0 427 4031
400 4550 73 88 Eğerci 0 400 4550
703 4124 55 62 Çatalan 0 703 4124
604 4516 108 98 Dernekpazarı 0 604 4516
713 4572 78 75 Murgul 0 713 4572
349 4287 112 84 Gürün 0 349 4287
600 4259 115 96 Salihli 0 600 4259
504 4519 120 71 Ballı 0 504 4519
638 4187 59 128 Yenice 0 638 4187
743 4154 105 136 Yeşilova 0 743 4154
573 4251 119 121 Yeşilova 0 573 4251
744 4233 105 58 Bakırdağı 0 744 4233
544 4216 83 95 Yoğun 0 544 4216
647 4592 78 115 Boyabat 0 647 4592
651 4219 106 147 Bağdere 0 651 4219
260 4292 111 71 Sinanpaşa 0 260 4292
527 4301 85 71 Pertek 0 527 4301
374 4166 114 119 Belören 0 374 4166
541 4523 59 60 Belören 0 541 4523
528 4269 107 53 Mollakendi 0 528 4269
634 4435 142 86 Söğütalan 0 634 4435
588 4517 84 65 Küçükdere 0 588 4517
415 4171 143 96 Şambayat 0 415 4171
268 4457 70 123 Karaurgan 0 268 4457
523 4095 119 130 Turgutreis 0 523 4095
269 4461 88 57 Pazar 0 269 4461
255 4598 135 114 Ondokuzmayıs 0 255 4598
632 4245 145 135 Alaşehir 0 632 4245
426 4455 91 107 Uruş 0 426 4455
320 4296 82 131 Yazyurdu 0 320 4296
618 4448 136 109 Maden 0 618 4448
656 4153 72 96 Çiftehan 0 656 4153
319 4566 69 136 Hanak 0 319 4566
550 4450 51 53 Sarıköy 0 550 4450
492 4624 82 94 Süloğlu 0 492 4624
332 4337 110 68 Dedeli 0 332 4337
375 4236 68 136 Reis 0 375 4236
502 4208 54 101 Gerger 0 502 4208
296 4513 97 140 Karayaka 0 296 4513
705 4519 91 135 Gebze 0 705 4519
316 4108 87 134 Gebiz 0 316 4108
515 4531 79 127 Şalpazarı 0 515 4531
473 4352 64 69 Ayvalık 0 473 4352
560 4380 106 128 Ertuğrul 0 560 4380
520 4563 60 58 Dambaslar 0 520 4563
472 4473 118 125 Gallipoli 0 472 4473
396 4478 98 129 Mesudiye 0 396 4478
665 4264 95 138 Ağaçlı 0 665 4264
290 4548 138 106 Yalnızçam 0 290 4548
628 4078 136 130 Kuzucubelen 0 628 4078
364 4298 145 98 Timar 0 364 4298
740 4347 72 68 Halilçavuş 0 740 4347
495 4062 150 67 Akçakale 0 495 4062
493 4577 98 85 Pehlivanköy 0 493 4577
558 4617 141 55 Sergen 0 558 4617
330 4453 105 106 Kötek 0 330 4453
330 4087 57 64 Serik 0 330 4087
610 4270 150 97 Adala 0 610 4270
265 4186 91 148 Doğanca 0 265 4186
266 4439 147 116 Çiftlik 0 266 4439
711 4234 68 70 Bekilli 0 711 4234
392 4096 126 115 Nizip 0 392 4096
714 4390 92 116 Tekman 0 714 4390
400 4212 141 60 Aşağıçiğil 0 400 4212
534 4240 82 116 Dağkızılca 0 534 4240
541 4381 56 123 İvrindi 0 541 4381
614 4540 129 83 İyidere 0 614 4540
733 4192 86 80 Mansurlu 0 733 4192
418 4419 133 124 Iğdır 0 418 4419
460 4274 68 135 Aydınlar 0 460 4274
258 4382 52 78 Sabuncu 0 258 4382
758 4274 73 81 Hocalar 0 758 4274
523 4488 94 131 Torul 0 523 4488
359 4449 58 84 Nallıhan 0 359 4449
715 4462 144 123 Tortum 0 715 4462
565 4235 136 135 Ergani 0 565 4235
659 4638 92 65 Erfelek 0 659 4638
244 4321 126 80 Erentepe 0 244 4321
511 4241 74 74 Gaziemir 0 511 4241
707 4513 124 133 Sarıbuğday 0 707 4513
383 4510 125 75 Akyaka 0 383 4510
598 4418 86 136 Susurluk 0 598 4418
627 4342 150 92 Adaklı 0 627 4342
666 4561 64 72 Ardeşen 0 666 4561
639 4383 70 134 Dursunbey 0 639 4383
