119
450 37 99 72 Kawaala 0 450 37
630 118 57 67 Mbale 0 630 118
522 46 149 92 Jinja 0 522 46
267 334 106 62 Arua 0 267 334
438 3 114 116 Old_Entebbe 0 438 3
631 76 76 62 Tororo 0 631 76
422 306 116 61 Gulu 0 422 306
489 247 129 76 Lira 0 489 247
239 9930 141 122 Mbarara 0 239 9930
449 68 138 95 Bembe 0 449 68
832 25 93 87 Kasese 0 832 25
357 9965 126 110 Masaka 0 357 9965
486 363 123 143 Kitgum 0 486 363
619 50 66 119 Busia 0 619 50
552 67 138 126 Iganga 0 552 67
166 9853 64 110 Kabale 0 166 9853
197 73 67 84 Fort_Portal 0 197 73
391 46 72 118 Mityana 0 391 46
365 373 74 123 Adjumani 0 365 373
357 185 108 100 Masindi 0 357 185
578 126 118 82 Pallisa 0 578 126
287 274 64 71 Nebbi 0 287 274
358 404 101 69 Moyo 0 358 404
487 77 53 98 Kayunga 0 487 77
317 65 140 69 Mubende 0 317 65
332 272 61 94 Pakwach 0 332 272
195 9902 114 119 Ntungamo 0 195 9902
363 101 114 89 Kiboga 0 363 101
639 136 137 104 Sironko 0 639 136
604 161 114 146 Kumi 0 604 161
799 9857 111 97 Kisoro 0 799 9857
513 104 66 137 Kamuli 0 513 104
425 23 146 138 Mpami 0 425 23
607 209 78 61 Katakwi 0 607 209
398 187 50 145 Masindi_Port 0 398 187
439 144 104 114 Nakasongola 0 439 144
284 87 53 101 Kibale 0 284 87
413 9965 130 66 Kalangala 0 413 9965
517 192 130 137 Kaberamaido 0 517 192
815 9984 83 130 Katwe 0 815 9984
627 385 103 51 Kaabong 0 627 385
568 186 86 85 Soroti 0 568 186
684 279 95 100 Moroto 0 684 279
235 70 65 87 Kyenjojo 0 235 70
323 234 71 134 Bulisa 0 323 234
294 9955 114 50 Lyantonde 0 294 9955
519 209 82 90 Dokolo 0 519 209
606 101 82 71 Butaleja 0 606 101
477 265 89 99 Kole 0 477 265
366 132 68 125 Kyankwanzi 0 366 132
439 44 64 110 Wakiso 0 439 44
451 34 80 112 Kampala 0 451 34
344 9982 70 67 Bukomansimbi 0 344 9982
423 24 80 142 Mpigi 0 423 24
482 178 86 107 Amolatar 0 482 178
267 278 146 70 Zombo 0 267 278
382 311 107 140 Amuru 0 382 311
173 78 105 93 Bundibugyo 0 173 78
553 50 63 89 Mayuge 0 553 50
670 156 67 125 Binyin 0 670 156
258 9903 94 144 Isingiro 0 258 9903
448 218 99 89 Apac 0 448 218
501 37 150 136 Buikwe 0 501 37
388 291 58 117 Nwoya 0 388 291
517 127 93 133 Buyende 0 517 127
550 165 52 150 Serere 0 550 165
586 158 147 82 Ngora 0 586 158
431 83 116 127 Nakaseke 0 431 83
284 88 141 129 Kibale 0 284 88
214 9930 114 112 Kibingo 0 214 9930
522 24 55 63 Kitamilo 0 522 24
598 26 75 86 Namayingo 0 598 26
556 98 91 82 Kaliro 0 556 98
173 9924 95 111 Mitoma 0 173 9924
472 39 125 118 Mukono 0 472 39
698 211 92 90 Nakapiripirit 0 698 211
648 111 65 56 Bududa 0 648 111
576 92 84 130 Namutumba 0 576 92
398 22 57 113 Gombe 0 398 22
212 23 130 66 Kamwenge 0 212 23
528 248 147 86 Alebtong 0 528 248
653 128 128 64 Bulambuli 0 653 128
282 55 113 127 Kyegegwa 0 282 55
273 377 119 101 Koboko 0 273 377
477 390 50 139 Lamwo 0 477 390
537 313 50 71 Agago 0 537 313
695 139 145 141 Bukwa 0 695 139
652 108 86 106 Manafwa 0 652 108
431 247 146 99 Oyam 0 431 247
555 276 98 93 Otuke 0 555 276
272 361 128 84 Maracha 0 272 361
625 329 146 83 Kotido 0 625 329
716 215 130 128 Amudat 0 716 215
180 9966 88 72 Rubirizi 0 180 9966
441 93 62 70 Luwero 0 441 93
361 9981 133 126 Kalungu 0 361 9981
328 9991 98 74 Sembabule 0 328 9991
225 9982 79 55 Ibanda 0 225 9982
199 9961 108 85 Buhweju 0 199 9961
827 9906 139 148 Rukungiri 0 827 9906
661 154 107 89 Kapchorwa 0 661 154
263 9973 71 70 Kiruhura 0 263 9973
582 63 146 65 Bugiri 0 582 63
315 158 60 102 Hoima 0 315 158
219 115 101 121 Ntoroko 0 219 115
616 145 81 88 Bukedea 0 616 145
524 337 82 106 Pader 0 524 337
305 383 106 139 Yumbe 0 305 383
810 9894 53 126 Kanungu 0 810 9894
572 221 55 114 Amuria 0 572 221
322 9953 85 116 Lwengo 0 322 9953
395 207 68 53 Kiryandongo 0 395 207
189 9935 79 56 Bushenyi 0 189 9935
575 298 59 123 Abim 0 575 298
375 19 60 69 Kanoni 0 375 19
639 248 117 58 Napak 0 639 248
588 115 130 134 Kibuku 0 588 115
331 9920 128 112 Rakai 0 331 9920
533 77 88 118 Luuka_Town 0 533 77
