509
323 5589 61 115 Kiev 0 323 5589
303 5540 101 113 Kharkiv 0 303 5540
650 5369 127 66 Dnipro 0 650 5369
326 5148 132 72 Odesa 0 326 5148
408 5316 93 97 Donets’k 0 408 5316
286 5525 108 110 L’viv 0 286 5525
663 5298 79 98 Zaporizhzhya 0 663 5298
533 5306 76 88 Kryvyy_Rih 0 533 5306
423 5201 141 140 Mykolayiv 0 423 5201
388 5217 77 123 Mariupol’ 0 388 5217
523 5379 117 114 Luhans’k 0 523 5379
499 5474 82 110 Khmel’nyts’kyy 0 499 5474
429 5354 139 101 Horlivka 0 429 5354
541 4937 50 150 Sevastopol’ 0 541 4937
419 5322 147 98 Makiyivka 0 419 5322
587 4978 58 132 Simferopol’ 0 587 4978
607 5454 96 143 Vinnytsya 0 607 5454
470 5166 84 137 Kherson 0 470 5166
611 5494 102 90 Poltava 0 611 5494
380 5707 136 120 Chernihiv 0 380 5707
421 5349 128 108 Chernivtsi 0 421 5349
431 5475 136 134 Cherkasy 0 431 5475
626 5642 71 94 Sumy 0 626 5642
619 5569 146 59 Zhytomyr 0 619 5569
445 5608 91 135 Rivne 0 445 5608
399 5490 53 148 Ternopil’ 0 399 5490
332 5421 93 67 Ivano-Frankivs’k 0 332 5421
531 5435 70 123 Kremenchuk 0 531 5435
383 5624 113 113 Luts’k 0 383 5624
292 5521 73 131 Bila_Tserkva 0 292 5521
391 5393 66 139 Krasnotorka 0 391 5393
680 5191 74 93 Melitopol’ 0 680 5191
301 5026 136 74 Kerch 0 301 5026
595 5385 72 118 Uzhhorod 0 595 5385
605 5269 148 127 Nikopol’ 0 605 5269
459 5417 77 135 Lysychans’k 0 459 5417
681 5469 123 54 Drohobych 0 681 5469
331 5181 149 73 Berdyans’k 0 331 5181
421 5655 79 104 Nizhyn 0 421 5655
469 5392 92 117 Kam”yanets’-Podil’s’kyy 0 469 5392
528 5005 70 56 Yevpatoriya 0 528 5005
514 5676 107 74 Konotop 0 514 5676
532 5745 98 132 Shostka 0 532 5745
344 5598 73 53 Brovary 0 344 5598
295 5403 64 95 Uman’ 0 295 5403
644 5023 103 128 Izmayil 0 644 5023
592 4928 72 60 Yalta 0 592 4928
400 5507 138 137 Kup”yans’k 0 400 5507
615 5646 51 104 Korosten’ 0 615 5646
339 5676 113 130 Kovel’ 0 339 5676
319 5130 65 53 Illichivs’k 0 319 5130
374 5271 85 115 Voznesens’k 0 374 5271
608 5062 82 132 Dzhankoy 0 608 5062
426 5382 141 107 Artemivs’k 0 426 5382
635 5392 87 101 Tul’chyn 0 635 5392
684 5451 78 100 Orativ 0 684 5451
565 5322 72 147 Sofiyivka 0 565 5322
310 5370 149 141 Petropavlivka 0 310 5370
495 5568 72 61 Chornukhy 0 495 5568
601 5233 95 60 Verkhniy_Rohachyk 0 601 5233
413 5595 78 122 Z·hurivka 0 413 5595
403 5749 147 79 Horodnya 0 403 5749
487 5368 121 52 Kel’mentsi 0 487 5368
687 5523 97 125 Valky 0 687 5523
706 5614 120 125 Borodyanka 0 706 5614
334 5623 108 79 Lokachi 0 334 5623
675 5342 105 125 Chechel’nyk 0 675 5342
497 5712 80 105 Korop 0 497 5712
342 5457 115 88 Lysyanka 0 342 5457
615 5528 87 79 Berdychiv 0 615 5528
311 5636 106 141 Volodymyr-Volyns’kyy 0 311 5636
351 5526 130 126 Pechenihy 0 351 5526
389 5547 61 144 Pereyaslav-Khmel’nyts’kyy 0 389 5547
635 5574 98 65 Okhtyrka 0 635 5574
605 5189 142 72 Nyzhni_Sirohozy 0 605 5189
308 5562 124 135 Vasyl’kiv 0 308 5562
278 5343 122 127 Vasyl’kivka 0 278 5343
338 5301 100 145 Velyka_Novosilka 0 338 5301
438 5534 100 67 Drabiv 0 438 5534
587 5444 143 66 Kobelyaky 0 587 5444
578 5464 119 68 Lityn 0 578 5464
630 5297 87 99 Tomakivka 0 630 5297
708 5245 89 134 Frunzivka 0 708 5245
461 5636 125 123 Kostopil’ 0 461 5636
364 5349 101 109 Krasnoarmiys’k 0 364 5349
302 5314 122 64 Kryve_Ozero 0 302 5314
539 5259 136 55 Vysokopillya 0 539 5259
684 5377 91 113 Mizhhir”ya 0 684 5377
449 5529 89 57 Troyits’ke 0 449 5529
366 5246 79 106 Veselynove 0 366 5246
430 5502 106 57 Zolotonosha 0 430 5502
547 5572 65 93 Baranivka 0 547 5572
654 5480 90 78 Karlivka 0 654 5480
611 5377 85 53 Tomashpil’ 0 611 5377
348 5277 75 96 Domanivka 0 348 5277
346 5490 62 87 Bohuslav 0 346 5490
498 5499 76 82 Krasyliv 0 498 5499
465 5575 50 92 Ostroh 0 465 5575
627 5366 103 58 Mukacheve 0 627 5366
666 5117 122 130 Tarutyne 0 666 5117
405 5692 138 73 Kulykivka 0 405 5692
508 5390 62 111 Oleksandriya 0 508 5390
294 5356 75 90 Ul’yanovka 0 294 5356
438 5473 81 90 Svatove 0 438 5473
618 5590 83 130 Chernyakhiv 0 618 5590
700 5463 76 73 Kehychivka 0 700 5463
622 5277 144 73 Marhanets’ 0 622 5277
670 5338 89 132 Khust 0 670 5338
329 5727 90 118 Ratne 0 329 5727
445 5708 97 51 Mena 0 445 5708
441 5344 120 107 Kompaniyivka 0 441 5344
357 5316 87 123 Putyla 0 357 5316
553 5755 70 77 Yampil’ 0 553 5755
430 5218 65 105 Novoazovs’k 0 430 5218
500 5423 94 92 Novoaydar 0 500 5423
547 4998 52 117 Saky 0 547 4998
703 5646 93 134 Ivankiv 0 703 5646
355 5377 119 149 Kolomyya 0 355 5377
654 5548 130 104 Krasnokuts’k 0 654 5548
690 5518 122 84 Horodok 0 690 5518
528 5306 81 111 Kryvyy_Rih 0 528 5306
522 5122 99 107 Kalanchak 0 522 5122
579 5545 71 123 Chudniv 0 579 5545
333 5522 112 91 Chuhuyiv 0 333 5522
676 5588 144 97 Velyka_Pysarivka 0 676 5588
701 5179 111 125 Pryazovs’ke 0 701 5179
672 5010 102 107 Kirovs’ke 0 672 5010
582 5469 100 90 Milove 0 582 5469
532 5187 66 72 Beryslav 0 532 5187
532 5417 93 84 Onufriyivka 0 532 5417
394 5302 134 149 Brats’ke 0 394 5302
566 5063 147 57 Pervomays’ke 0 566 5063
332 5572 54 119 Radekhiv 0 332 5572
549 5436 88 103 Bar 0 549 5436
680 5559 55 140 Bohodukhiv 0 680 5559
707 5460 51 141 Stryy 0 707 5460
685 5661 100 128 Krasyatychi 0 685 5661
400 5643 113 70 Nosivka 0 400 5643
710 5489 101 123 Volodarka 0 710 5489
443 5487 52 77 Volochys’k 0 443 5487
541 5134 113 77 Chaplynka 0 541 5134
326 5662 135 92 Turiys’k 0 326 5662
647 5446 125 79 Turka 0 647 5446
358 5369 90 89 Dobropillya 0 358 5369
556 5601 112 53 Lypova_Dolyna 0 556 5601
675 5409 50 145 Haysyn 0 675 5409
708 5551 134 79 Fastiv 0 708 5551
291 5325 114 87 Rakhiv 0 291 5325
572 5525 118 134 Shyshaky 0 572 5525
548 5326 124 139 Sverdlovs’k 0 548 5326
488 5429 112 58 Dunayivtsi 0 488 5429
459 5539 139 51 Bilohir”ya 0 459 5539
561 5089 95 117 Krasnoperekops’k 0 561 5089
366 5438 85 71 Monastyrys’ka 0 366 5438
488 5239 90 124 Bereznehuvate 0 488 5239
396 5410 80 130 Slov”yans’k 0 396 5410
498 5393 80 123 Slov”yanoserbs’k 0 498 5393
437 5323 137 143 Bobrynets’ 0 437 5323
480 5486 122 87 Bilokurakyne 0 480 5486
365 5345 59 131 Vyzhnytsya 0 365 5345
488 5364 50 81 Pereval’s’k 0 488 5364
478 5162 122 133 Tsyurupyns’k 0 478 5162
367 5550 146 92 Brody 0 367 5550
401 5596 93 67 Mlyniv 0 401 5596
608 5359 55 138 Krynychky 0 608 5359
639 5594 65 147 Trostyanets’ 0 639 5594
665 5375 89 133 Trostyanets’ 0 665 5375
640 5341 90 50 Pishchanka 0 640 5341
670 5534 128 132 Yavoriv 0 670 5534
308 5505 83 57 Zmiyiv 0 308 5505
605 5604 131 140 Lebedyn 0 605 5604
537 5184 121 131 Kakhovka 0 537 5184
436 5552 62 114 Shums’k 0 436 5552
365 5477 127 61 Kozova 0 365 5477
354 5579 80 56 Boryspil’ 0 354 5579
427 5289 139 86 Starobesheve 0 427 5289
569 5261 99 147 Novovorontsovka 0 569 5261
558 5672 78 126 Buryn’ 0 558 5672
543 5535 120 145 Myrhorod 0 543 5535
552 5362 51 88 P”yatykhatky 0 552 5362
706 5511 89 69 Nova_Vodolaha 0 706 5511
514 5680 119 55 Rokytne 0 514 5680
679 5573 128 53 Brusyliv 0 679 5573
609 5520 90 69 Dykan’ka 0 609 5520
639 5115 94 52 Heniches’k 0 639 5115
442 5433 110 138 Kreminna 0 442 5433
458 5322 76 102 Shakhtars’k 0 458 5322
535 5389 133 62 Stanytsya_Luhans’ka 0 535 5389
499 5540 69 88 Lubny 0 499 5540
625 5060 58 142 Bolhrad 0 625 5060
639 5341 144 59 Solone 0 639 5341
520 5514 78 125 Khorol 0 520 5514
354 5502 148 80 Myronivka 0 354 5502
292 5474 132 137 Zhydachiv 0 292 5474
472 5687 91 140 Sarny 0 472 5687
661 5397 59 56 Volovets’ 0 661 5397
553 5278 53 79 Apostolove 0 553 5278
293 5679 51 121 Lyuboml’ 0 293 5679
445 5373 124 129 Kropyvnyts’kyy 0 445 5373
293 5262 83 102 Polohy 0 293 5262
705 5237 147 139 Tokmak 0 705 5237
645 5208 56 73 Vesele 0 645 5208
485 5213 90 84 Snihurivka 0 485 5213
443 5423 56 67 Oleksandrivka 0 443 5423
601 5034 115 91 Reni 0 601 5034
675 5537 94 107 Popil’nya 0 675 5537
634 5425 93 54 Nemyriv 0 634 5425
413 5283 147 104 Yelanets’ 0 413 5283
399 5388 99 116 Mala_Vyska 0 399 5388
318 5492 118 125 Tarashcha 0 318 5492
439 5740 126 77 Zarichne 0 439 5740
348 5519 73 61 Zolochiv 0 348 5519
712 5573 128 93 Zolochiv 0 712 5573
307 5432 95 62 Kalush 0 307 5432
610 5479 94 112 Kalynivka 0 610 5479
683 5434 87 104 Skole 0 683 5434
689 5291 143 145 Kotovs’k 0 689 5291
426 5251 55 105 Tel’manove 0 426 5251
350 5478 58 131 Berezhany 0 350 5478
712 5358 85 134 Hayvoron 0 712 5358
414 5375 76 71 Zastavna 0 414 5375
427 5741 53 85 Shchors 0 427 5741
490 5572 142 90 Slavuta 0 490 5572
295 5119 51 72 Bilhorod-Dnistrovs’kyy 0 295 5119
531 5457 147 120 Derazhnya 0 531 5457
533 5622 52 80 Romny 0 533 5622
442 5435 68 62 Husyatyn 0 442 5435
400 5404 53 71 Novomyrhorod 0 400 5404
559 5366 99 71 Mohyliv-Podil’s’kyy 0 559 5366
382 5429 64 121 Shpola 0 382 5429
335 5335 128 150 Verkhovyna 0 335 5335
590 5591 137 139 Chervonoarmiys’k 0 590 5591
292 5424 99 142 Rozhnyativ 0 292 5424
341 5596 112 85 Horokhiv 0 341 5596
610 5430 129 73 Tyvriv 0 610 5430
358 5352 50 109 Kosiv 0 358 5352
526 5710 141 142 Krolevets’ 0 526 5710
438 5487 72 129 Pidvolochys’k 0 438 5487
665 5174 53 90 Yakymivka 0 665 5174
339 5323 117 125 Pervomays’k 0 339 5323
446 5596 127 145 Zdolbuniv 0 446 5596
354 5249 120 102 Rozivka 0 354 5249
367 5641 113 79 Kozelets’ 0 367 5641
561 5451 81 104 Kozel’shchyna 0 561 5451
513 5493 61 104 Semenivka 0 513 5493
480 5593 85 80 Varva 0 480 5593
343 5525 115 75 Kaharlyk 0 343 5525
457 5634 79 124 Ichnya 0 457 5634
418 5452 60 143 Smila 0 418 5452
462 5372 138 114 Khotyn 0 462 5372
626 4990 137 105 Bilohirs’k 0 626 4990
646 5575 144 74 Korostyshiv 0 646 5575
457 5250 95 119 Bashtanka 0 457 5250
530 5366 108 103 Sokyryany 0 530 5366
312 5362 70 75 Holovanivs’k 0 312 5362
476 5435 110 89 Chyhyryn 0 476 5435
460 5678 64 91 Borzna 0 460 5678
517 5432 61 56 Svitlovods’k 0 517 5432
702 5393 68 55 Teplyk 0 702 5393
386 5460 71 117 Horodyshche 0 386 5460
591 5667 79 68 Bilopillya 0 591 5667
659 5627 57 82 Krasnopillya 0 659 5627
406 5461 82 115 Terebovlya 0 406 5461
344 5481 138 61 Balakliya 0 344 5481
460 5293 139 60 Amvrosiyivka 0 460 5293
720 5289 84 106 Anan’yiv 0 720 5289
313 5612 75 141 Ivanychi 0 313 5612
686 5354 52 72 Synel’nykove 0 686 5354
569 5489 118 140 Khmil’nyk 0 569 5489
561 5631 55 126 Nedryhayliv 0 561 5631
712 5549 50 88 Zhovkva 0 712 5549
556 5636 73 114 Yemil’chyne 0 556 5636
456 5604 111 119 Pryluky 0 456 5604
709 5448 120 131 Sakhnovshchyna 0 709 5448
302 5125 134 137 Ovidiopol’ 0 302 5125
353 5414 64 75 Tlumach 0 353 5414
665 5523 141 106 Kolomak 0 665 5523
354 5419 128 90 Barvinkove 0 354 5419
632 5508 148 73 Kozyatyn 0 632 5508
486 5299 73 102 Kazanka 0 486 5299
566 5555 70 146 Romaniv 0 566 5555
394 5366 60 74 Snyatyn 0 394 5366
571 5225 107 69 Velyka_Lepetykha 0 571 5225
454 5386 148 144 Popasna 0 454 5386
342 5418 109 124 Tysmenytsya 0 342 5418
595 5466 93 97 Novi_Sanzhary 0 595 5466
286 5151 68 109 Bilyayivka 0 286 5151
663 5483 105 118 Pohrebyshche 0 663 5483
334 5443 131 109 Halych 0 334 5443
404 5335 122 109 Storozhynets’ 0 404 5335
408 5366 60 125 Kitsman’ 0 408 5366
391 5632 128 80 Kivertsi 0 391 5632
706 5099 131 119 Sarata 0 706 5099
463 5152 84 67 Hola_Prystan’ 0 463 5152
598 5659 148 146 Luhyny 0 598 5659
686 5360 144 116 Bershad’ 0 686 5360
597 5562 134 60 Zin’kiv 0 597 5562
289 5458 60 57 Zhashkiv 0 289 5458
555 5206 95 138 Hornostayivka 0 555 5206
372 5452 102 73 Izyum 0 372 5452
487 5551 113 145 Izyaslav 0 487 5551
681 5312 57 111 Vil’nyans’k 0 681 5312
476 5605 138 95 Hoshcha 0 476 5605
649 5455 118 134 Lypovets’ 0 649 5455
329 5553 124 70 Obukhiv 0 329 5553
620 5398 144 83 Petrykivka 0 620 5398
374 5307 123 148 Arbuzynka 0 374 5307
373 5475 64 127 Korsun’-Shevchenkivs’kyy 0 373 5475
285 5231 87 84 Chernihivka 0 285 5231
582 5377 66 81 Chernivtsi 0 582 5377
317 5506 116 79 Rokytne 0 317 5506
519 5282 144 111 Shyroke 0 519 5282
411 5570 124 92 Yahotyn 0 411 5570
296 5474 148 94 Stavyshche 0 296 5474
429 5406 73 96 Borshchiv 0 429 5406
478 5515 113 111 Orzhytsya 0 478 5515
577 5490 94 111 Reshetylivka 0 577 5490
494 5612 65 85 Sribne 0 494 5612
304 5426 134 75 Man’kivka 0 304 5426
365 5503 142 67 Zboriv 0 365 5503
654 5517 61 143 Mostys’ka 0 654 5517
567 4956 81 55 Bakhchysaray 0 567 4956
319 5303 107 110 Vradiyivka 0 319 5303
482 5329 110 150 Dolyns’ka 0 482 5329
341 5229 110 104 Berezivka 0 341 5229
717 5412 90 122 Khrystynivka 0 717 5412
488 5448 122 108 Yarmolyntsi 0 488 5448
671 5256 150 62 Vasylivka 0 671 5256
579 5279 123 144 Ordzhonikidze 0 579 5279
703 5709 141 94 Shats’k 0 703 5709
440 5697 84 81 Volodymyrets’ 0 440 5697
464 5282 63 92 Novyy_Buh 0 464 5282
322 5701 80 133 Stara_Vyzhivka 0 322 5701
412 5430 136 51 Chortkiv 0 412 5430
544 5494 104 107 Stara_Synyava 0 544 5494
475 5395 101 61 Znam”yanka 0 475 5395
407 5388 94 116 Zalishchyky 0 407 5388
709 5271 90 56 Orikhiv 0 709 5271
661 5441 116 90 Illintsi 0 661 5441
625 5547 83 57 Kotel’va 0 625 5547
288 5251 54 143 Shyryayeve 0 288 5251
656 5508 50 106 Chutove 0 656 5508
384 5546 77 56 Velykyy_Burluk 0 384 5546
607 5417 69 138 Velykyy_Bereznyy 0 607 5417
638 5360 73 97 Kryzhopil’ 0 638 5360
297 5179 75 112 Prymors’k 0 297 5179
493 5458 109 81 Starobil’s’k 0 493 5458
554 5530 135 69 Lyubar 0 554 5530
351 5424 80 117 Katerynopil’ 0 351 5424
342 5344 51 137 Vil’shanka 0 342 5344
659 5487 57 138 Sambir 0 659 5487
618 5175 142 146 Ivanivka 0 618 5175
307 5205 108 94 Ivanivka 0 307 5205
699 5594 83 80 Makariv 0 699 5594
371 5212 81 104 Manhush 0 371 5212
351 5438 102 107 Zvenyhorodka 0 351 5438
650 5334 102 123 Vynohradiv 0 650 5334
471 5780 50 57 Semenivka 0 471 5780
608 5399 78 54 Perechyn 0 608 5399
650 5022 81 142 Sovyets’kyy 0 650 5022
645 5674 117 54 Narodychi 0 645 5674
541 5485 145 146 Markivka 0 541 5485
412 5426 81 73 Krasnyy_Lyman 0 412 5426
579 5398 82 139 Sharhorod 0 579 5398
635 5034 121 104 Nyzhn’ohirs’kyy 0 635 5034
457 5163 62 99 Bilozerka 0 457 5163
691 5320 123 64 Tyachiv 0 691 5320
538 5396 139 117 Murovani_Kurylivtsi 0 538 5396
517 5431 145 107 Vin’kivtsi 0 517 5431
331 5346 122 144 Mezhova 0 331 5346
536 5552 137 146 Polonne 0 536 5552
595 5344 129 92 Yampil’ 0 595 5344
459 5551 101 62 Hrebinka 0 459 5551
323 5504 136 108 Peremyshlyany 0 323 5504
493 5106 82 76 Skadovs’k 0 493 5106
554 5349 102 56 Krasnodon 0 554 5349
339 5391 130 140 Novoarkhanhel’s’k 0 339 5391
570 5782 124 123 Seredyna-Buda 0 570 5782
711 5379 132 143 Pavlohrad 0 711 5379
408 5240 55 89 Nova_Odesa 0 408 5240
281 5428 137 127 Dolyna 0 281 5428
328 5537 131 135 Bus’k 0 328 5537
390 5353 149 98 Novoukrayinka 0 390 5353
651 5353 122 137 Irshava 0 651 5353
504 5559 139 112 Shepetivka 0 504 5559
292 5317 71 104 Pokrovs’ke 0 292 5317
625 5687 131 126 Ovruch 0 625 5687
294 5554 85 60 Derhachi 0 294 5554
307 5594 132 79 Sokal’ 0 307 5594
434 5523 61 119 Lanivtsi 0 434 5523
387 5273 66 51 Volnovakha 0 387 5273
476 5039 100 102 Chornomors’ke 0 476 5039
665 5389 59 58 Novomoskovs’k 0 665 5389
389 5392 110 55 Horodenka 0 389 5392
388 5311 56 90 Mar”yinka 0 388 5311
563 5725 141 74 Hlukhiv 0 563 5725
388 5163 80 110 Ochakiv 0 388 5163
346 5397 129 135 Oleksandrivka 0 346 5397
377 5190 61 101 Berezanka 0 377 5190
294 5301 96 72 Lyubashivka 0 294 5301
451 5428 113 61 Chemerivtsi 0 451 5428
397 5735 142 142 Lyubeshiv 0 397 5735
622 5340 91 101 Berehove 0 622 5340
282 5335 69 109 Savran’ 0 282 5335
560 5687 70 85 Putyvl’ 0 560 5687
322 5247 146 91 Kuybysheve 0 322 5247
381 5587 99 123 Demydivka 0 381 5587
331 5267 139 118 Mykolayivka 0 331 5267
368 5506 91 73 Shevchenkove 0 368 5506
382 5435 105 143 Buchach 0 382 5435
386 5622 61 125 Bobrovytsya 0 386 5622
444 5333 138 127 Hertsa 0 444 5333
378 5641 144 107 Rozhyshche 0 378 5641
570 5580 110 123 Hadyach 0 570 5580
364 5458 81 134 Pidhaytsi 0 364 5458
693 5472 134 71 Tetiyiv 0 693 5472
645 5478 84 94 Staryy_Sambir 0 645 5478
717 5317 89 128 Novomykolayivka 0 717 5317
277 5192 134 138 Rozdil’na 0 277 5192
297 5474 134 130 Pervomays’kyy 0 297 5474
692 5512 58 118 Skvyra 0 692 5512
342 5186 108 105 Kominternivs’ke 0 342 5186
705 5430 90 81 Monastyryshche 0 705 5430
326 5475 60 113 Rohatyn 0 326 5475
658 5329 115 106 Kodyma 0 658 5329
668 5237 116 79 Mykhaylivka 0 668 5237
353 5572 133 145 Vovchans’k 0 353 5572
465 5311 94 59 Ustynivka 0 465 5311
448 5735 116 134 Koryukivka 0 448 5735
319 5408 79 96 Bohorodchany 0 319 5408
716 5489 150 148 Mykolayiv 0 716 5489
506 5329 63 121 Antratsyt 0 506 5329
602 5606 90 112 Volodars’k-Volyns’kyy 0 602 5606
372 5229 125 121 Volodars’ke 0 372 5229
685 5268 107 98 Krasni_Okny 0 685 5268
451 5501 137 81 Chornobay 0 451 5501
375 5554 93 55 Radyvyliv 0 375 5554
380 5580 147 54 Baryshivka 0 380 5580
716 5217 123 106 Velyka_Mykhaylivka 0 716 5217
640 5420 134 142 Mahdalynivka 0 640 5420
608 5421 69 82 Tsarychanka 0 608 5421
399 5470 126 150 Borova 0 399 5470
434 5431 141 128 Kam”yanka 0 434 5431
506 5488 115 74 Novopskov 0 506 5488
303 5418 72 117 Lozova 0 303 5418
365 5361 102 67 Dobrovelychkivka 0 365 5361
404 5375 95 66 Kostyantynivka 0 404 5375
464 5565 57 110 Pyryatyn 0 464 5565
663 5451 96 94 Zachepylivka 0 663 5451
635 5478 50 57 Mashivka 0 635 5478
410 5585 88 77 Dubno 0 410 5585
482 5649 102 95 Berezne 0 482 5649
518 5579 65 106 Lokhvytsya 0 518 5579
331 5417 127 68 Tal’ne 0 331 5417
510 5631 81 108 Talalayivka 0 510 5631
709 5511 107 142 Pustomyty 0 709 5511
543 5604 140 92 Novohrad-Volyns’kyy 0 543 5604
687 5095 63 133 Artsyz 0 687 5095
320 5414 98 88 Blyznyuky 0 320 5414
644 5543 81 95 Andrushivka 0 644 5543
405 5522 68 77 Dvorichna 0 405 5522
310 5553 123 118 Kam”yanka-Buz’ka 0 310 5553
658 5510 88 94 Ruzhyn 0 658 5510
545 5470 136 86 Letychiv 0 545 5470
320 5389 111 129 Nadvirna 0 320 5389
516 5361 117 91 Lutuhyne 0 516 5361
717 5019 95 52 Lenine 0 717 5019
469 5713 129 106 Dubrovytsya 0 469 5713
514 5511 102 122 Starokostyantyniv 0 514 5511
511 5607 85 148 Korets’ 0 511 5607
703 5079 100 97 Tatarbunary 0 703 5079
542 5450 149 101 Bilovods’k 0 542 5450
676 5036 59 54 Kiliya 0 676 5036
658 5596 66 61 Radomyshl’ 0 658 5596
457 5520 115 129 Teofipol’ 0 457 5520
601 5039 63 110 Krasnohvardiys’ke 0 601 5039
695 5312 82 148 Balta 0 695 5312
389 5512 114 145 Kaniv 0 389 5512
598 5389 131 72 Verkhn’odniprovs’k 0 598 5389
469 5445 51 114 Horodok 0 469 5445
420 5326 56 139 Hlyboka 0 420 5326
657 5626 98 107 Malyn 0 657 5626
408 5550 116 149 Kremenets’ 0 408 5550
537 5068 95 68 Rozdol’ne 0 537 5068
552 5515 88 98 Velyka_Bahachka 0 552 5515
522 5240 57 50 Velyka_Oleksandrivka 0 522 5240
629 5237 101 131 Velyka_Bilozerka 0 629 5237
474 5356 119 114 Novhorodka 0 474 5356
517 5761 86 59 Novhorod-Sivers’kyy 0 517 5761
294 5282 52 100 Hulyaypole 0 294 5282
520 5409 79 136 Nova_Ushytsya 0 520 5409
518 5470 133 62 Hlobyne 0 518 5470
465 5708 68 118 Sosnytsya 0 465 5708
484 5672 133 75 Bakhmach 0 484 5672
518 5352 65 96 Petrove 0 518 5352
415 5331 72 82 Yasynuvata 0 415 5331
322 5606 51 124 Vyshhorod 0 322 5606
622 5262 79 101 Enerhodar 0 622 5262
280 5402 136 66 Yur”yivka 0 280 5402
545 5675 67 146 Olevs’k 0 545 5675
606 5260 131 106 Kam”yanka-Dniprovs’ka 0 606 5260
358 5721 118 56 Kamin’-Kashyrs’kyy 0 358 5721
445 5340 65 95 Novoselytsya 0 445 5340
367 5740 146 148 Ripky 0 367 5740
397 5683 115 134 Manevychi 0 397 5683
411 5501 131 108 Zbarazh 0 411 5501
677 5472 91 103 Krasnohrad 0 677 5472
581 5432 96 119 Zhmerynka 0 581 5432
602 5134 91 137 Novotroyits’ke 0 602 5134
