32
575 6142 104 107 Montevideo 0 575 6142
639 6580 84 126 Rivera 0 639 6580
688 6130 110 130 Punta_del_Este 0 688 6130
408 6527 87 83 Salto 0 408 6527
398 6423 138 105 Paysandú 0 398 6423
766 6414 79 94 Melo 0 766 6414
687 6136 93 78 Maldonado 0 687 6136
596 6490 78 54 Tacuarembó 0 596 6490
404 6320 123 121 Mercedes 0 404 6320
551 6636 103 148 Artigas 0 551 6636
662 6194 128 116 Minas 0 662 6194
526 6200 137 122 San_José 0 526 6200
544 6306 88 118 Durazno 0 544 6306
572 6226 62 119 Florida 0 572 6226
743 6319 143 132 Treinta_y_Tres 0 743 6319
744 6181 143 50 Rocha 0 744 6181
378 6334 87 79 Fray_Bentos 0 378 6334
442 6652 90 138 Bella_Unión 0 442 6652
422 6187 132 141 Colonia_del_Sacramento 0 422 6187
509 6291 58 133 Trinidad 0 509 6291
566 6179 86 54 Canelones 0 566 6179
381 6237 107 54 Carmelo 0 381 6237
555 6187 101 61 Santa_Lucía 0 555 6187
545 6368 106 134 Paso_de_los_Toros 0 545 6368
236 6212 68 105 Castillos 0 236 6212
619 6547 128 100 Tranqueras 0 619 6547
758 6270 111 104 Lascano 0 758 6270
224 6352 61 68 Vergara 0 224 6352
759 6160 53 51 La_Paloma 0 759 6160
706 6212 124 57 Aiguá 0 706 6212
468 6601 75 143 Baltasar_Brum 0 468 6601
675 6295 117 135 José_Batlle_y_Ordóñez 0 675 6295
