102
520 4573 100 132 Tashkent 0 520 4573
722 4542 77 52 Namangan 0 722 4542
735 4475 139 57 Farg‘ona 0 735 4475
324 4391 52 130 Samarqand 0 324 4391
275 4517 69 57 Andijon 0 275 4517
312 4325 72 72 Shahrisabz 0 312 4325
742 4304 131 109 Qarshi 0 742 4304
666 4486 71 134 Qatog‘on 0 666 4486
265 4420 61 96 Kattaqo‘rg‘on 0 265 4420
401 4441 125 86 Jizzax 0 401 4441
714 4703 103 144 Nukus 0 714 4703
403 4236 148 80 Denov 0 403 4236
702 4439 115 92 Navoiy 0 702 4439
596 4541 63 150 Angren 0 596 4541
558 4600 92 130 Iskandar 0 558 4600
347 4122 85 92 Termiz 0 347 4122
548 4590 93 105 Chirchiq 0 548 4590
302 4602 114 122 Urganch 0 302 4602
279 4584 57 93 Khiwa 0 279 4584
550 4521 67 57 Olmaliq 0 550 4521
632 4398 79 74 Kogon 0 632 4398
348 4362 138 94 Urgut 0 348 4362
481 4478 120 65 Guliston 0 481 4478
600 4603 126 135 Zarafshon_Shahri 0 600 4603
702 4697 77 147 Khŭjayli 0 702 4697
649 4767 123 61 Qŭnghirot 0 649 4767
727 4756 121 128 Chimboy_Shahri 0 727 4756
662 4848 60 148 Mŭynoq 0 662 4848
310 4511 95 61 Qo‘rg‘ontepa 0 310 4511
254 4555 59 79 Uchqŭrghon_Shahri 0 254 4555
674 4489 101 125 Uchko‘prik 0 674 4489
698 4452 117 102 Beshrabot 0 698 4452
634 4623 138 90 Tomdibuloq 0 634 4623
709 4310 135 57 Mug‘lon_Shahar 0 709 4310
313 4618 132 72 Beruniy_Shahri 0 313 4618
734 4280 90 95 Yangi-Nishon_Shahri 0 734 4280
481 4482 139 80 Guliston 0 481 4482
261 4520 104 116 Oltinko‘l 0 261 4520
636 4477 147 149 Beshariq 0 636 4477
711 4542 104 145 Tŭragŭrghon_Shahri 0 711 4542
739 4532 135 110 Baliqchi 0 739 4532
293 4504 133 139 Xo‘jaobod 0 293 4504
681 4491 65 142 Yangiqo‘rg‘on 0 681 4491
273 4486 78 79 Marhamat 0 273 4486
682 4427 84 139 Ravon 0 682 4427
725 4488 146 53 Langar 0 725 4488
267 4531 73 113 Poytug‘ 0 267 4531
727 4514 119 73 Oqoltin 0 727 4514
686 4347 150 80 Muborak_Shahri 0 686 4347
316 4332 64 65 Kitob_Shahri 0 316 4332
724 4324 68 100 Koson_Shahri 0 724 4324
329 4634 145 149 Bo‘ston_Shahri 0 329 4634
311 4324 60 141 Shahrisabz_Shahri 0 311 4324
729 4299 92 123 Beshkent_Shahri 0 729 4299
682 4460 129 69 Konimex 0 682 4460
273 4526 135 133 Kuyganyor 0 273 4526
731 4504 61 51 Yozyovon 0 731 4504
726 4494 119 149 Nurota_Shahri 0 726 4494
702 4445 75 118 Karmana_Shahri 0 702 4445
545 4666 107 108 Uchquduq_Shahri 0 545 4666
713 4739 96 81 Kegeyli_Shahar 0 713 4739
694 4469 121 133 Rishton 0 694 4469
288 4500 115 150 Buloqboshi 0 288 4500
622 4403 91 93 Buxoro 0 622 4403
663 4849 69 98 Mo‘ynoq_Shahri 0 663 4849
252 4489 76 73 Quva 0 252 4489
701 4441 113 93 Navoiy 0 701 4441
709 4474 69 146 Oltiariq 0 709 4474
656 4432 110 79 Qiziltepa_Shahri 0 656 4432
289 4533 94 148 Paxtaobod 0 289 4533
713 4569 57 115 Kosonsoy 0 713 4569
650 4482 150 89 Navbahor 0 650 4482
732 4450 93 121 Vodil 0 732 4450
687 4481 93 111 Bag‘dod 0 687 4481
333 4602 109 65 To‘rtko‘l_Shahri 0 333 4602
701 4698 54 60 Xo‘jayli_Shahri 0 701 4698
299 4316 107 118 Yakkabog‘_Shahri 0 299 4316
279 4299 72 73 Qamashi_Shahri 0 279 4299
290 4322 121 69 Chiroqchi_Shahri 0 290 4322
256 4767 135 56 Qorao‘zak 0 256 4767
707 4719 73 71 Oqmang‘it 0 707 4719
662 4494 106 117 Dang‘ara 0 662 4494
280 4765 74 52 Taxtako‘pir 0 280 4765
752 4434 67 84 Yangirabot 0 752 4434
257 4667 79 119 Mang‘it_Shahri 0 257 4667
658 4722 134 107 Shumanay_Shahri 0 658 4722
287 4246 79 81 Qorashina 0 287 4246
300 4510 130 124 Oxunboboyev 0 300 4510
654 4471 128 83 Yaypan 0 654 4471
260 4278 122 57 G‘uzor_Shahri 0 260 4278
697 4302 50 97 Yangi_Mirishkor 0 697 4302
734 4484 85 93 Toshloq 0 734 4484
737 4550 54 118 Chortoq 0 737 4550
650 4768 51 147 Qo‘ng‘irot_Shahri 0 650 4768
753 4465 90 111 Quvasoy 0 753 4465
663 4744 84 64 Qanliko‘l 0 663 4744
692 4765 142 137 Qozonketkan 0 692 4765
677 4527 75 150 Pop_Shahri 0 677 4527
257 4533 137 72 Haqqulobod 0 257 4533
251 4511 102 113 Shahrixon 0 251 4511
266 4502 113 109 Asaka 0 266 4502
655 4374 145 113 Qorovulbozor_Shahri 0 655 4374
