624
685 1191 49 24 Ho_Chi_Minh_City 0 685 1191
588 2325 44 17 Hanoi 0 588 2325
675 2308 34 21 Haiphong 0 675 2308
586 1109 47 27 Cần_Thơ 0 586 1109
202 1779 38 19 Đà_Nẵng 0 202 1779
777 1821 42 27 Huế 0 777 1821
308 1522 29 24 Quy_Nhơn 0 308 1522
700 1209 31 25 Hiệp_Hòa 0 700 1209
573 2069 41 27 Phú_Vinh 0 573 2069
587 2388 25 16 Thành_Phố_Thái_Nguyên 0 587 2388
303 1354 40 18 Nha_Trang 0 303 1354
516 1014 48 23 Cà_Mau 0 516 1014
541 2357 42 23 Việt_Trì 0 541 2357
547 1148 49 19 Long_Xuyên 0 547 1148
178 1402 30 21 Buôn_Ma_Thuột 0 178 1402
183 1209 35 22 Phan_Thiết 0 183 1209
507 1109 47 28 Xóm_Rạch_Giồng 0 507 1109
606 1061 45 26 Sóc_Trăng 0 606 1061
221 1320 34 21 Đà_Lạt 0 221 1320
262 1672 27 29 Quảng_Ngãi 0 262 1672
726 1144 26 25 Vũng_Tàu 0 726 1144
680 1214 32 23 Thủ_Dầu_Một 0 680 1214
622 2259 31 26 Thành_Phố_Nam_Định 0 622 2259
579 1027 37 29 Thành_phố_Bạc_Liêu 0 579 1027
639 2261 32 15 Thành_Phố_Thái_Bình 0 639 2261
582 2189 44 27 Tinh_Xa 0 582 2189
555 2335 43 26 Sơn_Vi 0 555 2335
673 1935 41 18 Động_Hỏi 0 673 1935
280 1279 46 28 Phan_Rang-Tháp_Chàm 0 280 1279
595 2028 30 23 Hà_Tĩnh 0 595 2028
569 1156 32 25 Cao_Lãnh 0 569 1156
681 2417 31 26 Thành_Phố_Lạng_Sơn 0 681 2417
305 1316 46 19 Cam_Ranh 0 305 1316
179 1544 30 19 Plei_Khưn 0 179 1544
654 1165 43 30 Tân_An 0 654 1165
739 2325 47 21 Cẩm_Phả_Mines 0 739 2325
647 1099 35 29 Trà_Vinh 0 647 1099
602 2240 33 28 Thành_Phố_Ninh_Bình 0 602 2240
619 1250 29 26 Tây_Ninh 0 619 1250
651 1147 26 19 Mỹ_Hòa 0 651 1147
821 1592 36 27 Kon_Tum 0 821 1592
535 2301 47 17 Thành_Phố_Hòa_Bình 0 535 2301
603 1137 28 27 An_Long 0 603 1137
490 2402 48 16 Yên_Bái 0 490 2402
734 1853 26 17 Quảng_Trị 0 734 1853
514 1184 40 16 Châu_Phong 0 514 1184
317 1448 39 22 Tuy_Hòa 0 317 1448
394 2486 41 23 Lào_Cai 0 394 2486
636 2317 45 22 Hàn_Thượng 0 636 2317
623 2352 29 17 Bắc_Giang 0 623 2352
628 2505 36 30 Nà_Hoàng 0 628 2505
498 2523 38 21 Thành_Phố_Hà_Giang 0 498 2523
522 2413 37 18 Thành_Phố_Tuyên_Quang 0 522 2413
586 2449 28 15 Bắc_Kạn 0 586 2449
385 2359 50 23 Bản_Lân 0 385 2359
723 1860 37 30 Đông_Hà 0 723 1860
325 2404 25 26 Luân_Châu 0 325 2404
773 1326 36 23 Kiến_Đức 0 773 1326
619 2312 27 24 Kẻ_Sặt 0 619 2312
698 2407 28 18 Lộc_Bình 0 698 2407
820 1560 39 19 Phú_Hòa 0 820 1560
577 2287 32 20 Đại_Nghĩa 0 577 2287
605 2018 38 30 Cẩm_Xuyên 0 605 2018
629 2344 28 20 Neo 0 629 2344
635 2525 50 25 Thị_Trấn_Hùng_Quốc 0 635 2525
563 2365 25 24 Tam_Đảo 0 563 2365
614 1172 40 18 Tân_Thạnh 0 614 1172
619 2339 44 28 Phố_Mới 0 619 2339
613 2221 31 19 Phát_Diệm 0 613 2221
629 1116 27 22 Vũng_Liêm 0 629 1116
563 2191 27 26 Triệu_Sơn 0 563 2191
182 1418 25 30 Quảng_Phú 0 182 1418
576 2191 39 18 Rừng_Thông 0 576 2191
237 2456 48 25 Mường_Nhé 0 237 2456
801 1595 46 27 Sa_Thầy 0 801 1595
762 1208 30 17 Gia_Ray 0 762 1208
538 2221 48 17 Ngọc_Lặc 0 538 2221
771 1273 48 18 Đạ_Tẻh 0 771 1273
536 2309 25 21 Kỳ_Sơn 0 536 2309
528 2448 43 21 Thị_Trấn_Vĩnh_Lộc 0 528 2448
276 1328 32 20 Tô_Hạp 0 276 1328
685 1839 31 20 Khe_Sanh 0 685 1839
501 988 31 15 Cái_Nước 0 501 988
272 1358 25 17 Khánh_Vĩnh 0 272 1358
579 2326 41 28 Cầu_Diễn 0 579 2326
599 2344 50 22 Chờ 0 599 2344
661 2292 50 25 Tiên_Lãng 0 661 2292
530 1075 34 16 Gò_Quao 0 530 1075
385 1129 50 30 Phú_Quốc 0 385 1129
602 2480 27 16 Vân_Tùng 0 602 2480
693 1198 45 20 Quận_Chín 0 693 1198
674 1110 32 24 Ba_Tri 0 674 1110
601 1101 43 27 Trà_Ôn 0 601 1101
601 2304 40 16 Khoái_Châu 0 601 2304
500 1174 37 26 Nhà_Bàng 0 500 1174
742 1159 33 28 Thị_Trấn_Long_Điền 0 742 1159
508 2093 35 30 Anh_Sơn 0 508 2093
549 1057 29 23 Thị_Trấn_Ngan_Dừa 0 549 1057
659 2418 39 25 Văn_Quan 0 659 2418
218 1328 42 28 Lạc_Dương 0 218 1328
306 1471 46 29 Chí_Thạnh 0 306 1471
586 2324 48 15 Đống_Đa 0 586 2324
584 2326 40 21 Ba_Đình 0 584 2326
664 1162 36 28 Tân_Trụ 0 664 1162
650 1132 37 22 Bến_Tre 0 650 1132
558 1135 41 16 Thốt_Nốt 0 558 1135
615 1091 38 16 Cầu_Kè 0 615 1091
566 2117 30 29 Cầu_Giát 0 566 2117
558 1077 25 19 Nàng_Mau 0 558 1077
547 2528 36 24 Tân_Việt 0 547 2528
550 2524 41 15 Pác_Miầu 0 550 2524
523 2366 50 27 Phú_Thọ 0 523 2366
351 2416 45 15 Mường_Chiên 0 351 2416
566 2422 44 27 Chợ_Chu 0 566 2422
592 2202 39 15 Hậu_Lộc 0 592 2202
549 2100 35 20 Yên_Thành 0 549 2100
299 1333 34 22 Cam_Lâm 0 299 1333
635 2308 34 16 Gia_Lộc 0 635 2308
581 1042 41 27 Phú_Lộc 0 581 1042
673 1309 35 29 Lộc_Ninh 0 673 1309
721 1872 32 24 Gio_Linh 0 721 1872
315 2356 43 23 Điện_Biên_Đông 0 315 2356
595 2229 25 15 Tam_Điệp 0 595 2229
280 1638 40 23 Đức_Phổ 0 280 1638
744 1306 50 21 Đức_Phong 0 744 1306
272 1654 50 19 Mộ_Đức 0 272 1654
622 2248 43 22 Nam_Giang 0 622 2248
532 2089 46 21 Đô_Lương 0 532 2089
634 2260 45 26 Vũ_Thư 0 634 2260
476 2445 25 20 Thị_Trấn_Yên_Thế 0 476 2445
197 1461 47 25 Ea_Drăng 0 197 1461
590 1113 32 29 Bình_Minh 0 590 1113
509 1195 37 30 An_Phú 0 509 1195
272 1616 42 21 An_Lão 0 272 1616
608 1977 35 26 Đồng_Lê 0 608 1977
524 2541 47 19 Lũng_Hồ 0 524 2541
514 2556 32 21 Thị_Trấn_Yên_Minh 0 514 2556
748 1160 31 21 Thị_Trấn_Đất_Đỏ 0 748 1160
814 1393 44 30 Ea_T’ling 0 814 1393
589 2195 29 20 Bút_Sơn 0 589 2195
614 2352 48 26 Bích_Động 0 614 2352
290 1548 28 29 Phù_Cát 0 290 1548
568 2332 47 23 Phùng 0 568 2332
609 1110 37 26 Tam_Bình 0 609 1110
581 2150 45 24 Tĩnh_Gia 0 581 2150
695 1249 38 23 Phước_Vĩnh 0 695 1249
713 1193 50 26 Long_Thành 0 713 1193
521 993 49 19 Đầm_Dơi 0 521 993
638 2316 28 30 Thành_Phố_Hải_Dương 0 638 2316
539 2471 30 24 Thị_Trấn_Na_Hang 0 539 2471
188 1549 43 18 Đăk_Đoa 0 188 1549
636 2422 47 29 Bắc_Sơn 0 636 2422
224 1497 41 28 Ia_Pa 0 224 1497
612 1250 38 25 Châu_Thành 0 612 1250
587 2250 31 19 Me 0 587 2250
706 2326 33 21 Trới 0 706 2326
621 1124 36 17 Cái_Nhum 0 621 1124
175 1547 26 28 Pleiku 0 175 1547
552 2337 39 16 Sơn_Tây 0 552 2337
635 2234 42 27 Yên_Định 0 635 2234
193 1373 44 25 Lắk 0 193 1373
738 1800 35 21 A_Lưới 0 738 1800
803 1743 25 20 Thạnh_Mỹ 0 803 1743
791 1527 38 22 Chư_Ty 0 791 1527
599 2264 45 22 Thanh_Lưu 0 599 2264
568 1117 48 25 Ô_Môn 0 568 1117
648 2510 27 20 Thị_Trấn_Quảng_Uyên 0 648 2510
580 1081 50 16 Phụng_Hiệp 0 580 1081
626 1069 35 30 Cù_Lao_Dung 0 626 1069
634 1258 49 26 Dương_Minh_Châu 0 634 1258
664 1122 38 22 Giồng_Trôm 0 664 1122
638 2321 35 22 Nam_Sách 0 638 2321
580 2189 49 17 Thanh_Hóa 0 580 2189
199 1304 28 26 Đinh_Văn 0 199 1304
785 2374 46 22 Quảng_Hà 0 785 2374
252 1652 25 28 Minh_Long 0 252 1652
651 2461 48 17 Thị_Trấn_Thất_Khê 0 651 2461
260 1560 27 20 Vĩnh_Thạnh 0 260 1560
233 1688 47 29 Trà_Bồng 0 233 1688
616 2375 30 24 Cầu_Gồ 0 616 2375
387 2358 40 19 Thành_Phố_Sơn_La 0 387 2358
666 2439 44 16 Thị_Trấn_Na_Sầm 0 666 2439
601 2373 35 23 Hương_Sơn 0 601 2373
494 2240 27 26 Quan_Sơn 0 494 2240
667 2307 28 16 An_Dương 0 667 2307
642 1204 50 28 Đông_Thành 0 642 1204
622 2329 43 28 Gia_Bình 0 622 2329
650 1963 43 28 Ba_Đồn 0 650 1963
699 1210 43 28 Biên_Hòa 0 699 1210
609 2283 44 18 Hưng_Yên 0 609 2283
653 1172 36 19 Thủ_Thừa 0 653 1172
713 1888 48 15 Hồ_Xá 0 713 1888
569 2538 48 28 Thị_Trấn_Bảo_Lạc 0 569 2538
461 1137 32 28 Kiên_Lương 0 461 1137
566 2321 40 15 Quốc_Oai 0 566 2321
610 2533 32 29 Thị_Trấn_Xuân_Hoà 0 610 2533
599 2244 46 28 Thiên_Tồn 0 599 2244
251 1242 29 22 Liên_Hương 0 251 1242
764 1828 31 26 Hương_Trà 0 764 1828
603 2282 35 17 Hòa_Mạc 0 603 2282
500 1151 45 16 Tri_Tôn 0 500 1151
579 2063 39 30 Nghi_Xuân 0 579 2063
494 1062 50 16 Thứ_Mười_Một 0 494 1062
544 1166 43 22 Chợ_Mới 0 544 1166
622 1134 50 30 Chợ_Lách 0 622 1134
611 2343 29 23 Bắc_Ninh 0 611 2343
202 1553 28 27 Kon_Dơng 0 202 1553
766 1247 34 21 Tân_Phú 0 766 1247
679 1190 36 19 Quận_Mười_Một 0 679 1190
682 1190 50 28 Quận_Mười 0 682 1190
678 1192 34 23 Quận_Tân_Phú 0 678 1192
684 1191 42 19 Quận_Ba 0 684 1191
685 1194 45 28 Quận_Bình_Thạnh 0 685 1194
570 2226 43 26 Kim_Tân 0 570 2226
650 2243 45 30 Ngô_Đồng 0 650 2243
405 2416 48 25 Mù_Cang_Chải 0 405 2416
598 2505 33 28 Thị_Trấn_Nguyên_Bình 0 598 2505
792 1226 50 18 Tánh_Linh 0 792 1226
811 1378 42 27 Đắk_Mâm 0 811 1378
629 2507 29 18 Thành_Phố_Cao_Bằng 0 629 2507
607 2273 48 22 Vĩnh_Trụ 0 607 2273
274 1275 45 29 Phước_Dân 0 274 1275
646 2302 30 17 Tứ_Kỳ 0 646 2302
627 1277 28 25 Tân_Châu 0 627 1277
411 2145 35 28 Mường_Xén 0 411 2145
513 2368 37 27 Sông_Thao 0 513 2368
789 1819 31 20 Phú_Vang 0 789 1819
740 1847 25 21 Hải_Lăng 0 740 1847
529 1134 32 24 Núi_Sập 0 529 1134
646 1120 32 18 Mỏ_Cày 0 646 1120
597 2324 45 19 Trâu_Quỳ 0 597 2324
717 2384 35 23 Đình_Lập 0 717 2384
229 1723 31 16 Tam_Kỳ 0 229 1723
364 2371 49 17 Thị_Trấn_Thuận_Châu 0 364 2371
600 2519 45 20 Thị_Trấn_Thông_Nông 0 600 2519
211 1433 27 25 Krông_Năng 0 211 1433
514 2377 31 16 Thanh_Ba 0 514 2377
427 2327 40 23 Yên_Châu 0 427 2327
573 2064 26 16 Vinh 0 573 2064
263 1677 44 21 Sơn_Tịnh 0 263 1677
508 1106 29 27 Rạch_Giá 0 508 1106
518 2344 44 24 Thanh_Sơn 0 518 2344
814 1200 39 22 Thuận_Nam 0 814 1200
564 2217 40 26 Vĩnh_Lộc 0 564 2217
306 1403 47 22 Vạn_Giã 0 306 1403
663 1176 50 24 Bến_Lức 0 663 1176
598 1072 26 15 Châu_Thành 0 598 1072
705 1185 27 22 Nhơn_Trạch 0 705 1185
561 1112 44 19 Thới_Lai 0 561 1112
177 1381 25 24 Buôn_Trấp 0 177 1381
254 1410 44 23 M’Đrăk 0 254 1410
199 1778 46 21 Thanh_Khê 0 199 1778
639 2244 44 29 Xuân_Trường 0 639 2244
682 1173 49 29 Cần_Giuộc 0 682 1173
675 1162 32 26 Cần_Đước 0 675 1162
701 1846 25 22 Krông_Klang 0 701 1846
588 2350 36 17 Sóc_Sơn 0 588 2350
560 2328 28 29 Liên_Quan 0 560 2328
324 2494 49 29 Phong_Thổ 0 324 2494
385 2493 46 28 Bát_Xát 0 385 2493
693 1206 32 23 Dĩ_An 0 693 1206
585 1204 50 28 Vĩnh_Hưng 0 585 1204
685 1126 37 27 Bình_Đại 0 685 1126
630 2361 35 23 Vôi 0 630 2361
674 1182 45 30 Tân_Túc 0 674 1182
703 1266 33 29 Tân_Phú 0 703 1266
482 2405 25 23 Cổ_Phúc 0 482 2405
660 1154 44 24 Tầm_Vu 0 660 1154
573 2348 31 25 Phúc_Yên 0 573 2348
632 2247 50 23 Cổ_Lễ 0 632 2247
435 2373 30 27 Thị_Trấn_Trạm_Tấu 0 435 2373
201 1697 40 27 Trà_My 0 201 1697
491 2167 36 22 Kim_Sơn 0 491 2167
674 1925 34 27 Quán_Hàu 0 674 1925
479 979 41 15 Cái_Đôi_Vàm 0 479 979
807 2383 41 20 Móng_Cái 0 807 2383
647 1091 47 19 Châu_Thành 0 647 1091
605 2248 50 29 Lâm 0 605 2248
712 1859 38 23 Cam_Lộ 0 712 1859
571 2199 27 19 Vạn_Hà 0 571 2199
497 1003 40 15 Trần_Văn_Thời 0 497 1003
612 2329 30 30 Hồ 0 612 2329
608 1056 35 26 Mỹ_Xuyên 0 608 1056
799 1709 26 25 Khâm_Đức 0 799 1709
556 2333 48 21 Phúc_Thọ 0 556 2333
661 2488 44 23 Thị_Trấn_Tà_Lùng 0 661 2488
814 1606 31 17 Đắk_Hà 0 814 1606
409 2517 45 15 Thị_Trấn_Mường_Khương 0 409 2517
201 1734 37 25 Quế_Sơn 0 201 1734
648 1219 46 22 Trảng_Bàng 0 648 1219
181 1281 27 24 Di_Linh 0 181 1281
286 1282 49 16 Khánh_Hải 0 286 1282
610 1276 27 20 Tân_Biên 0 610 1276
559 2348 50 27 Yên_Lạc 0 559 2348
621 2459 45 23 Yến_Lạc 0 621 2459
606 1133 36 30 Vĩnh_Long 0 606 1133
531 1118 33 16 Tân_Hiệp 0 531 1118
647 1155 45 15 Tân_Hiệp 0 647 1155
628 1228 37 24 Bến_Cầu 0 628 1228
624 2324 31 20 Thứa 0 624 2324
354 2316 44 30 Sốp_Cộp 0 354 2316
295 1535 48 15 An_Nhơn 0 295 1535
605 2229 34 19 Yên_Thịnh 0 605 2229
299 1319 44 21 Cam_Ranh 0 299 1319
696 1322 47 26 Bù_Đốp 0 696 1322
528 2448 46 20 Huyện_Chiêm_Hóa 0 528 2448
663 1065 33 23 Duyên_Hải 0 663 1065
541 2399 39 28 Sơn_Dương 0 541 2399
227 1664 41 16 Sơn_Hà 0 227 1664
258 1302 45 26 Tân_Sơn 0 258 1302
648 1139 25 23 Châu_Thành 0 648 1139
255 1633 29 22 Ba_Tơ 0 255 1633
275 2476 33 25 Thị_Trấn_Mường_Tè 0 275 2476
762 1165 44 28 Thị_Trấn_Phước_Bửu 0 762 1165
662 2364 26 27 Chũ 0 662 2364
572 1197 47 19 Tân_Hưng 0 572 1197
206 1406 28 19 Phước_An 0 206 1406
715 2318 37 18 Thành_Phố_Hạ_Long 0 715 2318
812 1522 29 15 Chư_Prông 0 812 1522
607 1030 32 23 Vĩnh_Châu 0 607 1030
713 2293 42 23 Cát_Bà 0 713 2293
553 2032 47 16 Vũ_Quang 0 553 2032
805 1802 25 29 Phú_Lộc 0 805 1802
556 1145 49 24 Lấp_Vò 0 556 1145
295 1479 44 23 Đồng_Xuân 0 295 1479
812 1446 44 17 Ea_Súp 0 812 1446
787 2321 31 15 Cô_Tô 0 787 2321
510 1034 49 18 Thới_Bình 0 510 1034
776 1259 35 28 Ma_Đa_Gui 0 776 1259
730 1855 36 24 Ái_Tử 0 730 1855
590 2463 38 17 Phủ_Thông 0 590 2463
638 2285 48 15 Quỳnh_Côi 0 638 2285
713 1151 38 27 Cần_Giờ 0 713 1151
407 2344 27 28 Hát_Lót 0 407 2344
499 968 47 27 Năm_Căn 0 499 968
638 1072 30 22 Trà_Cú 0 638 1072
627 2277 46 23 Hưng_Hà 0 627 2277
529 2279 47 30 Mường_Khến 0 529 2279
203 1777 32 28 Sơn_Trà 0 203 1777
609 2315 37 16 Bẩn_Yên_Nhân 0 609 2315
562 2356 31 20 Vĩnh_Yên 0 562 2356
530 2350 48 15 Hưng_Hóa 0 530 2350
779 1237 40 22 Võ_Xu 0 779 1237
546 2262 42 27 Vụ_Bản 0 546 2262
596 2316 35 17 Văn_Giang 0 596 2316
789 1627 26 15 Plei_Kần 0 789 1627
184 1515 48 18 Chư_Sê 0 184 1515
656 2318 37 24 Phú_Thái 0 656 2318
542 1154 38 19 An_Châu 0 542 1154
582 2181 46 19 Quảng_Xương 0 582 2181
568 2170 42 15 Nông_Cống 0 568 2170
590 2275 45 20 Quế 0 590 2275
590 2031 28 20 Thạch_Hà 0 590 2031
648 1145 49 18 Mỹ_Tho 0 648 1145
576 1154 38 29 Mỹ_Thọ 0 576 1154
519 2136 28 18 Quỳ_Hợp 0 519 2136
427 2492 40 26 Bắc_Hà 0 427 2492
543 1130 33 28 Vĩnh_Thạnh 0 543 1130
547 1115 35 29 Cờ_Đỏ 0 547 1115
561 2049 28 25 Đức_Thọ 0 561 2049
587 2391 31 23 Chùa_Hang 0 587 2391
301 1529 30 24 Tuy_Phước 0 301 1529
790 1789 28 20 Khe_Tre 0 790 1789
629 2315 37 27 Lai_Cách 0 629 2315
203 1605 25 24 Đắk_Rve 0 203 1605
399 2379 46 18 Ít_Ong 0 399 2379
292 1355 47 30 Diên_Khánh 0 292 1355
676 960 25 17 Côn_Đảo 0 676 960
672 1932 34 30 Đồng_Hới 0 672 1932
693 1199 36 23 Thủ_Đức 0 693 1199
550 1043 39 19 Thị_Trấn_Phước_Long 0 550 1043
622 2292 40 16 Trần_Cao 0 622 2292
232 1524 39 24 Kông_Chro 0 232 1524
637 1226 30 16 Gò_Dầu 0 637 1226
806 1278 29 21 Bảo_Lộc 0 806 1278
661 2303 28 27 An_Lão 0 661 2303
582 1105 25 28 Cái_Răng 0 582 1105
551 1081 45 23 Vị_Thanh 0 551 1081
719 1211 44 28 Trảng_Bom 0 719 1211
656 2257 28 23 Tiền_Hải 0 656 2257
736 2324 33 24 Cẩm_Phả 0 736 2324
582 2040 35 15 Nghèn 0 582 2040
680 1188 33 26 Quận_Sáu 0 680 1188
682 1189 42 25 Quận_Năm 0 682 1189
685 1192 26 20 Quận_Một 0 685 1192
683 1193 40 15 Quận_Phú_Nhuận 0 683 1193
572 1137 32 30 Lai_Vung 0 572 1137
222 1721 37 22 Phú_Ninh 0 222 1721
794 1669 25 28 Đắk_Glei 0 794 1669
737 1161 29 27 Thành_Phố_Bà_Rịa 0 737 1161
543 2344 37 30 Tây_Đằng 0 543 2344
584 2329 45 29 Tây_Hồ 0 584 2329
259 1692 28 18 Bình_Sơn 0 259 1692
807 1545 27 26 Ia_Kha 0 807 1545
639 2378 30 27 Hữu_Lũng 0 639 2378
589 2213 25 30 Hà_Trung 0 589 2213
555 2286 32 22 Bo 0 555 2286
191 1758 49 19 Đại_Lộc 0 191 1758
569 1097 44 26 Một_Ngàn 0 569 1097
480 2478 31 23 Thị_Trấn_Việt_Quang 0 480 2478
271 1309 29 18 Bác_Ái 0 271 1309
671 2509 41 27 Thị_Trấn_Thanh_Nhật 0 671 2509
590 1084 39 21 Ngã_Bảy 0 590 1084
734 1211 50 18 Thống_Nhất 0 734 1211
705 1275 35 25 Đồng_Xoài 0 705 1275
580 2306 34 25 Kim_Bài 0 580 2306
663 2395 37 26 Đồng_Mỏ 0 663 2395
767 1834 41 17 Sịa 0 767 1834
536 2200 47 24 Thường_Xuân 0 536 2200
190 1724 29 29 Hiệp_Đức 0 190 1724
685 1206 50 28 Lái_Thiêu 0 685 1206
358 2468 48 19 Tam_Đường 0 358 2468
805 1622 46 28 Đắk_Tô 0 805 1622
574 2342 47 15 Mê_Linh 0 574 2342
552 2067 31 22 Nam_Đàn 0 552 2067
607 2309 28 21 Yên_Mỹ 0 607 2309
441 2349 33 25 Bắc_Yên 0 441 2349
652 1204 48 24 Hậu_Nghĩa 0 652 1204
568 2500 36 17 Bộc_Bố 0 568 2500
541 2561 38 27 Thị_Trấn_Mèo_Vạc 0 541 2561
364 2371 36 15 Thị_Trấn_Thuận_Châu 0 364 2371
608 1079 37 25 Kế_Sách 0 608 1079
283 1506 45 25 Vân_Canh 0 283 1506
793 1328 30 18 Gia_Nghĩa 0 793 1328
663 2274 48 27 Diêm_Điền 0 663 2274
589 1065 46 30 Huỳnh_Hữu_Nghĩa 0 589 1065
580 2319 27 19 Hà_Đông 0 580 2319
605 2338 39 25 Lim 0 605 2338
564 2255 31 16 Hàng_Trạm 0 564 2255
195 1779 35 16 Liên_Chiểu 0 195 1779
624 2236 35 25 Liễu_Đề 0 624 2236
240 1565 49 25 K_Bang 0 240 1565
273 1163 42 27 Phú_Quý 0 273 1163
640 2429 42 28 Bình_Gia 0 640 2429
534 1095 34 20 Giồng_Riềng 0 534 1095
601 2212 43 16 Nga_Sơn 0 601 2212
506 1084 32 21 An_Biên 0 506 1084
544 2174 27 18 Yên_Cát 0 544 2174
547 2368 41 15 Lập_Thạch 0 547 2368
595 2272 26 26 Thành_Phố_Phủ_Lý 0 595 2272
529 2341 30 18 Thanh_Thủy 0 529 2341
568 2076 47 15 Quán_Hành 0 568 2076
678 1263 44 19 Chơn_Thành 0 678 1263
579 2420 40 21 Chợ_Mới 0 579 2420
602 2320 49 24 Như_Quỳnh 0 602 2320
573 1105 30 23 Phong_Điền 0 573 1105
752 1834 45 15 Phong_Điền 0 752 1834
686 1190 48 18 Quận_Bốn 0 686 1190
783 1762 35 20 Prao 0 783 1762
556 2363 29 28 Hợp_Hòa 0 556 2363
422 2442 38 16 Thị_Trấn_Khánh_Yên 0 422 2442
622 1062 26 24 Long_Phú 0 622 1062
554 2308 50 24 Lương_Sơn 0 554 2308
617 2365 27 16 Cao_Thượng 0 617 2365
526 1168 45 19 Cái_Dầu 0 526 1168
303 2407 50 28 Mường_Chà 0 303 2407
446 2458 28 23 Thị_Trấn_Phố_Ràng 0 446 2458
588 2337 33 30 Đông_Anh 0 588 2337
177 1589 39 23 Kon_Tum 0 177 1589
526 2308 31 29 Đà_Bắc 0 526 2308
629 2299 49 25 Thanh_Miện 0 629 2299
595 2294 26 17 Phú_Xuyên 0 595 2294
674 2313 35 18 Núi_Đèo 0 674 2313
566 2064 35 23 Hưng_Nguyên 0 566 2064
666 1100 37 16 Thạnh_Phú 0 666 1100
211 1714 49 17 Tiên_Phước 0 211 1714
488 2463 50 23 Thị_Trấn_Vĩnh_Tuy 0 488 2463
614 2260 35 18 Mỹ_Lộc 0 614 2260
578 2247 43 28 Nho_Quan 0 578 2247
505 2360 48 25 Yên_Lập 0 505 2360
546 998 38 30 Thị_Trấn_Gành_Hào 0 546 998
691 2360 34 30 An_Châu 0 691 2360
690 1182 27 25 Nhà_Bè 0 690 1182
583 2325 35 24 Cầu_Giấy 0 583 2325
517 1094 45 25 Minh_Lương 0 517 1094
525 2228 30 19 Lang_Chánh 0 525 2228
508 2284 41 25 Mai_Châu 0 508 2284
610 2293 30 18 Lương_Bằng 0 610 2293
425 2509 30 16 Si_Ma_Cai 0 425 2509
690 1905 34 19 Kiến_Giang 0 690 1905
526 1193 45 16 Tân_Châu 0 526 1193
226 1301 41 27 Thạnh_Mỹ 0 226 1301
724 1172 49 30 Thị_Trấn_Phú_Mỹ 0 724 1172
498 2550 45 26 Thị_Trấn_Tam_Sơn 0 498 2550
673 1143 36 30 Vĩnh_Bình 0 673 1143
315 2380 38 22 Mường_Ảng 0 315 2380
307 1488 27 18 Sông_Cầu 0 307 1488
213 1298 33 23 Đưc_Trọng 0 213 1298
560 2170 26 27 Bến_Sung 0 560 2170
572 2404 39 27 Đu 0 572 2404
745 1177 26 29 Thị_Trấn_Ngải_Giao 0 745 1177
227 1241 47 26 Chợ_Lầu 0 227 1241
186 1225 34 26 Ma_Lâm 0 186 1225
460 2305 29 29 Mộc_Châu 0 460 2305
648 2311 46 16 Thanh_Hà 0 648 2311
568 2208 39 25 Quán_Lào 0 568 2208
223 1417 38 22 Ea_Kar 0 223 1417
648 1246 46 30 Dầu_Tiếng 0 648 1246
618 2514 30 20 Thị_Trấn_Nước_Hai 0 618 2514
587 2316 42 20 Văn_Điển 0 587 2316
580 2293 45 18 Vân_Đình 0 580 2293
535 2076 40 22 Thanh_Chương 0 535 2076
561 1179 36 19 Tràm_Chim 0 561 1179
687 1141 27 18 Tân_Hòa 0 687 1141
549 2234 46 22 Cẩm_Thủy 0 549 2234
610 1126 41 25 Long_Hồ 0 610 1126
381 2470 26 17 Sa_Pa 0 381 2470
528 2106 49 23 Tân_Kỳ 0 528 2106
500 2384 41 19 Hạ_Hòa 0 500 2384
550 1201 50 27 Sa_Rài 0 550 1201
647 2481 39 21 Thị_Trấn_Đông_Khê 0 647 2481
656 2526 43 18 Thị_Trấn_Trùng_Khánh 0 656 2526
623 1247 33 25 Hòa_Thành 0 623 1247
280 1443 42 28 Củng_Sơn 0 280 1443
206 1751 30 16 Duy_Xuyên 0 206 1751
216 1741 37 27 Hà_Lam 0 216 1741
650 2255 45 16 Thanh_Nê 0 650 2255
583 2321 31 24 Thanh_Xuân 0 583 2321
193 1769 32 28 Hòa_Vang 0 193 1769
280 1588 39 23 Hoài_Ân 0 280 1588
275 1538 45 26 Phú_Phong 0 275 1538
569 1026 36 24 Thị_Trấn_Hòa_Bình 0 569 1026
562 1070 48 29 Long_Mỹ 0 562 1070
492 1125 36 26 Hòn_Đất 0 492 1125
498 2506 46 18 Thị_Trấn_Vị_Xuyên 0 498 2506
495 2501 41 27 Thị_Trấn_Việt_Lâm 0 495 2501
458 2384 40 18 Sơn_Thịnh 0 458 2384
266 1668 30 28 Tư_Nghĩa 0 266 1668
463 2351 48 22 Phù_Yên 0 463 2351
687 2316 45 15 Quảng_Yên 0 687 2316
487 2106 30 24 Con_Cuông 0 487 2106
554 2203 25 16 Thọ_Xuân 0 554 2203
757 1281 33 24 Đồng_Nai 0 757 1281
370 2328 34 25 Sông_Mã 0 370 2328
589 2307 34 28 Thường_Tín 0 589 2307
661 2321 47 16 Kinh_Môn 0 661 2321
630 1084 27 22 Tiểu_Cần 0 630 1084
689 1184 45 22 Quận_Bảy 0 689 1184
722 1226 40 27 Vĩnh_An 0 722 1226
533 2289 45 21 Cao_Phong 0 533 2289
785 1377 42 16 Đắk_Mil 0 785 1377
200 1772 43 17 Cẩm_Lệ 0 200 1772
532 2367 40 17 Phong_Châu 0 532 2367
298 1700 33 15 Lý_Sơn 0 298 1700
629 1178 36 28 Thạnh_Hóa 0 629 1178
222 1482 25 19 A_Yun_Pa 0 222 1482
567 2353 45 29 Hương_Canh 0 567 2353
643 2356 25 29 Đồi_Ngô 0 643 2356
745 1208 34 27 Long_Khánh 0 745 1208
654 2288 48 15 Vĩnh_Bảo 0 654 2288
582 1137 36 18 Sa_Đéc 0 582 1137
616 2289 28 19 Vương 0 616 2289
318 2474 29 24 Thị_Trấn_Sìn_Hồ 0 318 2474
271 1435 33 15 Hai_Riêng 0 271 1435
641 2273 28 27 Đông_Hưng 0 641 2273
630 1158 25 19 Mỹ_Phước 0 630 1158
601 2361 46 24 Thắng 0 601 2361
573 2330 49 16 Trôi 0 573 2330
458 2270 27 29 Mường_Lát 0 458 2270
294 2366 43 19 Điện_Biên_Phủ 0 294 2366
563 2098 33 30 Diễn_Châu 0 563 2098
205 1758 33 22 Điện_Bàn 0 205 1758
206 1772 26 29 Ngũ_Hành_Sơn 0 206 1772
550 1021 49 21 Thị_Trấn_Giá_Rai 0 550 1021
574 2009 43 17 Hương_Khê 0 574 2009
588 2325 28 22 Hoàn_Kiếm 0 588 2325
588 2323 44 20 Hai_BàTrưng 0 588 2323
497 1040 30 19 U_Minh 0 497 1040
328 2418 37 28 Thị_Trấn_Tủa_Chùa 0 328 2418
336 2388 48 18 Thị_Trấn_Tuần_Giáo 0 336 2388
662 1944 46 24 Hoàn_Lão 0 662 1944
530 2357 40 20 Lâm_Thao 0 530 2357
581 2265 39 18 Chi_Nê 0 581 2265
696 1223 50 29 Tân_Uyên 0 696 1223
610 2232 38 29 Yên_Ninh 0 610 2232
595 1134 31 20 Cái_Tàu_Hạ 0 595 1134
637 1997 49 24 Kỳ_Anh 0 637 1997
286 1596 26 20 Bồng_Sơn 0 286 1596
783 1356 45 22 Đắk_Song 0 783 1356
506 956 46 23 Ngọc_Hiển 0 506 956
682 2419 31 15 Thị_Trấn_Cao_Lộc 0 682 2419
248 1707 42 19 Núi_Thành 0 248 1707
208 1615 46 15 Kon_Plông 0 208 1615
581 1113 38 21 Bình_Thủy 0 581 1113
519 2391 26 26 Đoan_Hùng 0 519 2391
605 2266 26 19 Bình_Mỹ 0 605 2266
588 1097 30 26 Ngã_Sáu 0 588 1097
443 1147 50 18 Hà_Tiên 0 443 1147
444 2130 37 23 Hòa_Bình 0 444 2130
296 1381 49 23 Ninh_Hòa 0 296 1381
645 2292 29 25 Ninh_Giang 0 645 2292
544 2047 47 26 Phố_Châu 0 544 2047
249 1460 39 16 Phú_Túc 0 249 1460
663 1213 34 20 Củ_Chi 0 663 1213
261 1664 36 22 Nghĩa_Hành 0 261 1664
691 1193 44 16 Quận_Hai 0 691 1193
523 2250 46 19 Cành_Nàng 0 523 2250
809 1287 35 29 Lộc_Thắng 0 809 1287
673 2295 34 19 Núi_Đối 0 673 2295
503 2440 27 24 Thị_Trấn_Tân_Yên 0 503 2440
341 2477 30 30 Lai_Châu 0 341 2477
528 1051 49 25 Vĩnh_Thuận 0 528 1051
553 2346 38 30 Vĩnh_Tường 0 553 2346
572 2313 40 21 Chúc_Sơn 0 572 2313
416 2468 35 25 Thị_Trấn_Phố_Lu 0 416 2468
538 2513 28 23 Yên_Phú 0 538 2513
552 1167 50 25 Thanh_Bình 0 552 1167
674 1204 29 26 Hóc_Môn 0 674 1204
538 1170 47 17 Phú_Mỹ 0 538 1170
510 2254 48 21 Quan_Hóa 0 510 2254
613 2302 29 20 Ân_Thi 0 613 2302
612 2248 31 25 Gôi 0 612 2248
537 2574 37 18 Thị_Trấn_Đồng_Văn 0 537 2574
467 2514 45 21 Thị_Trấn_Vinh_Quang 0 467 2514
456 2478 30 25 Yên_Bình 0 456 2478
210 1383 33 25 Krông_Kmar 0 210 1383
509 2161 40 17 Quỳ_Châu 0 509 2161
602 1968 48 19 Quy_Đạt 0 602 1968
216 1678 40 26 Tây_Trà 0 216 1678
573 2482 49 17 Chợ_Rã 0 573 2482
561 2450 35 18 Bằng_Lũng 0 561 2450
289 1567 35 22 Phù_Mỹ 0 289 1567
660 1144 40 30 Chợ_Gạo 0 660 1144
384 2428 37 15 Than_Uyên 0 384 2428
