298
414 1697 40 22 Sanaa 0 414 1697
503 1412 25 26 Aden 0 503 1412
279 1636 28 30 Al_Ḩudaydah 0 279 1636
394 1501 44 15 Ta‘izz 0 394 1501
297 1608 37 19 Al_Mukallā 0 297 1608
411 1541 35 18 Ibb 0 411 1541
350 1735 48 25 Ḩajjah 0 350 1735
435 1607 42 27 Dhamār 0 435 1607
318 1569 28 24 Zabīd 0 318 1569
263 1763 37 18 Say’ūn 0 263 1763
487 1443 43 23 Laḩij 0 487 1443
349 1632 44 17 Ash_Shiḩr 0 349 1632
482 1593 29 25 Radā‘ 0 482 1593
561 1546 35 27 Al_Bayḑā’ 0 561 1546
697 1607 42 16 ‘Ataq 0 697 1607
625 1792 42 19 Al_Ghayz̧ah 0 625 1792
534 1709 42 21 Ma’rib 0 534 1709
176 1400 34 28 Ḩadībū 0 176 1400
526 1681 41 24 Sayḩūt 0 526 1681
315 1665 45 21 Bājil 0 315 1665
282 1588 35 18 Burūm 0 282 1588
333 1855 36 16 Ḩaydān 0 333 1855
444 1477 31 15 Kirsh 0 444 1477
414 1629 49 29 Ḑawrān_ad_Daydah 0 414 1629
577 1636 29 22 Bayḩān 0 577 1636
554 1650 27 25 Ḩarīb 0 554 1650
465 1780 40 30 Al_Ghayl 0 465 1780
319 1605 43 24 Bayt_al_Faqīh 0 319 1605
407 1539 36 18 Jiblah 0 407 1539
308 1568 40 27 Al_Tuḩaytā’ 0 308 1568
437 1714 27 27 Bayt_as_Sayyid 0 437 1714
464 1712 28 23 Al_Ḩarjah 0 464 1712
660 1604 42 18 Nişāb 0 660 1604
498 1421 37 24 Al_Manşūrah 0 498 1421
316 1624 25 29 Al_Manşūrīyah 0 316 1624
389 1794 43 29 Ḩūth 0 389 1794
539 1710 39 24 Al_Ḩuşūn 0 539 1710
524 1524 25 26 As_Suwaydā 0 524 1524
393 1488 49 28 Al_Misrākh 0 393 1488
379 1718 47 29 Ḩabābah 0 379 1718
527 1532 42 17 Madīnat_Lab‘ūs 0 527 1532
401 1473 37 18 Al_‘Ayn 0 401 1473
361 1775 38 30 Ḩabūr 0 361 1775
368 1804 25 19 Al_Qaflah 0 368 1804
483 1508 37 28 Ḩabīl_ar_Raydah 0 483 1508
421 1456 43 23 Ḩadādah 0 421 1456
415 1473 35 25 Aş_Şalw 0 415 1473
616 1915 29 29 Bi’r_Ḩāt 0 616 1915
345 1606 42 28 Al_Ḩadīyah 0 345 1606
310 1473 34 27 Mocha 0 310 1473
355 1737 43 29 Sharas 0 355 1737
556 1642 50 30 Al_Ḩajab 0 556 1642
437 1846 43 23 Rajūzah 0 437 1846
299 1713 41 19 Al_Qanāwiş 0 299 1713
206 1599 50 27 Al_Jawl 0 206 1599
391 1496 41 17 Mashra‘ah 0 391 1496
368 1452 50 29 Ash_Shuqayrah 0 368 1452
414 1735 40 17 Bayt_Marrān 0 414 1735
243 1696 27 26 Kamarān 0 243 1696
331 1636 39 23 As_Sukhnah 0 331 1636
343 1657 35 22 ‘Ubāl 0 343 1657
548 1559 28 25 Dhī_Nā‘im 0 548 1559
610 1522 27 20 Al_Wuday‘ 0 610 1522
443 1729 36 30 Al_Madīd 0 443 1729
467 1705 38 28 Bidbadah 0 467 1705
429 1501 50 17 Māwiyah 0 429 1501
335 1766 42 28 Al_Miftāḩ 0 335 1766
386 1648 34 19 Ad_Dīs_ash_Sharqīyah 0 386 1648
319 1705 32 24 Banī_Ḩujjāj 0 319 1705
345 1740 49 16 Mabyan 0 345 1740
432 1580 34 24 Yarīm 0 432 1580
277 1695 29 29 Al_Munīrah 0 277 1695
455 1572 33 15 Ar_Raḑmah 0 455 1572
433 1643 39 25 Zarājah 0 433 1643
317 1784 42 21 Al_Bilād 0 317 1784
586 1557 31 25 Aş_Şawma‘ah 0 586 1557
397 1748 47 21 Raydah 0 397 1748
362 1739 40 15 Kuḩlān_‘Affār 0 362 1739
423 1635 36 27 Ma‘bar 0 423 1635
330 1803 40 16 Washḩah 0 330 1803
316 1854 37 29 Al_Malāḩīţ 0 316 1854
412 1573 30 28 Riḩāb 0 412 1573
402 1559 25 22 Z̧almah_al_‘Ulyā 0 402 1559
213 1694 46 19 Şīf 0 213 1694
321 1776 48 29 Aslam 0 321 1776
331 1786 34 19 Kushar 0 331 1786
376 1586 43 21 Ad_Dann 0 376 1586
470 1514 34 19 Aḑ_Ḑāli‘ 0 470 1514
179 1662 43 19 Az̧_Z̧alī‘ah 0 179 1662
437 1561 34 22 As_Saddah 0 437 1561
434 1549 49 23 Ar_Raḑā‘ī 0 434 1549
504 1724 37 29 Madghil 0 504 1724
458 1486 29 30 Al_Musaymīr 0 458 1486
446 1804 27 26 Az_Zāhir 0 446 1804
421 1546 42 19 Qaryat_ad_Da‘īs 0 421 1546
388 1629 48 17 Al_Jum‘ah 0 388 1629
285 1776 30 27 Tarīm 0 285 1776
477 1577 34 30 Al_‘Aqabah 0 477 1577
348 1546 44 30 Markaz_al_Marīr 0 348 1546
301 1640 50 24 Al_Marāwi‘ah 0 301 1640
517 1524 48 19 Al_Jurbah 0 517 1524
393 1499 42 27 Dār_an_Naşr 0 393 1499
336 1540 41 28 Ḩays 0 336 1540
476 1787 46 20 Al_Ḩazm 0 476 1787
589 1662 28 26 ‘Usaylān 0 589 1662
485 1529 33 25 Al_‘Awābil 0 485 1529
723 1587 30 23 Ḩabbān 0 723 1587
541 1571 32 26 Āl_Ma‘ūdah 0 541 1571
351 1789 45 20 Şuwayr 0 351 1789
444 1799 36 16 Ḩişn_Banī_Sa‘d 0 444 1799
354 1666 40 20 Matwaḩ 0 354 1666
465 1518 29 17 As_Sarīr 0 465 1518
565 1624 42 22 Al_Ḩazm 0 565 1624
757 1676 43 17 Aţ_Ţalḩ 0 757 1676
533 1507 43 20 Sirār 0 533 1507
718 1651 34 20 Jawl_al_Majma‘ 0 718 1651
542 1527 50 21 Sūq_Sibāḩ 0 542 1527
532 1515 26 24 Raşad 0 532 1515
326 1562 26 15 Al_Jarrāḩī 0 326 1562
408 1621 48 19 Ḩammām_‘Alī 0 408 1621
361 1789 45 27 Shahārat_al_Ghīs 0 361 1789
384 1913 27 24 Thamūd 0 384 1913
706 1555 26 28 Al_Maḩfid 0 706 1555
427 1677 33 21 Sayyān 0 427 1677
342 1866 40 15 Sāqayn 0 342 1866
616 1540 42 29 Mūdīyah 0 616 1540
388 1535 41 21 Markaz_Mudhaykirah 0 388 1535
406 1766 45 18 Dhaybīn 0 406 1766
464 1557 43 24 Ḩammām_Damt 0 464 1557
468 1506 32 26 Dhī_Jalāl 0 468 1506
484 1604 46 24 Al_Qurayshīyah 0 484 1604
247 1760 39 21 Suḩayl_Shibām 0 247 1760
266 1805 38 18 Mīdī 0 266 1805
439 1522 40 19 Ḑawrān 0 439 1522
348 1887 46 23 Majz 0 348 1887
627 1575 41 20 Jayshān 0 627 1575
373 1855 45 17 Ash_Shawātī 0 373 1855
716 1840 49 25 Ḩawf 0 716 1840
324 1634 44 17 Ghayl_Bā_Wazīr 0 324 1634
430 1688 29 25 Ghaymān 0 430 1688
685 1495 33 17 Aḩwar 0 685 1495
562 1613 34 30 Al_Ghaylah 0 562 1613
353 1576 32 15 Al_Aḩad 0 353 1576
483 1494 42 25 Al_Ḩabīlayn 0 483 1494
820 1693 37 28 ‘Amd 0 820 1693
365 1713 27 30 Aţ_Ţawīlah 0 365 1713
292 1675 34 28 Al_‘Ulayb 0 292 1675
798 1625 28 15 Al_Shirūj 0 798 1625
370 1521 35 15 Ar_Rawnah 0 370 1521
326 1772 28 17 Khayrān 0 326 1772
741 1697 28 28 Al_Māfūd 0 741 1697
451 1599 44 28 Al_Mayfa’ah 0 451 1599
386 1487 36 15 Yufrus 0 386 1487
331 1711 26 26 Al_Mirwāḩ 0 331 1711
325 1756 44 30 Sūq_Shamar 0 325 1756
552 1544 35 19 Az_Zāhir 0 552 1544
499 1423 37 19 Ash_Shaykh_‘Uthmān 0 499 1423
224 1713 44 30 Al_Bāţinah 0 224 1713
479 1775 46 20 Ar_Rawḑ 0 479 1775
498 1503 34 29 Ḩabīl_al_Jabr 0 498 1503
572 1705 29 21 Qishn 0 572 1705
796 1558 40 23 Ruḑūm 0 796 1558
551 1850 35 21 Al_Qurḩ 0 551 1850
340 1679 50 24 Al_Khamīs 0 340 1679
382 1714 41 24 Shibām 0 382 1714
426 1538 39 24 Najd_al_Jumā‘ī 0 426 1538
310 1527 36 22 Al_Khawkhah 0 310 1527
393 1604 28 19 Sūq_ar_Rubū‘ 0 393 1604
285 1695 31 20 Az_Zaydīyah 0 285 1695
355 1794 42 28 Al_Madān 0 355 1794
353 1709 48 28 Ar_Rujum 0 353 1709
327 1431 33 21 Dhubāb 0 327 1431
197 1726 31 29 Ḩurayḑah 0 197 1726
321 1749 37 22 Ku‘aydinah 0 321 1749
252 1737 44 18 Al_Luḩayyah 0 252 1737
191 1859 47 22 Minwakh 0 191 1859
508 1743 25 30 Asdās 0 508 1743
369 1764 48 28 As_Sūdah 0 369 1764
475 1524 33 28 Al_Ḩusayn 0 475 1524
796 1704 50 29 Şanā’ 0 796 1704
328 1913 36 29 Al_Hijrah 0 328 1913
593 1534 36 27 Lawdar 0 593 1534
460 1789 41 30 Al_Maşlūb 0 460 1789
312 1794 46 29 Mustabā’ 0 312 1794
314 1870 30 18 An_Naz̧īr 0 314 1870
358 1510 47 27 Maqbanah 0 358 1510
341 1727 29 18 Ash_Shaghādirah 0 341 1727
329 1754 37 29 Ash_Shāhil 0 329 1754
738 1784 34 15 Al_‘Abr 0 738 1784
338 1467 30 17 Mawza‘ 0 338 1467
444 1662 42 24 Ar_Raydah 0 444 1662
424 1457 34 27 Ţawr_al_Bāḩah 0 424 1457
413 1561 43 25 Al_Makhādir 0 413 1561
455 1794 48 18 Al_Matūn 0 455 1794
531 1594 35 26 An_Najd 0 531 1594
378 1746 29 23 Aş_Şarārah 0 378 1746
372 1744 46 26 An_Nāşirah 0 372 1744
357 1755 44 28 Al_Maghrabah 0 357 1755
405 1883 31 21 Kitāf 0 405 1883
778 1579 31 18 Mayfa‘ah 0 778 1579
418 1739 31 23 Al_Ḩayfah 0 418 1739
486 1549 38 30 Juban 0 486 1549
290 1619 45 24 Ad_Durayhimī 0 290 1619
330 1700 40 24 Aş_Şafaqayn 0 330 1700
337 1737 34 26 Waḑarah 0 337 1737
307 1864 32 28 Al_Mashāf 0 307 1864
578 1585 33 25 Maswarah 0 578 1585
498 1646 37 25 Raḩabah_al_Kawlah 0 498 1646
227 1752 27 30 Al_Qaţan 0 227 1752
345 1729 31 23 Banī_an_Nahārī 0 345 1729
483 1847 26 16 Al_Maḩjal 0 483 1847
522 1627 41 25 Al_‘Amūd 0 522 1627
444 1683 43 24 Jiḩānah 0 444 1683
497 1413 46 16 At_Tawāhī 0 497 1413
386 1731 36 26 ‘Amrān 0 386 1731
657 1965 35 21 Shiḩan_as_Suflá 0 657 1965
541 1451 25 23 Zinjibār 0 541 1451
537 1620 37 27 Al_Aqţa‘ 0 537 1620
380 1685 50 21 Al_‘Urr 0 380 1685
343 1710 28 17 Al_Maḩwīt 0 343 1710
360 1726 35 29 Bayt_‘Adhāqah 0 360 1726
399 1749 49 23 As_Sūq_al_Jadīd 0 399 1749
323 1879 50 17 Al_Kharāb 0 323 1879
285 1739 31 26 Az_Zuhrah 0 285 1739
377 1797 27 30 Al_‘Ashshah 0 377 1797
268 1823 33 23 As_Salāsil 0 268 1823
404 1529 37 23 Dhī_as_Sufāl 0 404 1529
403 1809 44 22 Al_Ḩarf 0 403 1809
317 1900 33 21 Sūq_al_Khamīs 0 317 1900
307 1770 37 30 ‘Abs 0 307 1770
422 1666 36 25 Wa‘lān 0 422 1666
411 1487 50 18 Ad_Dimnah 0 411 1487
349 1771 25 24 Al_Jamīmah 0 349 1771
249 1693 31 21 Aş_Şalīf 0 249 1693
334 1646 46 24 Riqāb 0 334 1646
649 1570 41 23 Marbāţ 0 649 1570
426 1848 36 21 Al_‘Anān 0 426 1848
406 1708 50 30 Qaryat_al_Qābil 0 406 1708
618 1723 27 29 Ḩaşwayn 0 618 1723
353 1612 25 30 Kusmah 0 353 1612
481 1484 28 17 Al_Milāḩ 0 481 1484
476 1593 26 17 Milāḩ 0 476 1593
364 1666 28 27 Manākhah 0 364 1666
395 1686 33 24 Matnah 0 395 1686
803 1785 42 29 Ḩajar_al_Mushā’ikh 0 803 1785
502 1587 42 24 Ash_Sharyah 0 502 1587
338 1924 44 17 Bāqim_as_Sūq 0 338 1924
269 1723 26 29 Sāh 0 269 1723
532 1666 49 28 Judaydah 0 532 1666
598 1610 38 15 Al_‘Āqir 0 598 1610
443 1558 45 24 An_Nādirah 0 443 1558
475 1752 45 25 Majzar 0 475 1752
533 1461 28 15 Ja‘ār 0 533 1461
382 1669 26 25 Mafḩaq 0 382 1669
466 1580 28 17 Zakhim 0 466 1580
377 1523 46 16 Ar_Rubū‘ 0 377 1523
407 1476 39 26 Ḩawrah 0 407 1476
410 1530 49 19 As_Sayyānī 0 410 1530
305 1690 49 21 Al_Mighlāf 0 305 1690
468 1531 41 25 Qa‘ţabah 0 468 1531
388 1767 34 19 Khamir 0 388 1767
424 1830 49 28 Al_Khirāb 0 424 1830
572 1541 38 26 Mukayrās 0 572 1541
455 1929 25 27 Rimāh 0 455 1929
471 1738 40 21 Daḩasuways 0 471 1738
500 1413 34 15 Al_Ma‘allā’ 0 500 1413
391 1544 44 19 Al_‘Udayn 0 391 1544
528 1540 46 21 Banī_Bakr 0 528 1540
406 1602 46 19 Z̧abah 0 406 1602
439 1822 48 26 Al_Ḩumaydāt 0 439 1822
368 1543 37 20 Ar_Ramādī 0 368 1543
395 1725 30 21 Saḩḩab 0 395 1725
422 1472 36 18 Ḩayfān 0 422 1472
523 1581 38 24 As_Sawādīyah 0 523 1581
412 1714 28 22 Al_Khāniq 0 412 1714
503 1412 26 21 Crater 0 503 1412
422 1869 30 16 Al_Ḩashwah 0 422 1869
405 1460 50 30 At_Turbah 0 405 1460
388 1480 50 21 Al_Nashmah 0 388 1480
372 1622 32 30 Aḑ_Ḑil‘ 0 372 1622
349 1626 47 17 Al_Jabīn 0 349 1626
502 1708 42 22 Sūq_Şirwāḩ 0 502 1708
745 1600 32 26 Ar_Rawḑah 0 745 1600
416 1706 36 16 Ar_Rawḑah 0 416 1706
348 1723 44 28 Banī_al_‘Awwām 0 348 1723
392 1550 39 21 Ḩazm_al_‘Udayn 0 392 1550
701 1585 37 19 Aş_Şa‘īd 0 701 1585
292 1815 48 17 Ḩaraḑ 0 292 1815
292 1683 50 16 Aḑ_Ḑaḩī 0 292 1683
395 1425 27 29 Ash_Shaţţ 0 395 1425
368 1873 40 26 Şa‘dah 0 368 1873
487 1408 29 18 Al_Burayqah 0 487 1408
332 1763 29 29 Al_Maḩābishah 0 332 1763
503 1416 27 15 Khawr_Maksar 0 503 1416
624 1595 49 24 Khawrah 0 624 1595
782 1718 25 16 Maţarah 0 782 1718
342 1640 39 19 Markaz_Bilād_aţ_Ţa‘ām 0 342 1640
770 1404 35 24 Qalansīyah 0 770 1404
