34
637 8295 30 17 Lusaka 0 637 8295
635 8585 38 20 Kitwe 0 635 8585
677 8566 29 15 Ndola 0 677 8566
300 8870 33 27 Kasama 0 300 8870
656 8402 43 18 Kabwe 0 656 8402
596 8614 34 22 Chingola 0 596 8614
378 8026 30 15 Livingstone 0 378 8026
634 8612 38 21 Mufulira 0 634 8612
653 8547 38 23 Luanshya 0 653 8547
462 8492 48 18 Chipata 0 462 8492
589 8632 48 15 Chililabombwe 0 589 8632
433 8654 47 27 Solwezi 0 433 8654
580 8246 35 27 Mazabuka 0 580 8246
728 8313 50 28 Mongu 0 728 8313
626 8256 29 27 Kafue 0 626 8256
494 8141 34 27 Choma 0 494 8141
706 8761 26 16 Mansa 0 706 8761
681 8455 34 19 Kapiri_Mposhi 0 681 8455
331 8691 44 28 Mpika 0 331 8691
690 8966 32 21 Nchelenge 0 690 8966
728 8916 39 18 Kawambwa 0 728 8916
320 9022 34 15 Mbala 0 320 9022
212 8065 41 19 Sesheke 0 212 8065
506 8344 48 27 Mumbwa 0 506 8344
263 8364 44 26 Kaoma 0 263 8364
399 8834 41 15 Chinsali 0 399 8834
213 8688 40 29 Mwinilunga 0 213 8688
519 8641 25 28 Lundazi 0 519 8641
742 8216 28 20 Senanga 0 742 8216
684 8340 31 25 Masambo 0 684 8340
727 8501 31 21 Zambezi 0 727 8501
373 8511 36 16 Kasempa 0 373 8511
742 8412 26 28 Likulunga 0 742 8412
264 8389 29 21 Nyimba 0 264 8389
