49
305 9022 139 82 Luanda 0 305 9022
580 8587 59 137 Huambo 0 580 8587
341 8634 149 148 Lobito 0 341 8634
326 8608 61 93 Benguela 0 326 8608
194 8317 94 63 Namibe 0 194 8317
647 8944 141 147 Malanje 0 647 8944
338 8350 112 146 Lubango 0 338 8350
710 8630 117 92 Cuito 0 710 8630
189 9385 52 131 Cabinda 0 189 9385
218 8957 65 78 Capenda_Camulemba 0 218 8957
208 9321 71 52 Soio 0 208 9321
415 9307 66 132 Mbanza_Congo 0 415 9307
506 9158 59 147 Uíge 0 506 9158
433 8932 101 64 Saurimo 0 433 8932
805 8251 138 77 Tômbua 0 805 8251
375 8757 60 51 Somba 0 375 8757
471 9069 94 94 Lucapa 0 471 9069
430 8253 84 75 Mavinga 0 430 8253
352 9051 61 144 Caxito 0 352 9051
381 8697 74 83 Luena 0 381 8697
264 9200 74 147 Nzeto 0 264 9200
770 8670 53 80 Camacupa 0 770 8670
636 8815 86 70 Luanga 0 636 8815
291 9132 106 54 Ambriz 0 291 9132
789 8377 112 129 Menongue 0 789 8377
541 9094 123 131 Camabatela 0 541 9094
513 8743 91 66 Uacu_Cungo 0 513 8743
481 9184 112 120 Dundo 0 481 9184
483 9187 134 81 Songo 0 483 9187
578 8112 77 61 Ondjiva 0 578 8112
497 8813 128 148 Quibala 0 497 8813
490 8971 96 115 N’dalatando 0 490 8971
418 8559 88 138 Cubal 0 418 8559
436 8930 68 146 Dondo 0 436 8930
534 8829 122 56 Muconda 0 534 8829
401 8258 63 58 Chibemba 0 401 8258
360 8320 122 60 Chibia 0 360 8320
377 8481 141 82 Bala_Cangamba 0 377 8481
310 8878 111 94 Cacolo 0 310 8878
489 8895 108 55 Cacuso 0 489 8895
635 8744 69 67 Calenga 0 635 8744
384 8085 91 68 Chitado 0 384 8085
498 8148 119 105 Xangongo 0 498 8148
708 8683 68 141 Cazombo 0 708 8683
446 8358 116 99 Quipungo 0 446 8358
712 8076 128 132 Luiana 0 712 8076
304 8322 123 88 Cuito_Cuanavale 0 304 8322
545 8007 118 50 Mucusso 0 545 8007
373 8760 83 117 Sumbe 0 373 8760
