528
368 6169 111 134 Buenos_Aires 0 368 6169
387 6523 104 98 Córdoba 0 387 6523
720 6352 101 55 Rosario 0 720 6352
516 6360 136 92 Mendoza 0 516 6360
279 7031 114 65 San_Miguel_de_Tucumán 0 279 7031
412 6135 138 105 La_Plata 0 412 6135
451 5793 75 84 Mar_del_Plata 0 451 5793
256 7256 148 129 Salta 0 256 7256
718 6498 65 121 Santa_Fe 0 718 6498
544 6510 68 119 San_Juan 0 544 6510
748 6312 99 116 San_Luis 0 748 6312
303 6960 72 105 Resistencia 0 303 6960
609 6972 79 53 Posadas 0 609 6972
375 6924 137 95 Santiago_del_Estero 0 375 6924
318 6958 77 129 Corrientes 0 318 6958
266 7322 113 97 San_Salvador_de_Jujuy 0 266 7322
563 5714 65 120 Bahía_Blanca 0 563 5714
734 6486 66 88 Paraná 0 734 6486
581 5688 102 141 Neuquén 0 581 5688
382 7104 109 150 Formosa 0 382 7104
708 6744 140 68 La_Rioja 0 708 6744
374 6333 90 142 Río_Cuarto 0 374 6333
402 6526 66 63 Concordia 0 402 6526
616 4919 67 144 Comodoro_Rivadavia 0 616 4919
549 6339 58 85 San_Martín 0 549 6339
385 5946 135 54 Santa_Rosa 0 385 5946
561 6169 101 58 San_Rafael 0 561 6169
310 5867 96 126 Tandil 0 310 5867
306 5443 93 68 San_Carlos_de_Bariloche 0 306 5443
312 5208 61 87 Trelew 0 312 5208
477 6414 142 126 Villa_María 0 477 6414
242 6772 91 120 Reconquista 0 242 6772
312 6225 107 121 Zárate 0 312 6225
644 6541 58 81 Rafaela 0 644 6541
724 6247 95 61 Pergamino 0 724 6247
738 5913 122 135 Olavarría 0 738 5913
484 4280 89 136 Río_Gallegos 0 484 4280
688 6171 89 95 Junín 0 688 6171
754 7034 97 147 Presidencia_Roque_Sáenz_Peña 0 754 7034
306 6172 107 64 Luján 0 306 6172
319 6217 132 135 Campana 0 319 6217
348 5732 63 78 Necochea 0 348 5732
358 6346 135 80 Gualeguaychú 0 358 6346
364 7441 70 142 San_Ramón_de_la_Nueva_Orán 0 364 7441
622 5678 134 111 General_Roca 0 622 5678
595 6265 133 129 Venado_Tuerto 0 595 6265
279 6774 130 142 Goya 0 279 6774
357 6522 130 124 Villa_Carlos_Paz 0 357 6522
383 6405 136 140 Concepción_del_Uruguay 0 383 6405
516 6365 99 100 Las_Heras 0 516 6365
333 5262 116 87 Puerto_Madryn 0 333 5262
417 7509 117 57 Tartagal 0 417 7509
500 5481 138 112 Viedma 0 500 5481
587 6522 77 63 San_Francisco 0 587 6522
310 7318 86 110 San_Pedro 0 310 7318
545 3927 107 113 Ushuaia 0 545 3927
580 5696 50 62 Punta_Alta 0 580 5696
431 6053 85 63 General_Pico 0 431 6053
772 6134 139 74 Chivilcoy 0 772 6134
244 5926 64 135 Azul 0 244 5926
394 6439 101 84 Río_Tercero 0 394 6439
277 6162 111 84 Mercedes 0 277 6162
271 6271 96 58 Villa_Mercedes 0 271 6271
317 7366 80 118 Libertador_General_San_Martín 0 317 7366
481 5689 93 81 Cutral-Có 0 481 5689
326 6886 104 138 San_Lorenzo 0 326 6886
737 5749 124 145 Tres_Arroyos 0 737 5749
744 6316 139 70 Empalme_Villa_Constitución 0 744 6316
364 6497 59 135 Alta_Gracia 0 364 6497
529 6390 93 69 Bell_Ville 0 529 6390
692 6075 136 69 Nueve_de_Julio 0 692 6075
731 6163 122 97 Chacabuco 0 731 6163
284 6330 115 72 Gualeguay 0 284 6330
585 4039 110 134 Río_Grande 0 585 4039
395 6771 64 62 Mercedes 0 395 6771
725 6947 57 75 Villa_Ángela 0 725 6947
594 5854 82 69 Coronel_Suárez 0 594 5854
329 5203 70 135 Rawson 0 329 5203
439 5981 115 149 Dolores 0 439 5981
767 6387 148 130 Victoria 0 767 6387
634 6140 140 102 Lincoln 0 634 6140
756 6075 123 93 Veinticinco_de_Mayo 0 756 6075
498 6284 142 53 Tunuyán 0 498 6284
408 6062 89 104 Chascomús 0 408 6062
646 6773 95 52 Chilecito 0 646 6773
310 5246 104 94 Esquel 0 310 5246
292 7270 98 138 General_Martín_Miguel_de_Güemes 0 292 7270
408 5693 83 61 Zapala 0 408 5693
389 5810 103 140 Balcarce 0 389 5810
679 6988 100 140 Charata 0 679 6988
309 6104 52 107 Lobos 0 309 6104
516 6851 92 148 Añatuya 0 516 6851
528 5935 138 138 Mar_de_Ajó 0 528 5935
291 6830 93 127 Frías 0 291 6830
380 7225 54 148 Joaquín_V._González 0 380 7225
637 6575 73 114 Sunchales 0 637 6575
446 6074 91 74 Malargüe 0 446 6074
201 7113 68 109 Cafayate 0 201 7113
405 5683 85 107 Río_Colorado 0 405 5683
248 7244 56 140 Cerrillos 0 248 7244
517 7145 122 138 Monte_Quemado 0 517 7145
259 7431 50 109 Humahuaca 0 259 7431
694 6939 141 85 Belén 0 694 6939
253 5825 63 87 Benito_Juárez 0 253 5825
268 5650 143 75 Choele_Choel 0 268 5650
770 6737 128 148 Vera 0 770 6737
730 6591 118 128 San_Justo 0 730 6591
738 7128 107 84 Castelli 0 738 7128
758 6638 120 121 Chamical 0 758 6638
387 5862 150 136 Chos_Malal 0 387 5862
335 5489 84 56 San_Antonio_Oeste 0 335 5489
694 4420 76 61 El_Calafate 0 694 4420
743 7265 84 55 Las_Lomitas 0 743 7265
521 5885 90 100 Carhué 0 521 5885
527 5627 78 147 Pedro_Luro 0 527 5627
791 7515 122 73 Rinconada 0 791 7515
617 7356 68 98 Ingeniero_Guillermo_N._Juárez 0 617 7356
728 6529 106 148 Chepes 0 728 6529
454 5423 136 58 Ingeniero_Jacobacci 0 454 5423
686 4274 125 68 Veintiocho_de_Noviembre 0 686 4274
494 4951 64 113 Sarmiento 0 494 4951
222 7484 106 142 Abra_Pampa 0 222 7484
281 5989 96 119 Victorica 0 281 5989
634 6296 53 66 La_Paz 0 634 6296
230 7195 149 64 Comandante_Fontana 0 230 7195
320 5342 63 111 El_Maitén 0 320 5342
772 7319 102 89 San_Antonio_de_los_Cobres 0 772 7319
352 4838 66 64 Perito_Moreno 0 352 4838
485 5828 114 128 Darregueira 0 485 5828
283 4707 100 81 Puerto_Deseado 0 283 4707
377 5560 110 90 General_Conesa 0 377 5560
681 7067 112 123 Pampa_del_Infierno 0 681 7067
532 5581 67 136 Villalonga 0 532 5581
769 6805 71 54 Chumbicha 0 769 6805
408 4599 113 79 Gobernador_Gregores 0 408 4599
467 6393 56 144 Uspallata 0 467 6393
592 4537 76 120 San_Julián 0 592 4537
402 4940 84 62 Río_Mayo 0 402 4940
272 7096 130 73 Trancas 0 272 7096
356 5010 56 76 Alto_Río_Senguer 0 356 5010
605 5506 116 134 Sierra_Colorada 0 605 5506
360 6437 91 131 Villa_Rumipal 0 360 6437
380 5735 80 124 Las_Lajas 0 380 5735
540 7390 95 89 Los_Blancos 0 540 7390
769 7409 146 89 Susques 0 769 7409
393 5457 85 64 Comallo 0 393 5457
486 6657 102 70 Rodeo 0 486 6657
641 6894 115 66 Tinogasta 0 641 6894
481 5319 66 79 Gastre 0 481 5319
669 5299 56 100 Telsen 0 669 5299
506 4463 131 77 Comandante_Luis_Piedra_Buena 0 506 4463
268 6866 68 102 El_Alto 0 268 6866
359 6184 85 53 San_Isidro 0 359 6184
804 7570 137 148 Santa_Catalina 0 804 7570
238 6883 98 136 La_Merced 0 238 6883
397 6048 111 53 Trenel 0 397 6048
523 6019 80 72 Trenque_Lauquen 0 523 6019
568 5782 146 74 Tornquist 0 568 5782
246 6924 141 119 La_Cocha 0 246 6924
515 6356 84 110 Godoy_Cruz 0 515 6356
610 6484 139 88 Sastre 0 610 6484
446 6454 50 105 Oliva 0 446 6454
778 6290 116 54 Ramallo 0 778 6290
486 6307 120 53 Tupungato 0 486 6307
269 7031 99 143 Yerba_Buena 0 269 7031
258 7277 55 67 La_Caldera 0 258 7277
299 6548 114 55 San_Carlos 0 299 6548
206 7133 127 121 San_Carlos 0 206 7133
242 6215 51 73 Capitán_Sarmiento 0 242 6215
447 6885 143 69 Garza 0 447 6885
301 7178 127 124 Metán 0 301 7178
666 5970 60 71 Algarrobo_del_Águila 0 666 5970
237 6412 69 56 Nogoyá 0 237 6412
426 5764 54 64 Miramar 0 426 5764
764 6946 115 113 Andalgalá 0 764 6946
351 5883 89 57 Andacollo 0 351 5883
363 6180 131 123 Olivos 0 363 6180
372 6159 145 67 Lanús 0 372 6159
696 7034 96 73 Puerto_Rico 0 696 7034
438 6652 84 52 Monte_Caseros 0 438 6652
406 6875 104 146 Brea_Pozo 0 406 6875
728 6948 104 102 Alba_Posse 0 728 6948
708 6213 110 50 Rojas 0 708 6213
297 6423 118 101 Rosario_del_Tala 0 297 6423
371 6152 134 105 Lomas_de_Zamora 0 371 6152
412 6911 132 118 Fernández 0 412 6911
365 6040 135 127 General_Belgrano 0 365 6040
241 6962 127 103 Aguilares 0 241 6962
272 6888 109 145 Bañado_de_Ovanta 0 272 6888
449 6508 92 126 Villa_del_Rosario 0 449 6508
557 6521 140 94 Villa_del_Salvador 0 557 6521
431 6590 94 66 Villa_del_Totoral 0 431 6590
511 6344 109 133 Luján_de_Cuyo 0 511 6344
267 7019 130 61 San_Isidro_de_Lules 0 267 7019
275 7315 95 86 Palpalá 0 275 7315
389 5990 52 138 Winifreda 0 389 5990
294 6970 58 89 Puerto_Tirol 0 294 6970
247 7175 117 58 Guachipas 0 247 7175
671 6342 119 50 Casilda 0 671 6342
327 6599 77 139 Cruz_del_Eje 0 327 6599
501 5875 116 111 Villa_Gesell 0 501 5875
739 6382 71 149 Villa_General_Roca 0 739 6382
701 7017 125 142 Corzuela 0 701 7017
360 6542 60 85 Cosquín 0 360 6542
295 7108 78 98 La_Candelaria 0 295 7108
485 5986 56 144 Pellegrini 0 485 5986
550 6327 138 150 Rivadavia 0 550 6327
324 6185 133 144 Pilar 0 324 6185
583 6381 90 83 Marcos_Juárez 0 583 6381
331 6149 102 65 Marcos_Paz 0 331 6149
564 6487 138 130 Villa_Santa_Rosa 0 564 6487
575 6756 143 140 Villa_Unión 0 575 6756
646 6610 73 98 San_Agustín_de_Valle_Fértil 0 646 6610
678 7316 71 81 Laguna_Yema 0 678 7316
643 6274 78 106 Melincué 0 643 6274
423 6934 69 104 La_Cañada 0 423 6934
270 7480 73 53 Iruya 0 270 7480
552 5837 120 143 Pigüé 0 552 5837
293 6151 53 148 Buena_Esperanza 0 293 6151
776 7025 138 71 Quitilipi 0 776 7025
650 6367 55 134 Cañada_de_Gómez 0 650 6367
386 6122 66 129 Realicó 0 386 6122
748 6320 99 92 Villa_Constitución 0 748 6320
350 6971 68 126 San_Cosme 0 350 6971
217 7010 87 53 Presidencia_de_la_Plaza 0 217 7010
267 6255 93 50 Baradero 0 267 6255
547 6522 104 98 San_Martín 0 547 6522
310 6012 150 115 Las_Flores 0 310 6012
359 6173 77 87 General_San_Martín 0 359 6173
390 6153 145 94 Berazategui 0 390 6153
622 6911 143 51 Apóstoles 0 622 6911
376 6982 63 88 Itatí 0 376 6982
571 7432 56 123 General_Enrique_Mosconi 0 571 7432
395 6571 110 120 Jesús_María 0 395 6571
295 6797 63 86 San_Antonio 0 295 6797
625 5691 102 113 Monte_Hermoso 0 625 5691
683 6780 107 94 Sañogasta 0 683 6780
663 6945 112 57 Hermoso_Campo 0 663 6945
261 7005 137 103 Famaillá 0 261 7005
644 6799 110 82 Famatina 0 644 6799
592 6706 100 98 Selva 0 592 6706
544 6516 60 127 Chimbas 0 544 6516
357 6161 56 138 San_Justo 0 357 6161
564 6516 98 130 Villa_San_Isidro 0 564 6516
322 6133 64 126 General_Las_Heras 0 322 6133
266 7062 95 62 General_José_de_San_Martín 0 266 7062
487 5905 112 77 General_Juan_Madariaga 0 487 5905
654 5876 90 128 General_La_Madrid 0 654 5876
638 5157 107 81 Las_Plumas 0 638 5157
493 6849 90 88 Herrera 0 493 6849
557 6943 96 121 Quimilí 0 557 6943
447 6952 100 77 Berón_de_Astrada 0 447 6952
434 5804 83 69 Bernasconi 0 434 5804
777 6977 143 123 El_Soberbio 0 777 6977
644 5794 109 86 Coronel_Pringles 0 644 5794
700 6988 73 147 Campo_Grande 0 700 6988
613 5818 88 87 Veinticinco_de_Mayo 0 613 5818
335 6197 84 107 Belén_de_Escobar 0 335 6197
370 6123 54 144 San_Vicente 0 370 6123
756 6978 140 94 Villa_Berthet 0 756 6978
469 6083 60 92 Verónica 0 469 6083
336 6076 140 64 San_Miguel_del_Monte 0 336 6076
240 6192 133 128 Carmen_de_Areco 0 240 6192
339 6119 114 80 Cañuelas 0 339 6119
316 6956 55 143 Termas_de_Río_Hondo 0 316 6956
226 6880 102 85 La_Puerta 0 226 6880
670 5986 147 146 San_Carlos_de_Bolívar 0 670 5986
271 5752 78 112 San_Cayetano 0 271 5752
512 5893 149 110 Pinamar 0 512 5893
370 6461 149 139 San_Agustín 0 370 6461
260 7390 71 50 Tilcara 0 260 7390
449 6009 116 74 Quemú_Quemú 0 449 6009
579 6320 102 105 Santa_Rosa 0 579 6320
454 6749 134 130 Sumampa 0 454 6749
334 5655 73 149 Aluminé 0 334 5655
376 7101 136 99 Nueva_Esperanza 0 376 7101
356 5755 126 50 Cuchillo_Có 0 356 5755
593 6841 109 140 Santo_Tomé 0 593 6841
323 5575 66 83 Junín_de_los_Andes 0 323 5575
539 6498 108 76 Villa_Aberastain 0 539 6498
772 7183 143 109 Molinos 0 772 7183
432 6736 50 94 Villa_Ojo_de_Agua 0 432 6736
457 6910 128 112 Suncho_Corral 0 457 6910
475 5625 130 65 Picún_Leufú 0 475 5625
758 6308 85 69 San_Nicolás_de_los_Arroyos 0 758 6308
235 6857 75 81 San_José 0 235 6857
244 7221 126 96 Chicoana 0 244 7221
380 6068 75 144 Ranchos 0 380 6068
568 6497 123 104 Caucete 0 568 6497
360 6142 106 71 José_María_Ezeiza 0 360 6142
322 6906 63 65 Empedrado 0 322 6906
358 5784 145 60 Loncopué 0 358 5784
357 5862 98 146 General_Acha 0 357 5862
243 6972 72 117 Concepción 0 243 6972
413 6859 133 126 Concepción 0 413 6859
577 6818 107 64 Vinchina 0 577 6818
297 5203 131 150 Gaimán 0 297 5203
292 6419 66 102 Santa_Rosa_del_Conlara 0 292 6419
272 6207 104 92 San_Antonio_de_Areco 0 272 6207
551 5901 115 85 Guaminí 0 551 5901
372 6145 124 67 Florencio_Varela 0 372 6145
786 6566 94 133 Milagro 0 786 6566
326 7067 147 86 Burruyacú 0 326 7067
252 6270 108 142 San_Pedro 0 252 6270
722 6449 93 82 Diamante 0 722 6449
340 6873 71 108 Saladas 0 340 6873
554 6461 62 56 Villa_Media_Agua 0 554 6461
382 5121 85 120 José_de_San_Martín 0 382 5121
503 5932 51 53 Salliqueló 0 503 5932
301 6533 129 52 Salsacate 0 301 6533
453 5830 104 106 Guatraché 0 453 5830
408 5566 104 144 Piedra_del_Águila 0 408 5566
295 6791 74 63 Santa_Lucía 0 295 6791
547 6510 66 102 Santa_Lucía 0 547 6510
398 6703 107 111 Curuzú_Cuatiá 0 398 6703
275 6185 94 108 San_Andrés_de_Giles 0 275 6185
728 6589 124 131 Malanzán 0 728 6589
737 6622 94 123 Tama 0 737 6622
766 5972 74 96 Tapalqué 0 766 5972
356 6187 110 109 San_Fernando 0 356 6187
377 6931 62 99 La_Banda 0 377 6931
263 7303 78 118 San_Antonio 0 263 7303
438 6930 86 150 Nuestra_Señora_del_Rosario_de_Caa_Catí 0 438 6930
544 6507 114 54 Villa_Krause 0 544 6507
275 5482 96 103 Villa_La_Angostura 0 275 5482
683 6915 106 101 San_Javier 0 683 6915
218 6613 59 50 San_Javier 0 218 6613
384 6156 118 68 Quilmes 0 384 6156
462 5970 68 150 Catriló 0 462 5970
690 7002 111 149 Las_Breñas 0 690 7002
552 6083 96 124 Carlos_Tejedor 0 552 6083
712 6374 80 117 San_Lorenzo 0 712 6374
762 6503 68 91 Ulapes 0 762 6503
435 5855 61 93 Coronel_Vidal 0 435 5855
459 6518 123 107 Tamberías 0 459 6518
456 6793 117 131 Los_Telares 0 456 6793
239 7234 128 96 Rosario_de_Lerma 0 239 7234
302 7145 106 90 Rosario_de_la_Frontera 0 302 7145
526 5702 139 106 Médanos 0 526 5702
623 5679 145 131 General_Roca 0 623 5679
599 6036 144 103 Pehuajó 0 599 6036
344 6180 85 79 Los_Polvorines 0 344 6180
740 5490 146 150 Valcheta 0 740 5490
379 6896 72 120 Arraga 0 379 6896
285 5036 133 96 Camarones 0 285 5036
227 6847 145 54 San_Fernando_del_Valle_de_Catamarca 0 227 6847
241 7180 63 80 La_Viña 0 241 7180
736 7077 138 71 Eldorado 0 736 7077
472 6302 50 136 La_Carlota 0 472 6302
696 6460 102 125 Coronda 0 696 6460
347 6163 135 67 Ituzaingó 0 347 6163
531 6949 79 120 Ituzaingó 0 531 6949
383 6024 96 68 Eduardo_Castex 0 383 6024
392 6434 72 80 Colón 0 392 6434
675 6247 116 138 Colón 0 675 6247
524 6654 67 142 San_José_de_Jáchal 0 524 6654
331 6637 62 110 San_José_de_Feliciano 0 331 6637
723 7059 83 112 Montecarlo 0 723 7059
357 6500 124 108 San_Salvador 0 357 6500
353 5182 83 143 Tecka 0 353 5182
379 6897 58 89 Mburucuyá 0 379 6897
522 5433 148 131 Maquinchao 0 522 5433
248 6410 80 115 Libertador_General_San_Martín 0 248 6410
353 6579 68 87 Dolores 0 353 6579
648 5713 101 75 Coronel_Dorrego 0 648 5713
520 6350 82 128 Maipú 0 520 6350
421 5919 114 110 Maipú 0 421 5919
343 7236 124 81 Espinillo 0 343 7236
360 5832 78 71 El_Huecú 0 360 5832
329 5302 134 109 Leleque 0 329 5302
696 6518 143 144 Esperanza 0 696 6518
700 6807 76 104 Aminga 0 700 6807
686 6855 149 142 San_Blas_de_los_Sauces 0 686 6855
430 6691 68 105 Villa_de_María 0 430 6691
496 5143 53 141 Paso_de_Indios 0 496 5143
362 5620 88 61 Las_Coloradas 0 362 5620
367 5887 90 78 Ayacucho 0 367 5887
534 4459 71 107 Puerto_Santa_Cruz 0 534 4459
556 5580 137 77 El_Cuy 0 556 5580
346 6267 83 99 Villa_Paranacito 0 346 6267
354 6190 147 86 Tigre 0 354 6190
297 7538 76 63 Santa_Victoria 0 297 7538
339 6178 64 106 José_C._Paz 0 339 6178
520 5844 56 122 Puan 0 520 5844
356 6169 149 57 Caseros 0 356 6169
346 6956 113 114 San_Luis_del_Palmar 0 346 6956
342 5365 71 84 Ñorquinco 0 342 5365
308 6472 128 54 Villaguay 0 308 6472
491 6712 53 126 Paso_de_los_Libres 0 491 6712
706 5884 55 56 Limay_Mahuida 0 706 5884
266 6982 79 84 Simoca 0 266 6982
354 5446 89 137 Pilcaniyeu 0 354 5446
470 5958 58 62 General_Conesa 0 470 5958
659 7116 81 121 Antofagasta_de_la_Sierra 0 659 7116
349 6171 87 50 Hurlingham 0 349 6171
213 6940 75 55 Charadai 0 213 6940
308 6490 102 100 Villa_Cura_Brochero 0 308 6490
273 6988 143 104 Makallé 0 273 6988
331 7310 97 87 Santa_Clara 0 331 7310
249 7018 96 75 Colonia_Elisa 0 249 7018
726 6979 147 129 San_Bernardo 0 726 6979
244 5774 54 82 Puelches 0 244 5774
488 6267 119 118 La_Consulta 0 488 6267
255 6810 91 75 Ancasti 0 255 6810
615 5982 63 98 Henderson 0 615 5982
370 6633 100 69 Deán_Funes 0 370 6633
252 5826 97 107 Benito_Juárez 0 252 5826
532 6508 64 100 Rivadavia 0 532 6508
511 7324 121 129 Rivadavia 0 511 7324
548 6144 74 53 Ameghino 0 548 6144
440 5889 67 97 Macachín 0 440 5889
463 6223 126 83 Laboulaye 0 463 6223
373 6135 74 150 Guernica 0 373 6135
396 6015 121 78 Pila 0 396 6015
375 6163 98 62 Avellaneda 0 375 6163
429 5944 103 66 General_Guido 0 429 5944
728 6110 150 142 Bragado 0 728 6110
387 6107 77 51 Brandsen 0 387 6107
363 6109 74 89 Parera 0 363 6109
773 6880 105 57 Saujil 0 773 6880
669 6645 103 148 San_Cristóbal 0 669 6645
427 6005 105 55 Castelli 0 427 6005
419 6140 53 107 Berisso 0 419 6140
514 7059 150 95 Campo_Gallo 0 514 7059
548 6332 93 145 Junín 0 548 6332
275 7041 141 52 Tafí_Viejo 0 275 7041
230 7026 148 87 Tafí_del_Valle 0 230 7026
518 5754 54 126 Añelo 0 518 5754
633 6405 56 97 Las_Rosas 0 633 6405
762 6608 99 79 Olta 0 762 6608
304 6983 130 144 Margarita_Belén 0 304 6983
538 6379 50 76 General_Lavalle 0 538 6379
505 5970 146 115 General_Lavalle 0 505 5970
420 6847 117 117 Villa_Atamisqui 0 420 6847
249 7359 144 128 Tumbaya 0 249 7359
748 6120 92 73 Alberti 0 748 6120
414 6569 124 62 Federación 0 414 6569
329 6574 145 60 Federal 0 329 6574
255 6339 119 101 La_Toma 0 255 6339
235 7093 107 64 Bernardo_de_Irigoyen 0 235 7093
619 6765 114 57 Tostado 0 619 6765
633 6181 112 60 Vedia 0 633 6181
595 6896 135 134 Gobernador_Ingeniero_Valentín_Virasoro 0 595 6896
527 5952 56 88 Mar_del_Tuyú 0 527 5952
320 6168 78 111 General_Rodríguez 0 320 6168
427 7203 149 64 Clorinda 0 427 7203
351 6164 129 107 Morón 0 351 6164
576 6791 100 149 Villa_Castelli 0 576 6791
248 6052 97 112 Saladillo 0 248 6052
571 6804 120 147 Bandera 0 571 6804
254 6149 143 52 Suipacha 0 254 6149
284 7030 130 89 Banda_del_Río_Salí 0 284 7030
640 6972 114 84 Santa_Ana 0 640 6972
792 7018 60 115 Machagai 0 792 7018
669 6977 146 136 General_Pinedo 0 669 6977
292 6123 60 54 Navarro 0 292 6123
331 7008 83 93 La_Leonesa 0 331 7008
453 6117 86 97 Magdalena 0 453 6117
732 7120 111 101 Puerto_Esperanza 0 732 7120
501 5483 118 91 Carmen_de_Patagones 0 501 5483
793 7043 88 72 Santa_María 0 793 7043
557 6496 135 76 Nueve_de_Julio 0 557 6496
601 6152 107 72 General_Pinto 0 601 6152
704 6674 89 111 Patquía 0 704 6674
645 6984 104 62 San_Ignacio 0 645 6984
241 6945 110 127 Villa_Alberdi 0 241 6945
300 6844 128 75 Bella_Vista 0 300 6844
271 7008 97 113 Bella_Vista 0 271 7008
313 5928 111 56 Rauch 0 313 5928
301 7402 106 114 Valle_Grande 0 301 7402
756 7084 143 143 Tres_Isletas 0 756 7084
783 7262 123 128 La_Poma 0 783 7262
288 7152 50 76 Pirané 0 288 7152
446 6100 104 145 Intendente_Alvear 0 446 6100
376 5940 150 54 Toay 0 376 5940
611 5948 51 62 Daireaux 0 611 5948
256 6676 142 147 Esquina 0 256 6676
777 6555 119 143 Helvecia 0 777 6555
270 7301 78 129 El_Carmen 0 270 7301
785 7218 75 75 Cachí 0 785 7218
645 6903 71 110 Concepción_de_la_Sierra 0 645 6903
512 5965 63 118 Tres_Lomas 0 512 5965
416 6141 100 89 Ensenada 0 416 6141
648 6056 50 144 Carlos_Casares 0 648 6056
769 6389 51 91 San_Francisco_del_Monte_de_Oro 0 769 6389
337 7096 77 123 San_Francisco_de_Laishí 0 337 7096
259 6939 52 83 Graneros 0 259 6939
520 6746 150 78 Villa_Unión 0 520 6746
754 5786 127 148 González_Chaves 0 754 5786
392 6636 86 54 Villa_Tulumba 0 392 6636
232 7553 150 57 La_Quiaca 0 232 7553
655 6202 123 72 General_Arenales 0 655 6202
619 6128 81 80 General_Alvear 0 619 6128
769 6009 134 129 General_Alvear 0 769 6009
289 6395 94 58 Concarán 0 289 6395
714 7033 84 97 Campo_Largo 0 714 7033
299 5552 128 144 San_Martín_de_los_Andes 0 299 5552
714 6838 73 87 Aimogasta 0 714 6838
461 6553 113 87 Santa_Rosa_de_Río_Primero 0 461 6553
233 6848 124 123 San_Isidro 0 233 6848
246 6595 146 81 La_Paz 0 246 6595
685 6958 116 108 Oberá 0 685 6958
534 6772 97 92 La_Cruz 0 534 6772
277 6747 98 93 Esquiú 0 277 6747
787 7052 76 87 San_Pedro 0 787 7052
286 6906 125 128 San_Pedro 0 286 6906
442 6903 80 134 San_Miguel 0 442 6903
332 6837 138 66 San_Roque 0 332 6837
343 5775 144 107 Lobería 0 343 5775
341 6162 106 88 Merlo 0 341 6162
422 5898 72 78 Buta_Ranquil 0 422 5898
354 6143 52 137 Villa_Huidobro 0 354 6143
752 6201 86 99 Salto 0 752 6201
327 6670 132 61 Sauce 0 327 6670
694 5842 121 57 Laprida 0 694 5842
683 6919 144 106 Santa_Sylvina 0 683 6919
352 6994 67 150 Pozo_Hondo 0 352 6994
767 6226 53 100 Arrecifes 0 767 6226
684 5988 120 58 Santa_Isabel 0 684 5988
543 6781 55 132 Alvear 0 543 6781
288 6080 102 108 Roque_Pérez 0 288 6080
409 6704 147 101 San_Francisco_del_Chañar 0 409 6704
306 6203 149 61 Capilla_del_Señor 0 306 6203
252 6992 64 62 Monteros 0 252 6992
665 6945 90 75 Leandro_N._Alem 0 665 6945
520 6360 55 88 Villa_Nueva 0 520 6360
679 6125 66 116 General_Viamonte 0 679 6125
498 6123 56 89 General_Villegas 0 498 6123
