80
601 5339 86 76 Vienna 0 601 5339
448 5349 51 138 Linz 0 448 5349
534 5212 112 138 Graz 0 534 5212
352 5295 109 76 Salzburg 0 352 5295
681 5237 132 107 Innsbruck 0 681 5237
446 5163 86 85 Klagenfurt 0 446 5163
593 5294 82 97 Wiener_Neustadt 0 593 5294
557 5261 125 74 Bregenz 0 557 5261
613 5300 124 105 Eisenstadt 0 613 5300
555 5251 65 141 Dornbirn 0 555 5251
516 5184 150 70 Deutschlandsberg 0 516 5184
573 5237 140 55 Hartberg 0 573 5237
399 5319 122 61 Vöcklabruck 0 399 5319
474 5223 71 55 Judenburg 0 474 5223
412 5162 139 90 Villach 0 412 5162
364 5245 132 56 Sankt_Johann_im_Pongau 0 364 5245
511 5208 56 144 Voitsberg 0 511 5208
512 5384 115 102 Zwettl 0 512 5384
512 5316 75 73 Scheibbs 0 512 5316
433 5305 82 74 Kirchdorf 0 433 5305
410 5307 115 84 Gmunden 0 410 5307
579 5377 99 52 Hollabrunn 0 579 5377
428 5335 87 136 Wels 0 428 5335
498 5401 107 73 Gmünd 0 498 5401
472 5167 74 136 Völkermarkt 0 472 5167
302 5258 53 80 Kitzbühel 0 302 5258
463 5371 103 132 Freistadt 0 463 5371
577 5353 142 61 Tulln 0 577 5353
703 5245 129 87 Schwaz 0 703 5245
408 5220 111 117 Tamsweg 0 408 5220
616 5380 86 51 Mistelbach 0 616 5380
332 5242 98 147 Zell_am_See 0 332 5242
547 5338 76 139 Sankt_Pölten 0 547 5338
547 5388 57 70 Horn 0 547 5388
541 5181 127 145 Leibnitz 0 541 5181
472 5344 61 80 Perg 0 472 5344
490 5329 139 126 Amstetten 0 490 5329
598 5356 67 86 Korneuburg 0 598 5356
424 5379 75 132 Rohrbach 0 424 5379
329 5188 137 58 Lienz 0 329 5188
375 5165 121 94 Hermagor 0 375 5165
629 5260 65 90 Reutte 0 629 5260
521 5251 117 103 Bruck_an_der_Mur 0 521 5251
631 5319 97 139 Bruck_an_der_Leitha 0 631 5319
631 5232 63 117 Imst 0 631 5232
507 5247 96 124 Leoben 0 507 5247
451 5179 104 57 Sankt_Veit_an_der_Glan 0 451 5179
627 5355 124 147 Gänserndorf 0 627 5355
523 5340 123 81 Melk 0 523 5340
357 5282 128 150 Hallein 0 357 5282
604 5287 55 58 Mattersburg 0 604 5287
431 5174 138 94 Feldkirchen 0 431 5174
436 5217 83 67 Murau 0 436 5217
567 5200 120 131 Feldbach 0 567 5200
561 5222 61 149 Bludenz 0 561 5222
544 5362 134 81 Krems_an_der_Donau 0 544 5362
595 5326 103 128 Mödling 0 595 5326
597 5350 123 133 Klosterneuburg 0 597 5350
456 5322 132 99 Steyr 0 456 5322
636 5310 66 146 Neusiedl_am_See 0 636 5310
581 5285 123 62 Neunkirchen 0 581 5285
488 5187 108 123 Wolfsberg 0 488 5187
618 5221 96 107 Landeck 0 618 5221
427 5351 98 75 Eferding 0 427 5351
546 5229 78 57 Weiz 0 546 5229
385 5184 82 82 Spittal_an_der_Drau 0 385 5184
520 5407 125 60 Waidhofen_an_der_Thaya 0 520 5407
624 5295 71 76 Rust 0 624 5295
591 5318 83 109 Baden 0 591 5318
442 5268 114 71 Liezen 0 442 5268
590 5237 98 148 Oberwart 0 590 5237
388 5341 119 125 Ried_im_Innkreis 0 388 5341
614 5261 147 57 Oberpullendorf 0 614 5261
601 5213 92 132 Güssing 0 601 5213
413 5342 82 65 Grieskirchen 0 413 5342
384 5367 128 102 Schärding 0 384 5367
547 5318 137 81 Lilienfeld 0 547 5318
587 5199 64 94 Jennersdorf 0 587 5199
286 5273 124 82 Kufstein 0 286 5273
354 5347 141 133 Braunau_am_Inn 0 354 5347
