106
537 5972 136 114 Minsk 0 537 5972
362 5812 89 143 Horad_Homyel’ 0 362 5812
325 5977 129 85 Horad_Mahilyow 0 325 5977
321 6119 144 108 Horad_Vitsyebsk 0 321 6119
686 5960 61 56 Hrodna 0 686 5960
684 5775 86 128 Brest 0 684 5775
648 5889 69 56 Babruysk 0 648 5889
434 5887 140 131 Baranavichy 0 434 5887
598 6009 101 75 Horad_Barysaw 0 598 6009
332 6043 124 82 Orsha 0 332 6043
438 5775 115 110 Pinsk 0 438 5775
653 5768 76 108 Mazyr 0 653 5768
490 6018 77 124 Maladzyechna 0 490 6018
388 5971 100 59 Lida 0 388 5971
612 6150 76 107 Polatsk 0 612 6150
376 5824 75 118 Vyetka 0 376 5824
320 5788 121 70 Horad_Kobryn 0 320 5788
436 5774 76 107 Horad_Pinsk 0 436 5774
486 5788 85 100 Horad_Luninyets 0 486 5788
362 5822 70 75 Byaroza 0 362 5822
385 5807 88 124 Dobrush 0 385 5807
311 5740 112 61 Brahin 0 311 5740
609 5907 114 120 Asipovichy 0 609 5907
367 5923 109 124 Slawharad 0 367 5923
475 5879 99 119 Klyetsk 0 475 5879
571 5986 74 145 Horad_Smalyavichy 0 571 5986
360 5865 148 141 Chachersk 0 360 5865
366 5964 68 146 Chavusy 0 366 5964
490 6107 78 62 Pastavy 0 490 6107
506 5889 69 118 Kapyl’ 0 506 5889
436 5911 139 74 Kastsyukovichy 0 436 5911
415 5952 81 95 Krychaw 0 415 5952
323 6010 74 64 Shklow 0 323 6010
536 5848 67 144 Salihorsk 0 536 5848
332 6043 129 123 Horad_Orsha 0 332 6043
502 6166 146 71 Braslaw 0 502 6166
639 6020 111 91 Krupki 0 639 6020
325 5977 112 81 Mahilyow 0 325 5977
685 5834 113 137 Svyetlahorsk 0 685 5834
299 5864 121 144 Zhlobin 0 299 5864
432 6052 64 124 Astravyets 0 432 6052
591 5738 79 129 Lyel’chytsy 0 591 5738
375 5998 112 59 Drybin 0 375 5998
638 6081 82 76 Chashniki 0 638 6081
392 5936 126 63 Cherykaw 0 392 5936
336 5920 95 88 Masty 0 336 5920
544 6110 75 132 Hlybokaye 0 544 6110
362 5811 66 87 Homyel’ 0 362 5811
461 5845 133 93 Hantsavichy 0 461 5845
495 6081 87 83 Myadzyel 0 495 6081
317 5933 120 133 Bykhaw 0 317 5933
348 5757 69 137 Loyew 0 348 5757
703 5753 121 82 Khoyniki 0 703 5753
584 5877 73 87 Staryya_Darohi 0 584 5877
430 6030 118 84 Ashmyany 0 430 6030
613 6197 98 131 Rasony 0 613 6197
450 5876 133 104 Lyakhavichy 0 450 5876
659 5778 95 149 Kalinkavichy 0 659 5778
393 5910 82 71 Krasnapollye 0 393 5910
359 6099 123 88 Lyozna 0 359 6099
387 5883 56 106 Slonim 0 387 5883
460 6037 65 117 Smarhon’ 0 460 6037
688 6150 89 137 Haradok 0 688 6150
494 6038 140 100 Vilyeyka 0 494 6038
350 5941 109 71 Shchuchin 0 350 5941
322 5804 131 74 Horad_Rechytsa 0 322 5804
416 5986 66 68 Mstsislaw 0 416 5986
558 6181 101 114 Vyerkhnyadzvinsk 0 558 6181
627 5834 128 114 Aktsyabrski 0 627 5834
672 5741 139 73 Narowlya 0 672 5741
558 5785 94 148 Zhytkavichy 0 558 5785
352 5889 93 141 Karma 0 352 5889
471 5917 140 116 Khotsimsk 0 471 5917
567 5850 78 117 Lyuban’ 0 567 5850
648 5742 109 88 Yel’sk 0 648 5742
319 5788 67 87 Kobryn 0 319 5788
549 6083 65 107 Dokshytsy 0 549 6083
295 5787 89 110 Zhabinka 0 295 5787
686 5952 90 147 Hrodna 0 686 5952
368 6017 142 128 Horki 0 368 6017
613 5862 55 119 Hlusk 0 613 5862
537 5875 53 101 Slutsk 0 537 5875
529 6135 63 136 Sharkawshchyna 0 529 6135
335 5843 108 58 Buda-Kashalyova 0 335 5843
298 5741 81 148 Malaryta 0 298 5741
677 5986 104 67 Byalynichy 0 677 5986
478 5896 54 93 Nyasvizh 0 478 5896
602 5776 122 122 Pyetrykaw 0 602 5776
587 5995 116 73 Horad_Zhodzina 0 587 5995
539 6164 51 65 Myory 0 539 6164
327 5825 136 111 Pruzhany 0 327 5825
674 6032 147 62 Talachyn 0 674 6032
389 6001 85 121 Voranava 0 389 6001
469 5993 134 88 Valozhyn 0 469 5993
302 5886 110 67 Rahachow 0 302 5886
665 5905 143 56 Kirawsk 0 665 5905
486 5788 114 114 Luninyets 0 486 5788
387 5841 146 59 Ivatsevichy 0 387 5841
415 5950 69 84 Horad_Krychaw 0 415 5950
431 5940 57 145 Klimavichy 0 431 5940
654 5929 114 68 Klichaw 0 654 5929
350 6049 81 130 Dubrowna 0 350 6049
682 6014 97 141 Kruhlaye 0 682 6014
322 5804 89 124 Rechytsa 0 322 5804
399 5778 80 70 Ivanava 0 399 5778
555 6006 54 135 Lahoysk 0 555 6006
