47
593 5632 128 128 Brussels 0 593 5632
597 5674 143 77 Antwerp 0 597 5674
681 5612 131 134 Liège 0 681 5612
550 5655 126 83 Gent 0 550 5655
603 5585 70 150 Charleroi 0 603 5585
515 5673 94 60 Brugge 0 515 5673
629 5592 77 135 Namur 0 629 5592
567 5589 142 124 Mons 0 567 5589
663 5645 117 88 Hasselt 0 663 5645
703 5507 53 105 Arlon 0 703 5507
514 5621 111 103 Mouscron 0 514 5621
598 5641 108 83 Vilvoorde 0 598 5641
683 5493 50 118 Virton 0 683 5493
527 5606 132 68 Tournai 0 527 5606
619 5637 56 107 Leuven 0 619 5637
491 5633 135 54 Ieper 0 491 5633
508 5643 64 132 Roeselare 0 508 5643
577 5653 111 108 Dendermonde 0 577 5653
522 5649 102 92 Tielt 0 522 5649
476 5657 93 90 Veurne 0 476 5657
542 5633 96 142 Oudenaarde 0 542 5633
610 5561 97 65 Philippeville 0 610 5561
659 5618 127 133 Waremme 0 659 5618
493 5674 126 90 Oostende 0 493 5674
615 5619 95 92 Wavre 0 615 5619
591 5577 96 118 Thuin 0 591 5577
555 5608 87 63 Ath 0 555 5608
646 5615 95 105 Hannut 0 646 5615
666 5563 54 54 Marche-en-Famenne 0 666 5563
673 5628 136 95 Tongeren 0 673 5628
695 5664 145 67 Maaseik 0 695 5664
603 5654 71 57 Mechelen 0 603 5654
643 5619 73 65 Lincent 0 643 5619
658 5599 115 120 Huy 0 658 5599
593 5606 86 59 Nivelles 0 593 5606
572 5643 86 95 Aalst 0 572 5643
572 5615 70 145 Enghien 0 572 5615
575 5603 56 132 Soignies 0 575 5603
637 5569 66 83 Dinant 0 637 5569
538 5670 124 98 Eeklo 0 538 5670
675 5523 58 64 Neufchâteau 0 675 5523
635 5687 140 76 Turnhout 0 635 5687
703 5607 123 91 Verviers 0 703 5607
518 5630 89 59 Kortrijk 0 518 5630
694 5542 122 146 Bastogne 0 694 5542
579 5668 50 124 Sint-Niklaas 0 579 5668
490 5653 88 125 Diksmuide 0 490 5653
