52
660 1367 60 98 Ouagadougou 0 660 1367
358 1235 95 105 Bobo-Dioulasso 0 358 1235
569 1354 123 119 Koudougou 0 569 1354
562 1501 85 71 Ouahigouya 0 562 1501
306 1175 91 145 Banfora 0 306 1175
449 1377 128 147 Dédougou 0 449 1377
707 1448 104 50 Kaya 0 707 1448
786 1303 89 139 Tenkodogo 0 786 1303
821 1549 57 88 Torodi 0 821 1549
557 1361 113 142 Réo 0 557 1361
212 1334 79 107 Fada_Ngourma 0 212 1334
788 1347 126 137 Koupéla 0 788 1347
681 1333 62 116 Kombissiri 0 681 1333
406 1407 61 149 Nouna 0 406 1407
480 1142 87 71 Gaoua 0 480 1142
597 1227 80 79 Léo 0 597 1227
368 1334 72 144 Diapaga 0 368 1334
759 1355 128 140 Zorgo 0 759 1355
580 1432 52 101 Yako 0 580 1432
648 1559 90 140 Djibo 0 648 1559
290 1214 77 118 Orodara 0 290 1214
702 1235 138 107 Pô 0 702 1235
492 1445 67 118 Tougan 0 492 1445
763 1401 88 121 Boulsa 0 763 1401
710 1290 103 68 Manga 0 710 1290
472 1211 102 135 Diébougou 0 472 1211
684 1391 147 75 Ziniaré 0 684 1391
809 1435 136 93 Bogandé 0 809 1435
798 1598 87 136 Gorom-Gorom 0 798 1598
633 1277 133 78 Sapouy 0 633 1277
232 1486 141 68 Sebba 0 232 1486
745 1615 147 147 Déou 0 745 1615
493 1232 139 93 Dano 0 493 1232
262 1179 101 83 Sindou 0 262 1179
773 1623 89 136 Oursi 0 773 1623
507 1298 127 131 Boromo 0 507 1298
509 1092 90 119 Batié 0 509 1092
443 1271 79 55 Houndé 0 443 1271
381 1346 77 110 Salanso 0 381 1346
249 1244 130 74 Pama 0 249 1244
805 1656 123 118 Tin-Akoff 0 805 1656
658 1473 55 110 Kongoussi 0 658 1473
820 1553 66 60 Dori 0 820 1553
179 1273 71 108 Ouargaye 0 179 1273
600 1522 146 67 Titao 0 600 1522
472 1138 93 96 Gaoua 0 472 1138
288 1211 102 102 Orodara 0 288 1211
730 1574 137 133 Aribinda 0 730 1574
227 1399 98 88 Gayéri 0 227 1399
620 1399 134 75 Boussé 0 620 1399
569 1460 53 78 Gourcy 0 569 1460
510 1410 50 103 Toma 0 510 1410
