38
197 1853 88 147 Nyaunggon 0 197 1853
199 2432 87 82 Mandalay 0 199 2432
199 2185 55 66 Nay_Pyi_Taw 0 199 2185
353 1823 131 71 Mawlamyine 0 353 1823
232 1918 113 103 Bago 0 232 1918
456 1375 81 106 Myeik 0 456 1375
684 1855 98 91 Pathein 0 684 1855
720 2446 62 93 Monywa 0 720 2446
760 1953 94 95 Hinthada 0 760 1953
489 2227 89 136 Sittwe 0 489 2227
791 1968 71 146 Letpandan 0 791 1968
747 2374 114 98 Myingyan 0 747 2374
295 2300 94 120 Taunggyi 0 295 2300
363 1797 92 121 Mudon 0 363 1797
413 1556 110 143 Dawei 0 413 1556
338 2808 59 78 Myitkyina 0 338 2808
734 2082 121 72 Pyay 0 734 2082
716 2360 128 127 Pakokku 0 716 2360
701 2229 117 99 Magway 0 701 2229
695 2264 56 89 Yenangyaung 0 695 2264
229 2096 102 50 Taungoo 0 229 2096
689 2312 99 71 Chauk 0 689 2312
777 2498 109 85 Shwebo 0 777 2498
808 2422 90 93 Sagaing 0 808 2422
786 1802 100 77 Pyapon 0 786 1802
732 2143 131 63 Allanmyo 0 732 2143
236 1850 150 66 Chaungwa 0 236 1850
377 1685 53 130 Ye 0 377 1685
354 1867 73 87 Hpa-an 0 354 1867
336 2552 104 61 Namtu 0 336 2552
732 1836 97 102 Wakema 0 732 1836
229 2045 99 120 Pyu 0 229 2045
780 1886 70 147 Nyaungdon 0 780 1886
562 2504 149 141 Haka 0 562 2504
312 2176 74 122 Loikaw 0 312 2176
557 2148 123 105 Kyaukpyu 0 557 2148
688 1786 88 80 Labutta 0 688 1786
196 1860 69 117 Rangoon 0 196 1860
