25
762 9625 101 80 Bujumbura 0 762 9625
198 9687 126 132 Mugongora 0 198 9687
194 9615 149 87 Ruyigi 0 194 9615
825 9620 80 128 Gitega 0 825 9620
814 9678 128 143 Ngozi 0 814 9678
167 9565 110 89 Rutana 0 167 9565
798 9562 120 150 Bururi 0 798 9562
811 9542 90 111 Makamba 0 811 9542
786 9675 135 69 Yanza 0 786 9675
791 9638 78 147 Muramvya 0 791 9638
762 9655 136 114 Rutana 0 762 9655
184 9656 79 126 Karuzi 0 184 9656
229 9644 89 71 Cankuzo 0 229 9644
177 9713 93 140 Kirundo 0 177 9713
800 9611 69 114 Mwaro 0 800 9611
832 9565 61 73 Rutana 0 832 9565
790 9563 91 76 Bururi 0 790 9563
228 9643 146 110 Cankuzo 0 228 9643
765 9659 98 111 Bubanza 0 765 9659
792 9676 65 115 Kayanza 0 792 9676
770 9560 135 81 Rumonge 0 770 9560
204 9685 115 86 Muyinga 0 204 9685
776 9629 147 81 Isale 0 776 9629
736 9680 133 148 Cibitoke 0 736 9680
789 9638 141 109 Muramvya 0 789 9638
