30
578 447 85 149 Douala 0 578 447
779 427 62 124 Yaoundé 0 779 427
626 658 149 54 Bamenda 0 626 658
324 1028 69 121 Garoua 0 324 1028
425 1170 60 120 Maroua 0 425 1170
657 605 84 98 Bafoussam 0 657 605
343 809 112 133 Ngaoundéré 0 343 809
353 506 114 146 Bertoua 0 353 506
523 444 91 83 Limbe 0 523 444
625 420 140 53 Edéa 0 625 420
549 512 79 78 Kumba 0 549 512
684 685 77 50 Kumbo 0 684 685
604 547 131 102 Nkongsamba 0 604 547
630 570 141 138 Bafang 0 630 570
710 633 132 142 Foumban 0 710 633
526 459 82 129 Buea 0 526 459
738 320 76 135 Ébolowa 0 738 320
384 1098 141 113 Guider 0 384 1098
777 389 69 83 Mbalmayo 0 777 389
422 720 85 133 Meïganga 0 422 720
747 521 118 137 Bigna 0 747 521
617 705 94 77 Wum 0 617 705
601 326 91 115 Kribi 0 601 326
429 490 79 108 Batouri 0 429 490
237 715 85 66 Tibati 0 237 715
311 545 94 113 Bélabo 0 311 545
696 403 111 86 Eséka 0 696 403
298 440 83 130 Abong_Mbang 0 298 440
194 881 84 73 Kontcha 0 194 881
345 867 115 85 Mbé 0 345 867
