84
345 6297 56 70 Santiago 0 345 6297
674 5924 132 69 Concepción 0 674 5924
256 6340 51 103 Valparaíso 0 256 6340
261 6343 128 101 Viña_del_Mar 0 261 6343
357 7383 105 57 Antofagasta 0 357 7383
668 5933 101 135 Talcahuano 0 668 5933
708 5709 106 63 Temuco 0 708 5709
342 6281 65 56 San_Bernardo 0 342 6281
339 6217 81 123 Rancagua 0 339 6217
381 7763 113 112 Iquique 0 381 7763
258 6076 143 74 Talca 0 258 6076
362 7956 79 133 Arica 0 362 7956
671 5407 87 148 Puerto_Montt 0 671 5407
274 6684 99 68 Coquimbo 0 274 6684
651 5589 92 115 Valdivia 0 651 5589
282 6689 84 79 La_Serena 0 282 6689
657 5506 118 129 Osorno 0 657 5506
759 5944 149 133 Chillán 0 759 5944
734 5849 96 70 Los_Ángeles 0 734 5849
507 7516 64 59 Calama 0 507 7516
368 6972 106 54 Copiapó 0 368 6972
372 4108 98 89 Punta_Arenas 0 372 4108
295 6126 107 136 Curicó 0 295 6126
258 6279 75 65 San_Antonio 0 258 6279
665 5899 117 116 Coronel 0 665 5899
265 6029 98 60 Linares 0 265 6029
289 6359 92 65 Quillota 0 289 6359
289 6612 113 94 Ovalle 0 289 6612
317 6170 99 76 San_Fernando 0 317 6170
338 6375 132 52 San_Felipe 0 338 6375
350 6366 125 53 Los_Andes 0 350 6366
663 5894 107 129 Lota_Alto 0 663 5894
729 4948 62 143 Coyhaique 0 729 4948
327 6837 146 50 Vallenar 0 327 6837
701 5814 92 90 Angol 0 701 5814
735 6086 125 104 Constitución 0 735 6086
739 5647 50 146 Villarrica 0 739 5647
741 6016 78 109 Cauquenes 0 741 6016
646 5850 82 117 Curanilahue 0 646 5850
601 5296 65 134 Castro 0 601 5296
598 5363 149 83 Ancud 0 598 5363
290 6407 88 128 La_Ligua 0 290 6407
294 6498 78 104 Illapel 0 294 6498
663 5537 120 100 La_Unión 0 663 5537
668 5423 59 119 Puerto_Varas 0 668 5423
733 5764 149 115 Victoria 0 733 5764
376 7556 61 117 Tocopilla 0 376 7556
618 5836 127 144 Lebu 0 618 5836
314 6482 101 70 Salamanca 0 314 6482
670 4270 112 131 Puerto_Bories 0 670 4270
678 5709 53 82 Nueva_Imperial 0 678 5709
395 7083 59 98 Diego_de_Almagro 0 395 7083
725 5796 139 112 Collipulli 0 725 5796
704 5639 114 102 Loncoche 0 704 5639
673 5533 115 130 Río_Bueno 0 673 5533
263 6785 148 92 Chañaral 0 263 6785
334 6676 69 106 Vicuña 0 334 6676
375 6961 145 62 Tierra_Amarilla 0 375 6961
686 5585 115 145 Los_Lagos 0 686 5585
654 5372 77 125 Alto_Calbuco 0 654 5372
507 7532 61 108 Chuquicamata 0 507 7532
659 5713 57 76 Carahue 0 659 5713
775 6190 88 111 Pichilemu 0 775 6190
417 7760 137 149 Pozo_Almonte 0 417 7760
315 7002 53 148 Calderilla 0 315 7002
304 5743 50 142 Lonquimay 0 304 5743
350 7188 134 111 Taltal 0 350 7188
680 4969 52 135 Puerto_Aisén 0 680 4969
612 5225 139 87 Quellón 0 612 5225
720 5982 107 121 Quirihue 0 720 5982
309 6548 142 54 Combarbalá 0 309 6548
683 4763 86 143 Cochrane 0 683 4763
762 5826 50 130 Santa_Bárbara 0 762 5826
282 6849 127 113 Huasco 0 282 6849
589 3911 99 139 Puerto_Williams 0 589 3911
431 7528 136 139 Oficina_María_Elena 0 431 7528
652 5657 76 99 Nueva_Toltén 0 652 5657
351 7444 106 78 Mejillones 0 351 7444
600 5280 101 57 Chonchi 0 600 5280
601 7435 117 112 Toconao 0 601 7435
333 4163 60 136 Balsadero_Río_Verde 0 333 4163
680 4628 55 79 Villa_O’Higgins 0 680 4628
380 7886 146 150 Cuya 0 380 7886
430 7679 123 80 Lagunas 0 430 7679
