2187
353 3455 82 135 Shanghai 0 353 3455
447 4420 90 124 Beijing 0 447 4420
730 2558 78 74 Guangzhou 0 730 2558
205 2494 82 137 Shenzhen 0 205 2494
237 3386 125 72 Wuhan 0 237 3386
515 4332 63 134 Tianjin 0 515 4332
650 3271 136 55 Chongqing 0 650 3271
535 4626 131 64 Shenyang 0 535 4626
781 2551 137 50 Dongguan 0 781 2551
410 3393 139 117 Chengdu 0 410 3393
308 3792 60 128 Lianhu 0 308 3792
381 2544 124 104 Hechi 0 381 2544
667 3548 101 105 Nanjing 0 667 3548
670 2941 134 58 Guiyang 0 670 2941
317 5068 108 119 Harbin 0 317 5068
566 2711 51 74 Zhangzhou 0 566 2711
686 4861 78 115 Changchun 0 686 4861
378 4307 85 125 Dalian 0 378 4307
594 4072 123 121 Zibo 0 594 4072
226 3354 139 76 Hangzhou 0 226 3354
269 2771 62 133 Kunming 0 269 2771
637 4192 92 91 Taiyuan 0 637 4192
263 3994 66 141 Qingdao 0 263 3994
499 4058 104 88 Jinan 0 499 4058
732 3840 117 136 Zhengzhou 0 732 3840
730 2884 76 102 Fuzhou 0 730 2884
693 3120 74 61 Changsha 0 693 3120
690 3083 53 147 Xiangtandong 0 690 3083
395 3990 56 122 Lanzhou 0 395 3990
609 2707 97 144 Xiamen 0 609 2707
315 4512 75 70 Jinjiao 0 315 4512
278 4213 107 74 Shijiazhuang 0 278 4213
303 4858 67 58 Jilin 0 303 4858
270 3099 140 124 Wenzhou 0 270 3099
392 3170 102 62 Nanchangshi 0 392 3170
603 3407 72 79 Nanchong 0 603 3407
224 2525 136 146 Nanning 0 224 2525
550 4850 128 131 Ürümqi 0 550 4850
555 3862 66 82 Daguozhuangcun 0 555 3862
358 4155 99 92 Yantai 0 358 4155
622 3880 127 52 Linyi 0 622 3880
431 2216 134 67 Haikou 0 431 2216
400 4500 84 136 Baotou 0 400 4500
526 3525 117 76 Hefei 0 526 3525
498 3721 141 79 Suzhou 0 498 3721
639 3650 142 148 Lanzhuang 0 639 3650
359 3306 54 66 Ningbo 0 359 3306
601 4387 54 113 Tangshan 0 601 4387
695 4440 59 150 Datong 0 695 4440
664 3777 55 79 Shucheng 0 664 3777
375 3812 145 124 Shangqiu 0 375 3812
242 3495 143 80 Wuxi 0 242 3495
555 4517 88 87 Hohhot 0 555 4517
633 3838 122 75 Luoyang 0 633 3838
653 5160 132 101 Daqing 0 653 5160
451 3513 128 53 Lu’an 0 451 3513
248 3412 106 115 Wanxian 0 248 3412
271 3465 75 132 Suzhou 0 271 3465
572 5243 105 99 Qiqihar 0 572 5243
499 4552 138 138 Anshan 0 499 4552
273 4053 145 88 Handan 0 273 4053
510 4004 54 120 Tai’an 0 510 4004
470 2584 96 64 Shantou 0 470 2584
431 2353 136 101 Zhanjiang 0 431 2353
730 3363 145 73 Xiantao 0 730 3363
687 4064 81 88 Weifang 0 687 4064
223 3557 95 121 Xinyang 0 223 3557
542 3193 138 132 Luzhou 0 542 3193
293 2872 77 98 Tantou 0 293 2872
336 2689 53 56 Liuzhou 0 336 2689
576 4634 96 50 Fushun 0 576 4634
568 3226 58 58 Changde 0 568 3226
506 3272 54 96 Neijiang 0 506 3272
660 2756 134 142 Quanzhou 0 660 2756
499 3609 138 63 Huainan 0 499 3609
555 3375 100 137 Suining 0 555 3375
476 3480 79 114 Mianyang 0 476 3480
641 3508 83 96 Huashan 0 641 3508
629 3163 108 84 Yiyang 0 629 3163
361 3900 57 108 Heze 0 361 3900
216 3522 139 71 Zhangshu 0 216 3522
661 4681 60 97 Chifeng 0 661 4681
687 3718 123 128 Huaiyin 0 687 3718
547 4936 77 77 Mudanjiang 0 547 4936
222 3418 150 125 Huzhou 0 222 3418
483 2420 59 115 Maoling 0 483 2420
461 3918 78 100 Jining 0 461 3918
380 3270 92 61 Leshan 0 380 3270
594 3147 133 60 Shangrao 0 594 3147
408 2500 121 66 Yuzhi 0 408 2500
290 3802 131 57 Xianyangshi 0 290 3802
368 4301 54 87 Baoding 0 368 4301
478 3245 88 88 Zigong 0 478 3245
314 3617 132 91 Ankang 0 314 3617
757 3222 90 108 Jinhua 0 757 3222
711 3080 149 126 Zhuzhou 0 711 3080
608 3545 144 129 Xiangyang 0 608 3545
746 4056 64 59 Xining 0 746 4056
321 4519 110 141 Zhangjiakou 0 321 4519
764 2465 66 119 Zhuhai 0 764 2465
600 5183 102 81 Jiamusi 0 600 5183
660 2975 62 122 Hengyang 0 660 2975
564 4571 57 69 Benxi 0 564 4571
719 4425 74 97 Tiezhuang 0 719 4425
515 2776 84 144 Yaowan 0 515 2776
611 4258 85 126 Yinchuan 0 611 4258
284 3404 95 122 Jiaxing 0 284 3404
428 2796 61 86 Guilin 0 428 2796
243 3081 63 111 Yichun 0 243 3081
725 4191 60 94 Dayangquan 0 725 4191
653 5018 99 143 Jixi 0 653 5018
623 3808 51 89 Xigui 0 623 3808
781 3057 74 55 Pingxiang 0 781 3057
343 4552 70 109 Jinzhou 0 343 4552
299 3545 77 118 Nantong 0 299 3545
718 2548 52 133 Foshan 0 718 2548
287 3081 119 118 Xinyu 0 287 3081
480 3759 150 126 Huaibei 0 480 3759
463 3182 104 108 Yibin 0 463 3182
531 3645 89 132 Xiaobengbu 0 531 3645
440 4829 88 111 Tongliao 0 440 4829
599 2417 58 145 Yangjiang 0 599 2417
618 4443 138 138 Dandong 0 618 4443
667 3425 146 100 Xuanzhou 0 667 3425
722 3923 106 129 Rizhao 0 722 3923
703 3901 99 61 Jiaozuo 0 703 3901
731 3566 113 54 Zhenjiang 0 731 3566
593 2903 77 140 Anshun 0 593 2903
688 3063 57 133 Zunyi 0 688 3063
715 3731 87 136 Jingshan 0 715 3731
652 4171 83 75 Yuci 0 652 4171
230 3701 110 101 Yuanzhuang 0 230 3701
546 3993 147 129 Linfen 0 546 3993
701 3247 50 86 Heiyutang 0 701 3247
498 2770 110 52 Xingyi 0 498 2770
473 4373 141 51 Langfang 0 473 4373
626 3469 87 130 Wuhubei 0 626 3469
376 3023 55 54 Shuibatang 0 376 3023
701 4568 110 107 Lingyuan 0 701 4568
699 3805 119 50 Baojishi 0 699 3805
434 4501 51 116 Yingkou 0 434 4501
514 4568 91 130 Liaoyang 0 514 4568
486 5285 69 75 Yichun 0 486 5285
265 3322 139 97 Shaoxing 0 265 3322
784 3324 57 51 Fuyuan 0 784 3324
396 4657 124 138 Fuxin 0 396 4657
476 3606 126 72 Shiyanjie 0 476 3606
666 3930 67 63 Jincheng 0 666 3930
598 5245 107 136 Hegang 0 598 5245
303 2376 61 124 Beihai 0 303 2376
761 2745 124 135 Shaoguan 0 761 2745
704 3829 85 134 Hanzhuang 0 704 3829
707 2622 59 108 Qingyuan 0 707 2622
689 4006 98 77 Changzhi 0 689 4006
314 3342 76 115 Huangshi 0 314 3342
317 3952 76 76 Huadong 0 317 3952
434 4452 82 58 Changping 0 434 4452
773 3598 134 126 Taizhou 0 773 3598
277 4104 72 65 Xingtai 0 277 4104
504 3375 66 55 Anqing 0 504 3375
423 4905 62 106 Shihezi 0 423 4905
622 4352 110 89 Shuozhou 0 622 4352
578 3422 116 87 Tongling 0 578 3422
421 4151 111 117 Weihai 0 421 4151
611 4779 146 63 Siping 0 611 4779
402 3285 86 108 Sunjialong 0 402 3285
585 4369 103 95 Kashgar 0 585 4369
729 3587 54 93 Yangzhou 0 729 3587
714 2498 62 143 Jiangmen 0 714 2498
488 4240 88 82 Cangzhou 0 488 4240
299 3005 110 79 Jiangxia 0 299 3005
619 3353 135 150 Shashi 0 619 3353
674 4752 110 73 Liaoyuan 0 674 4752
664 5166 64 112 Shuangyashan 0 664 5166
291 4200 111 69 Wuwei 0 291 4200
541 4750 87 109 Yanji 0 541 4750
649 2549 131 89 Zhaoqing 0 649 2549
347 3173 145 67 Jiaojiang 0 347 3173
288 4605 147 136 Chaoyang 0 288 4605
520 3240 77 125 Jingdezhen 0 520 3240
385 4176 59 144 Hengshui 0 385 4176
643 5069 71 97 Taihe 0 643 5069
578 4536 75 120 Chengde 0 578 4536
764 3769 146 89 Xuwan 0 764 3769
532 2597 115 108 Wuzhou 0 532 2597
581 3587 141 84 Wanyuan 0 581 3587
463 2617 50 139 Chaozhou 0 463 2617
225 3717 86 118 Luohe 0 225 3717
409 2687 136 94 Meizhou 0 409 2687
528 4860 72 88 Yili 0 528 4860
250 2695 132 118 Yuxi 0 250 2695
486 5050 63 58 Baicheng 0 486 5050
230 3088 122 108 Xichang 0 230 3088
439 4145 83 121 Dezhou 0 439 4145
280 3724 81 62 Zhoukou 0 280 3724
702 2815 147 66 Putian 0 702 2815
695 4254 53 108 Shache 0 695 4254
682 3204 115 82 Quzhou 0 682 3204
502 2776 149 101 Longyan 0 502 2776
341 2017 85 74 Sanya 0 341 2017
642 5004 60 94 Fuyu 0 642 5004
414 4385 82 125 Wafangdian 0 414 4385
436 4569 54 113 Aksu 0 436 4569
569 4682 137 65 Tieling 0 569 4682
309 3321 130 73 Shawan 0 309 3321
569 4346 148 106 Hanguzhan 0 569 4346
263 2626 83 72 Heyuan 0 263 2626
286 4646 113 101 Baishan 0 286 4646
703 2855 112 100 Chenzhou 0 703 2855
751 2951 129 74 Ningde 0 751 2951
233 2555 133 143 Huizhou 0 233 2555
325 3883 53 54 Tongchuanshi 0 325 3883
677 4543 140 111 Jining 0 677 4543
651 4252 72 57 Xinzhou 0 651 4252
584 3275 145 142 Jinshi 0 584 3275
405 4107 70 143 Hotan 0 405 4107
499 4394 102 150 Zhuanghe 0 499 4394
677 4757 102 61 Turpan 0 677 4757
756 2771 60 54 Chuxiong 0 756 2771
346 5167 78 52 Suihua 0 346 5167
317 3192 72 103 Linhai 0 317 3192
296 4094 135 62 Laiyang 0 296 4094
254 2431 78 101 Qinzhou 0 254 2431
246 3976 57 94 Hebi 0 246 3976
429 5103 88 121 Ulanhot 0 429 5103
437 3100 99 112 Xiahuang 0 437 3100
639 3286 85 68 Shayinshi 0 639 3286
625 4310 111 68 Zhangye 0 625 4310
315 4629 57 114 Beipiao 0 315 4629
410 4031 133 55 Qiantucheng 0 410 4031
448 3924 133 79 Hancheng 0 448 3924
316 3281 88 117 Lhasa 0 316 3281
655 4394 119 107 Wuhai 0 655 4394
616 2947 117 113 Nanping 0 616 2947
561 2903 86 113 Sanming 0 561 2903
652 3934 64 98 Pingliang 0 652 3934
429 4623 51 75 Korla 0 429 4623
726 4892 139 132 Jiutai 0 726 4892
778 3290 139 60 Puqi 0 778 3290
639 2744 145 106 Liangjiang 0 639 2744
330 3170 91 126 Huangyan 0 330 3170
438 4802 93 88 Dunhua 0 438 4802
677 5141 127 148 Anda 0 677 5141
727 5103 93 67 Zhanwang 0 727 5103
784 3151 110 141 Lishui 0 784 3151
361 3817 69 132 Weinanshi 0 361 3817
389 3640 66 78 Fuyang 0 389 3640
702 2521 51 100 Simao 0 702 2521
780 3427 66 134 Xiaoganzhan 0 780 3427
621 2830 130 144 Dali 0 621 2830
389 4238 122 77 Yulinshi 0 389 4238
314 5345 73 117 Beian 0 314 5345
326 4260 93 112 Dongzhugu 0 326 4260
421 2583 58 149 Xishan 0 421 2583
441 3444 103 106 Deyang 0 441 3444
439 4405 144 99 Jiayuguan 0 439 4405
692 3665 120 56 Hujiachong 0 692 3665
254 4267 92 86 Jinchang 0 254 4267
584 5300 62 115 Altay 0 584 5300
346 3680 110 128 Jieshou 0 346 3680
669 4921 135 105 Congjiatun 0 669 4921
643 4447 127 53 Dunhuang 0 643 4447
478 5316 120 146 Zalantun 0 478 5316
652 4344 139 72 Shizuishan 0 652 4344
287 5025 83 146 Shuangcheng 0 287 5025
312 3451 64 83 Macheng 0 312 3451
559 4005 97 54 Laiwu 0 559 4005
422 4868 57 118 Xilin_Hot 0 422 4868
530 4246 109 108 Huanghua 0 530 4246
316 3061 80 91 Longsheng 0 316 3061
698 4570 102 124 Huanren 0 698 4570
335 5461 54 120 Yakeshi 0 335 5461
590 4136 55 143 Binzhou 0 590 4136
367 3037 117 91 Zhijiang 0 367 3037
547 3024 147 83 Shaowu 0 547 3024
661 4621 141 105 Kuqa 0 661 4621
345 5257 81 124 Hailun 0 345 5257
402 3850 140 52 Dali 0 402 3850
427 5203 79 78 Tieli 0 427 5203
391 5567 90 150 Heihe 0 391 5567
333 5051 54 94 Karamay 0 333 5051
635 5371 115 130 Nehe 0 635 5371
670 4030 82 133 Golmud 0 670 4030
513 5241 59 53 Longjiang 0 513 5241
326 3446 81 108 Qamdo 0 326 3446
568 4757 106 109 Tumen 0 568 4757
419 5007 83 117 Shangzhi 0 419 5007
622 5067 117 138 Boli 0 622 5067
647 3961 78 54 Yishui 0 647 3961
531 5494 134 75 Manzhouli 0 531 5494
601 5039 112 59 Dalai 0 601 5039
544 3595 98 147 Yejiagou 0 544 3595
762 4075 69 119 Pingdu 0 762 4075
275 5238 60 94 Fujin 0 275 5238
561 4796 132 60 Wangqing 0 561 4796
430 2860 109 61 Guangming 0 430 2860
725 5047 52 122 Mishan 0 725 5047
661 5449 143 89 Nenjiang 0 661 5449
259 4758 114 140 Panshi 0 259 4758
499 4712 114 144 Hedong 0 499 4712
326 4630 125 57 Linjiang 0 326 4630
356 4135 53 134 Nangong 0 356 4135
691 5207 91 68 Koktokay 0 691 5207
683 3237 133 58 Xigazê 0 683 3237
336 4920 88 147 Shulan 0 336 4920
557 3928 65 124 Pingyi 0 557 3928
598 5015 56 82 Linkou 0 598 5015
581 4097 148 121 Jiexiu 0 581 4097
531 5137 52 142 Tailai 0 531 5137
290 5126 146 146 Lanxi 0 290 5126
716 5327 142 136 Keshan 0 716 5327
755 3461 85 115 Anlu 0 755 3461
280 5276 97 65 Baiquan 0 280 5276
724 4680 50 103 Liuhe 0 724 4680
275 4722 107 56 Huinan 0 275 4722
278 5174 134 150 Qinggang 0 278 5174
379 3121 130 144 Shangchengjia 0 379 3121
594 3491 126 99 Langzhong 0 594 3491
537 5306 81 116 Gannan 0 537 5306
355 5234 121 134 Suileng 0 355 5234
579 4901 62 58 Changling 0 579 4901
538 5348 126 64 Xinqing 0 538 5348
537 4910 67 55 Ning’an 0 537 4910
385 5192 53 123 Qing’an 0 385 5192
649 5178 59 83 Tacheng 0 649 5178
261 2710 142 120 Yanshan 0 261 2710
516 2990 57 57 Chongyang 0 516 2990
343 5070 56 130 Hulin 0 343 5070
550 5601 118 115 Oroqen_Zizhiqi 0 550 5601
672 5306 88 131 Yi’an 0 672 5306
681 2444 122 128 Pingxiang 0 681 2444
270 4552 97 121 Wuyuan 0 270 4552
743 4622 125 132 Tonghua 0 743 4622
625 2970 53 54 Lianwang 0 625 2970
421 5403 103 64 Bugt 0 421 5403
753 3201 72 63 Gyangzê 0 753 3201
410 3554 124 142 Gar 0 410 3554
354 4827 119 67 Kailu 0 354 4827
410 3482 111 70 Nagqu 0 410 3482
274 3248 145 94 Fulin 0 274 3248
583 4818 76 99 Linxi 0 583 4818
291 2993 50 81 Dunhou 0 291 2993
555 2814 136 102 Laojie 0 555 2814
451 2678 72 72 Mengshan 0 451 2678
522 3131 122 80 Zhongcheng 0 522 3131
582 3004 67 118 Kaiwen 0 582 3004
511 4962 59 118 Kaitong 0 511 4962
665 4079 148 120 Fengzhou 0 665 4079
398 3868 116 112 Chengwu 0 398 3868
242 3158 90 67 Yongning 0 242 3158
706 2718 63 138 Fengcheng 0 706 2718
475 3515 60 137 Zhongba 0 475 3515
568 5175 146 121 Tangyuan 0 568 5175
726 4471 130 53 Longquan 0 726 4471
288 2730 114 114 Fenglu 0 288 2730
590 4361 64 75 Shule 0 590 4361
361 3291 112 122 Yancheng 0 361 3291
443 2127 136 139 Jiaji 0 443 2127
619 2804 103 55 Tafeng 0 619 2804
290 3142 87 79 Lhozhag 0 290 3142
401 3099 85 115 Huangjingba 0 401 3099
563 3955 141 97 Tangxing 0 563 3955
591 2935 106 63 Jinhua 0 591 2935
627 3928 123 78 Fengcheng 0 627 3928
603 4326 65 134 Longquan 0 603 4326
326 3693 115 56 Chuqung 0 326 3693
375 4139 134 72 Wenhua 0 375 4139
438 2710 103 146 Licheng 0 438 2710
712 4042 92 133 Lihou 0 712 4042
300 4654 129 144 Sunjia_Buzi 0 300 4654
381 5067 134 73 Binzhou 0 381 5067
296 3825 67 143 Qi_Xian_Chengguanzhen 0 296 3825
778 3671 123 74 Quyang 0 778 3671
586 3751 104 136 Suicheng 0 586 3751
353 3276 112 140 Suishan 0 353 3276
279 3776 124 94 Ganting 0 279 3776
356 3475 105 93 Baoshan 0 356 3475
641 3324 85 91 Haoxue 0 641 3324
588 3511 113 117 Lingjiang 0 588 3511
414 4624 69 61 Tongyangdao 0 414 4624
408 4035 88 136 Liaocheng 0 408 4035
364 2907 80 92 Xiaotiechang 0 364 2907
692 3858 72 115 Qingkou 0 692 3858
606 5185 128 141 Jianguo 0 606 5185
796 2509 92 106 Xinning 0 796 2509
507 4849 107 97 Qapqal 0 507 4849
665 2953 103 98 Yunji 0 665 2953
269 3630 61 68 Qiongxi 0 269 3630
656 4254 59 137 Hongshui 0 656 4254
471 3071 99 72 Cikai 0 471 3071
511 3255 74 143 Cili 0 511 3255
700 2519 75 114 Shaping 0 700 2519
331 3234 63 137 Shaping 0 331 3234
650 2801 56 110 Micheng 0 650 2801
310 3549 148 79 Luhua 0 310 3549
730 5105 101 135 Zhaodong 0 730 5105
472 3147 78 142 Xunchang 0 472 3147
630 2734 78 144 Sanjiang 0 630 2734
320 2951 67 60 Sanjiang 0 320 2951
718 4857 66 63 Mandalt 0 718 4857
262 3566 71 118 Xangda 0 262 3566
680 4528 68 71 Xamba 0 680 4528
731 3491 52 57 Gyamotang 0 731 3491
359 4038 91 122 Guancheng 0 359 4038
745 2674 114 120 Yingcheng 0 745 2674
697 3805 55 115 Jinling 0 697 3805
345 5166 129 67 Dayou 0 345 5166
761 2585 105 51 Matou 0 761 2585
359 3456 117 114 Pudong 0 359 3456
563 4414 96 60 Yutian 0 563 4414
353 3319 55 67 Zhushan 0 353 3319
589 4736 120 62 Changtu 0 589 4736
686 4799 72 108 Yitong 0 686 4799
416 4112 108 126 Yitiaoshan 0 416 4112
457 3490 136 59 Huagai 0 457 3490
326 2827 51 111 Rende 0 326 2827
625 3423 131 113 Rulong 0 625 3423
524 3526 54 53 Baokang_Chengguanzhen 0 524 3526
524 4885 78 114 Baokang 0 524 4885
233 3115 138 110 Hecheng 0 233 3115
327 3530 53 132 Haimen 0 327 3530
659 4749 56 89 Baiquan 0 659 4749
556 2499 95 71 Mengsuo 0 556 2499
762 3162 100 88 Kangmar 0 762 3162
514 4259 114 126 Weifen 0 514 4259
715 3851 130 111 Suohe 0 715 3851
282 3453 106 74 Songling 0 282 3453
607 4392 95 84 Kaiping 0 607 4392
566 3733 94 60 Chengxian_Chengguanzhen 0 566 3733
779 3519 82 96 Changzhou 0 779 3519
433 3189 131 107 Xinfa 0 433 3189
261 3977 75 110 Tangyang_Chengguanzhen 0 261 3977
740 3814 63 143 Fengming 0 740 3814
794 2887 115 134 Guidong_Chengguanzhen 0 794 2887
763 3439 79 81 Yunmeng_Chengguanzhen 0 763 3439
565 3062 65 84 Lianyuan 0 565 3062
551 4298 114 87 Hongwansi 0 551 4298
425 4865 58 102 Xiritala 0 425 4865
207 3060 142 68 Luxi 0 207 3060
559 4079 106 67 Mugala 0 559 4079
595 5241 130 118 Hongqi 0 595 5241
597 5243 145 115 Guangming 0 597 5243
599 5244 124 54 Dongshan 0 599 5244
597 5245 57 103 Gounan 0 597 5245
300 3414 134 126 Weitang 0 300 3414
224 3025 129 142 Fuding 0 224 3025
524 2655 96 77 Dedang 0 524 2655
741 3844 115 87 Huaihelu 0 741 3844
721 2531 86 58 Taocheng 0 721 2531
442 3809 127 61 Dangcheng 0 442 3809
640 3492 103 78 Gushu 0 640 3492
415 3648 113 97 Nixia 0 415 3648
543 2620 128 56 Xibu 0 543 2620
506 3178 56 71 Jiang’an 0 506 3178
689 3390 86 141 Helixi 0 689 3390
389 3992 145 80 Xihu 0 389 3992
393 3990 104 85 Zhangyelu 0 393 3990
384 3996 64 136 Anning_Xilu 0 384 3996
748 4642 64 77 Changshun 0 748 4642
598 2887 53 135 Yuhu 0 598 2887
399 3080 100 62 Tianxingchang 0 399 3080
479 3750 64 149 Suixi 0 479 3750
422 2364 57 95 Suicheng 0 422 2364
320 3813 145 132 Sui_Xian_Chengguanzhen 0 320 3813
340 3163 70 71 Lubei 0 340 3163
326 3727 122 75 Qianyou 0 326 3727
764 3805 132 132 Fufeng 0 764 3805
268 3600 50 149 Ziyang_Chengguanzhen 0 268 3600
641 4444 145 113 Shazhou 0 641 4444
543 3357 141 145 Anju 0 543 3357
313 2396 109 134 Lianzhou 0 313 2396
638 2741 102 50 Lianzhou 0 638 2741
307 3954 58 117 Chuimatan 0 307 3954
453 4615 69 61 Bailingmiao 0 453 4615
358 3191 142 107 Minjian 0 358 3191
252 3654 59 93 Runing 0 252 3654
426 2914 129 60 Rulin 0 426 2914
777 3713 70 74 Yuanjiazhuang 0 777 3713
388 3145 136 72 Nahaping 0 388 3145
306 3318 133 135 Yucheng 0 306 3318
260 4166 136 90 Guma 0 260 4166
393 3409 50 92 Pitong 0 393 3409
625 3571 139 87 Seke 0 625 3571
307 4558 142 93 Zhangbei 0 307 4558
461 5489 51 131 Bianjiang 0 461 5489
480 3604 137 58 Shouchun 0 480 3604
317 3379 111 124 Damxung 0 317 3379
270 4138 77 114 Luofeng 0 270 4138
627 3287 92 77 Huangshan 0 627 3287
570 4216 57 93 Loufan 0 570 4216
788 2579 50 150 Licheng 0 788 2579
500 4827 88 103 Barkol 0 500 4827
524 3396 60 75 Dianjun 0 524 3396
487 5390 105 60 Altan_Emel 0 487 5390
434 2884 59 53 Yangchang 0 434 2884
344 4066 74 82 Yongdeng_Chengguanzhen 0 344 4066
243 2622 147 120 Yilong 0 243 2622
258 2948 135 70 Huidong 0 258 2948
344 4066 73 105 Dong_Liang’erzhuang 0 344 4066
312 2756 77 89 Kuangyuan 0 312 2756
365 4080 136 120 Linxi 0 365 4080
637 4177 69 101 Xiaodian 0 637 4177
356 3458 148 87 Hongkou 0 356 3458
634 4739 62 111 Toksun 0 634 4739
714 3666 115 82 Zhabu 0 714 3666
637 5270 138 126 Fengxiang 0 637 5270
414 3335 125 145 Fuyu 0 414 3335
523 2589 117 74 Longxu 0 523 2589
211 3199 97 77 Dongcheng 0 211 3199
285 2867 107 92 Dianweijie 0 285 2867
360 3303 54 92 Wuxue 0 360 3303
362 2613 111 112 Wuxuan 0 362 2613
612 3814 106 118 Dawu 0 612 3814
600 4319 129 138 Ruoqiang 0 600 4319
540 3376 90 100 Gulaobei 0 540 3376
254 3161 142 123 Heping 0 254 3161
313 3236 128 78 Hepingyizu 0 313 3236
397 3231 118 118 Yujin 0 397 3231
350 2463 116 88 Xiaojiang 0 350 2463
254 2593 58 146 Dafeng 0 254 2593
430 3414 58 105 Molo 0 430 3414
357 2891 114 105 Dasongshu 0 357 2891
332 4921 75 89 Kuytun 0 332 4921
376 5103 50 120 Bayan 0 376 5103
768 3473 84 82 Yicheng 0 768 3473
330 3006 120 63 Guji 0 330 3006
291 2814 53 143 Jiading 0 291 2814
571 3121 50 55 Lazanzhong 0 571 3121
276 3011 56 81 Siyang 0 276 3011
803 2454 71 134 Siyang 0 803 2454
579 3705 107 138 Sicheng 0 579 3705
673 4813 81 114 Xinyuan 0 673 4813
500 4128 77 66 Xinyuan 0 500 4128
593 3197 61 67 Hanshou 0 593 3197
367 2972 118 85 Lincheng 0 367 2972
517 3855 130 125 Shengrenjian 0 517 3855
491 3151 141 143 Shengping 0 491 3151
315 3029 122 107 Xinhuang 0 315 3029
318 4693 134 139 Jingyu 0 318 4693
471 4046 141 54 Wulan 0 471 4046
620 3926 77 140 Xiangshui 0 620 3926
602 4156 94 149 Tianning 0 602 4156
678 3721 92 104 Liuba 0 678 3721
475 5285 60 53 Shuguang 0 475 5285
776 3418 131 73 Zhanggu 0 776 3418
243 3495 139 112 Nanchansi 0 243 3495
572 3280 115 133 Liyang 0 572 3280
355 2810 116 52 Tongquan 0 355 2810
738 3957 62 61 Nanjie 0 738 3957
342 3175 55 144 Fengchuan 0 342 3175
518 4412 113 90 Xuejiawan 0 518 4412
243 3497 54 122 Chong’ansi 0 243 3497
707 3446 112 107 Jianping 0 707 3446
478 3769 79 146 Jisegumen 0 478 3769
329 3974 101 146 Qingfeng_Chengguanzhen 0 329 3974
452 3145 81 94 Qingfu 0 452 3145
273 4467 73 71 Suizhong 0 273 4467
362 2061 110 70 Baocheng 0 362 2061
550 4057 86 97 Yong’an 0 550 4057
249 2822 135 109 Xiaopingba 0 249 2822
349 3467 57 83 Maindong 0 349 3467
241 3545 138 145 Jingcheng 0 241 3545
557 2469 99 106 Nayun 0 557 2469
752 2965 82 54 Chaling_Chengguanzhen 0 752 2965
374 2812 143 106 Pingpo 0 374 2812
348 3171 131 93 Zhowagoin 0 348 3171
308 3023 81 88 Shanjiao 0 308 3023
468 2693 91 66 Huliao 0 468 2693
698 3830 93 131 Xinpu 0 698 3830
532 5250 131 148 Fendou 0 532 5250
663 3863 100 81 Huichang 0 663 3863
776 2777 111 79 Renhua 0 776 2777
336 2127 109 120 Yacha 0 336 2127
277 2996 124 87 Pisha 0 277 2996
353 5061 81 145 Baijiantan 0 353 5061
533 3044 76 53 Hangchuan 0 533 3044
671 4647 78 93 Dalain_Hob 0 671 4647
562 2867 101 67 Longbo 0 562 2867
766 2730 138 134 Tuodian 0 766 2730
726 2945 137 70 Zhongxin 0 726 2945
616 3034 77 117 Yongfeng 0 616 3034
244 2789 108 112 Yongding 0 244 2789
768 2883 111 65 Yongding 0 768 2883
514 3073 50 108 Qingfenglin 0 514 3073
524 3071 118 105 Shuitianzhai 0 524 3071
268 2892 61 136 Zhongcun 0 268 2892
625 4496 102 115 Kuancheng 0 625 4496
726 3701 116 110 Chugqênsumdo 0 726 3701
650 3089 97 50 Pucheng 0 650 3089
622 3567 60 124 Donghe 0 622 3567
385 3483 130 74 Toding 0 385 3483
701 5090 127 79 Toli 0 701 5090
403 4108 117 56 Nu’erbage 0 403 4108
549 4938 78 92 Yangming 0 549 4938
467 3207 114 97 Poyang 0 467 3207
722 4435 124 106 Xiping 0 722 4435
608 3352 120 146 Gantang 0 608 3352
313 4148 103 105 Gulang 0 313 4148
321 2510 84 112 Hengzhou 0 321 2510
696 3999 70 96 Longquan 0 696 3999
470 2720 129 106 Longshan 0 470 2720
672 4542 99 58 Nanjie 0 672 4542
777 3720 131 131 Yancheng_Chengguanzhen 0 777 3720
477 4072 124 113 Yancheng 0 477 4072
235 3694 51 59 Yancheng 0 235 3694
705 4723 110 98 Dongfeng 0 705 4723
426 2745 96 82 Zhedao 0 426 2745
242 3782 121 50 Erqu 0 242 3782
349 3418 92 120 Fengshan 0 349 3418
591 2719 112 59 Fengshan 0 591 2719
754 2931 122 94 Fengshan 0 754 2931
642 2428 144 51 Menghai 0 642 2428
618 3075 53 124 Zhongcun 0 618 3075
346 4460 83 87 Yumen 0 346 4460
509 2719 79 127 Bada 0 509 2719
251 2912 50 129 Quanjiang 0 251 2912
630 5209 124 70 Yuelai 0 630 5209
617 4164 119 80 Qingyuan 0 617 4164
357 3901 101 150 Xicheng 0 357 3901
626 2693 62 143 Leli 0 626 2693
275 2569 148 115 Luxu 0 275 2569
761 3348 59 86 Lin’an 0 761 3348
566 2614 118 100 Xinhua 0 566 2614
294 2975 123 121 Xinhua 0 294 2975
249 3419 131 108 Huangpi 0 249 3419
387 3068 66 89 Cuihua 0 387 3068
631 4528 62 134 Zhuozishan 0 631 4528
499 2997 54 102 Taohong 0 499 2997
753 2900 72 121 Fengcheng 0 753 2900
227 3717 129 117 Dizhuang 0 227 3717
622 3460 119 62 Xinzheng 0 622 3460
804 2631 137 77 Dahua 0 804 2631
299 3112 145 78 Yuecheng 0 299 3112
318 4514 150 143 Lianshan 0 318 4514
641 2566 129 90 Xinjing 0 641 2566
331 3339 62 120 Xushan 0 331 3339
414 4408 122 60 Tianjiao 0 414 4408
338 4877 79 67 Bieligutai 0 338 4877
549 4937 123 125 Bala_Ga’er_Gaole 0 549 4937
449 3222 88 102 Zhangjiajie 0 449 3222
633 3434 137 106 Zhoukou 0 633 3434
702 4626 140 75 Changhanchi 0 702 4626
380 4011 114 58 Yanta 0 380 4011
524 4872 57 113 Yan’an_Beilu 0 524 4872
523 2982 107 139 Tangdukou 0 523 2982
524 3383 104 56 Penglai 0 524 3383
659 2748 86 121 Tongle 0 659 2748
493 4772 98 61 Mingyue 0 493 4772
398 3428 76 114 Tianpeng 0 398 3428
236 3340 131 110 Xiaoshan 0 236 3340
635 4732 138 66 Saihan_Tal 0 635 4732
662 3645 133 89 Sêraitang 0 662 3645
636 4143 93 119 Mingxing 0 636 4143
729 3747 121 107 Xiangcheng_Chengguanzhen 0 729 3747
248 2841 121 125 Maoshanjie 0 248 2841
267 3528 64 135 Yangshe 0 267 3528
317 3929 119 67 Hanji 0 317 3929
561 3436 64 112 Mingfeng 0 561 3436
262 3214 127 140 Yining 0 262 3214
218 3562 52 94 Taixing 0 218 3562
241 2519 80 97 Pumiao 0 241 2519
585 3461 73 111 Wucheng 0 585 3461
605 3230 73 140 Tungdor 0 605 3230
405 2141 142 70 Tuncheng 0 405 2141
433 2176 53 95 Dingcheng 0 433 2176
439 4559 135 121 Aksu 0 439 4559
351 4557 118 96 Uchturpan 0 351 4557
384 2515 145 58 Shinan 0 384 2515
695 4340 118 51 Fancheng 0 695 4340
335 4064 134 88 Beijie 0 335 4064
333 4067 113 64 Chensan 0 333 4067
288 2676 112 103 Ningzhou 0 288 2676
668 3781 96 71 Meishan 0 668 3781
724 4135 67 129 Yixing 0 724 4135
417 3318 131 143 Wenlin 0 417 3318
781 3525 128 96 Hehai 0 781 3525
630 3166 77 85 Damatou 0 630 3166
673 3536 76 76 Dongshan 0 673 3536
253 2855 120 141 Dongshan 0 253 2855
617 2895 61 111 Youxi_Chengguanzhen 0 617 2895
619 5006 145 118 Mashan 0 619 5006
292 2860 99 90 Ganzhou 0 292 2860
350 2159 77 134 Nada 0 350 2159
590 4143 84 105 Fengcheng 0 590 4143
238 2582 120 117 Yisa 0 238 2582
453 3953 95 130 Wenshang 0 453 3953
758 3780 129 87 Yuegai 0 758 3780
428 2752 79 141 Luoxiong 0 428 2752
621 3240 93 103 Jijiang 0 621 3240
587 3247 82 53 Zhongshanlu 0 587 3247
353 3352 113 73 Xiaoduchuan 0 353 3352
503 3092 134 89 Zhongba 0 503 3092
331 3170 94 96 Dongcheng 0 331 3170
619 2934 136 124 Yunhe 0 619 2934
606 2535 55 93 Yunfu 0 606 2535
446 4503 137 82 Biancheng 0 446 4503
310 3832 149 139 Sanyuan_Chengguanzhen 0 310 3832
300 4078 108 102 Bao’an 0 300 4078
685 2921 145 88 Leiyang 0 685 2921
387 3310 58 147 Beilun 0 387 3310
288 3275 118 92 Shanhu 0 288 3275
434 4171 149 104 Jingzhou 0 434 4171
634 3395 94 107 Jingchuan 0 634 3395
366 3125 117 69 Xiluodu 0 366 3125
388 3396 91 71 Liucheng 0 388 3396
619 2771 63 108 Fengcheng 0 619 2771
248 4090 119 71 Wuqi 0 248 4090
348 4470 90 117 Zhuolu 0 348 4470
472 2734 140 101 Fengcheng 0 472 2734
328 3564 83 149 Qumodê 0 328 3564
303 3641 107 123 Hanbin 0 303 3641
309 3796 102 113 Weiyang 0 309 3796
462 2398 79 73 Hexi 0 462 2398
278 2880 137 62 Kaji 0 278 2880
592 5728 66 71 Xinlin 0 592 5728
434 3432 142 113 Xinling 0 434 3432
584 4247 135 101 Echeng 0 584 4247
377 3007 64 74 Qiancheng 0 377 3007
261 2863 135 110 Saziba 0 261 2863
428 5104 72 88 Heping 0 428 5104
605 3405 126 71 Gaoping 0 605 3405
575 4307 61 76 Yancheng 0 575 4307
575 3980 124 112 Tiantan 0 575 3980
346 4151 92 111 Qingyang 0 346 4151
439 2911 115 98 Zhujiacun 0 439 2911
494 5171 114 117 Inder 0 494 5171
480 2921 120 95 Jinshi 0 480 2921
637 4192 108 62 Liuxiang 0 637 4192
636 4196 101 150 Julun 0 636 4196
633 4190 121 135 Qianfeng 0 633 4190
719 5229 127 92 Mingshui 0 719 5229
266 4863 99 137 Tianshan 0 266 4863
396 3163 88 139 Zhongcheng 0 396 3163
765 3647 70 53 Shaoyang 0 765 3647
678 3467 148 52 Chunxi 0 678 3467
593 4572 97 135 Xiaoshi 0 593 4572
602 3199 118 142 Sa’gya 0 602 3199
541 4867 142 100 Ghulja 0 541 4867
296 3364 50 97 E’zhou 0 296 3364
353 4975 79 59 Wuchang 0 353 4975
371 2709 150 124 Luzhai 0 371 2709
429 3381 97 144 Longquan 0 429 3381
703 4572 66 145 Miaodong 0 703 4572
642 5167 62 89 Fendou 0 642 5167
377 2105 140 92 Yinggen 0 377 2105
686 4517 137 65 Togrog_Ul 0 686 4517
260 3929 100 99 Shanhe 0 260 3929
241 3077 51 142 Yuanzhou 0 241 3077
702 4062 60 120 Huangyuan_Chengguanzhen 0 702 4062
250 3216 93 73 Pan’an 0 250 3216
212 2977 78 88 Panlian 0 212 2977
270 3078 89 61 Fenyi 0 270 3078
358 3459 133 96 Yangpu 0 358 3459
384 3034 120 51 Aoxi 0 384 3034
295 3125 78 95 Aoyang 0 295 3125
684 3017 79 74 Daxing 0 684 3017
317 4513 117 91 Huludao 0 317 4513
306 4412 78 149 Xinli 0 306 4412
447 3142 141 141 Lhünzê 0 447 3142
507 2659 65 54 Liancheng 0 507 2659
194 2609 114 67 Lijiang 0 194 2609
446 3580 129 59 Langjiu 0 446 3580
542 5129 148 56 Yilan 0 542 5129
566 3210 140 75 Dingcheng 0 566 3210
263 3818 140 82 Liquan_Chengguanzhen 0 263 3818
496 3080 146 144 Zhaxi 0 496 3080
419 3095 116 122 Shiziba 0 419 3095
230 3967 91 74 Xihuachi 0 230 3967
654 5018 88 138 Hongjunlu 0 654 5018
474 3469 79 150 Gufu 0 474 3469
299 3001 122 102 Ji’an 0 299 3001
262 4556 123 106 Ji’an 0 262 4556
328 4911 137 105 Maytagh 0 328 4911
631 2992 78 119 Jian’ou 0 631 2992
266 3642 101 106 Hanyin_Chengguanzhen 0 266 3642
526 3763 116 95 Hanyuan 0 526 3763
409 3280 140 116 Yancheng 0 409 3280
648 3352 145 120 Jingyang 0 648 3352
770 3601 61 69 Jingyang 0 770 3601
578 3141 110 51 Gyangkar 0 578 3141
728 2674 61 83 Bama 0 728 2674
574 3424 60 95 Wusong 0 574 3424
752 3198 145 126 Yuxi 0 752 3198
329 3577 134 67 Juegang 0 329 3577
532 3330 83 57 Yueyang 0 532 3330
582 4016 57 88 Yueyang 0 582 4016
274 4856 62 124 Mori 0 274 4856
357 4687 84 72 Fusong 0 357 4687
666 4326 84 112 Shangguan 0 666 4326
656 4376 85 91 Daiyue 0 656 4376
727 3782 78 113 Yingchuan 0 727 3782
673 4550 114 128 Bayinbaolige 0 673 4550
449 4419 113 93 Jingshan 0 449 4419
681 3659 64 70 Shedian 0 681 3659
497 3410 143 146 Maoping 0 497 3410
605 4197 54 145 Dongqu 0 605 4197
299 3326 113 140 Baima 0 299 3326
332 3370 147 83 Qingquan 0 332 3370
483 2968 58 51 Suicheng 0 483 2968
249 2739 55 69 Chengxiang 0 249 2739
607 3688 126 143 Lüeyang_Chengguanzhen 0 607 3688
344 3775 79 76 Zhecheng_Chengguanzhen 0 344 3775
488 4425 106 112 Jinta 0 488 4425
336 3000 148 64 Shuigou’ao 0 336 3000
483 3036 125 84 Wufeng 0 483 3036
748 3036 132 90 Yanjing 0 748 3036
664 2737 70 133 Shishi 0 664 2737
708 2549 116 69 Ning’er 0 708 2549
346 3241 147 68 Ninghai 0 346 3241
278 3853 88 51 Chunhua 0 278 3853
533 4315 71 101 Xianshuigu 0 533 4315
415 2727 135 99 Jiaocheng 0 415 2727
334 3473 127 101 Xinchenglu 0 334 3473
320 3959 67 67 Puyang 0 320 3959
245 3943 87 70 Chaoge 0 245 3943
505 3100 59 127 Bujie 0 505 3100
669 3545 79 112 Wulaocun 0 669 3545
523 4529 129 128 Luanping 0 523 4529
282 3206 83 124 Xinshiba 0 282 3206
592 5233 84 123 Xing’an 0 592 5233
423 3159 71 79 Taipingdian 0 423 3159
399 2853 127 139 Xianghu 0 399 2853
640 5099 67 50 Datong 0 640 5099
520 2561 134 124 Mengdong 0 520 2561
683 4429 95 117 Kouquan 0 683 4429
294 4834 77 122 Kouqian 0 294 4834
272 3249 114 140 Shirong 0 272 3249
696 3901 143 70 Zhongzhan 0 696 3901
278 3380 135 93 Xiashi 0 278 3380
583 3235 146 130 Ziyang 0 583 3235
601 3403 69 138 Huohua 0 601 3403
470 3340 79 90 Wufeng 0 470 3340
220 3486 141 67 Jinchuan 0 220 3486
341 3071 131 96 Jinchuan 0 341 3071
537 4549 114 74 Hoh_Ereg 0 537 4549
754 3899 124 50 Zhaoren 0 754 3899
377 2832 149 135 Huichang 0 377 2832
419 3410 54 74 Xindu 0 419 3410
450 4112 71 80 Yatou 0 450 4112
689 3072 115 104 Yisuhe 0 689 3072
335 3770 125 54 Dianga 0 335 3770
357 4638 108 142 Baochang 0 357 4638
339 3139 62 55 Taiping 0 339 3139
374 3559 138 102 Gushi_Chengguanzhen 0 374 3559
752 3177 125 150 Hanchang 0 752 3177
738 3456 117 59 Dazhou 0 738 3456
286 3580 83 103 Xi_Xian_Chengguanzhen 0 286 3580
665 4872 65 58 Jimsar 0 665 4872
301 2744 59 70 Lishi 0 301 2744
416 2669 145 140 Jinxiu 0 416 2669
622 3318 57 137 Gaocheng 0 622 3318
455 3585 86 66 Long’an 0 455 3585
771 2568 137 124 Long’an_Chengxiangzhen 0 771 2568
302 4186 108 84 Dengzhou 0 302 4186
678 3139 75 106 Gaotangling 0 678 3139
446 3503 116 122 Yongchang 0 446 3503
194 2663 119 66 Guishan 0 194 2663
441 3167 91 53 Xiangjiaba 0 441 3167
608 4226 56 90 Babao 0 608 4226
716 3805 96 129 Guozhen 0 716 3805
237 3532 92 81 Ma’erkang 0 237 3532
353 3453 139 122 Luwan 0 353 3453
272 2668 122 148 Xiushan 0 272 2668
603 4005 123 118 Nanma 0 603 4005
398 3114 85 115 Congdü 0 398 3114
535 3183 130 75 Naxi 0 535 3183
561 5222 144 56 Xinxing 0 561 5222
440 3126 140 127 Xinglongchang 0 440 3126
680 3848 53 127 Zijinglu 0 680 3848
223 3717 61 110 Ganhechen 0 223 3717
604 3509 79 92 Huanfeng 0 604 3509
275 3472 53 136 Hong’an_Chengguanzhen 0 275 3472
490 4893 131 133 Khutubi 0 490 4893
740 3590 67 121 Xiannü 0 740 3590
565 3930 116 64 Jingning_Chengguanzhen 0 565 3930
550 2592 70 58 Jiangkou 0 550 2592
298 3500 67 145 Xinji 0 298 3500
657 3372 137 78 Guang’an 0 657 3372
416 3564 105 108 Sêrkang 0 416 3564
578 3516 104 118 Nanzhang_Chengguanzhen 0 578 3516
678 4514 125 58 Beiyingzi 0 678 4514
682 4591 85 126 Baiyin_Chagan 0 682 4591
518 4330 131 125 Dawangzhuang 0 518 4330
518 4328 141 82 Dayingmen 0 518 4328
668 4021 107 57 Linjiang 0 668 4021
396 3983 88 122 Taiqian_Chengguanzhen 0 396 3983
300 3027 134 75 Jiecun 0 300 3027
561 2663 68 85 Sui’an 0 561 2663
545 5755 121 122 Huzhong 0 545 5755
439 4506 86 145 Shiguai 0 439 4506
668 3540 150 93 Ningnan 0 668 3540
549 3101 115 76 Bengshutang 0 549 3101
753 3644 94 136 Aba 0 753 3644
280 2893 81 143 Chenggan 0 280 2893
481 4166 80 97 Ningjin 0 481 4166
717 2498 87 65 Jianghai 0 717 2498
422 4421 120 144 Dayu 0 422 4421
333 3846 74 122 Doucun 0 333 3846
458 4487 58 119 Salaqi 0 458 4487
401 3052 128 74 Jiaokui 0 401 3052
646 2614 68 113 Nanjie 0 646 2614
263 3879 81 90 Fengqiu_Chengguanzhen 0 263 3879
564 3028 148 139 Geluwan 0 564 3028
527 3398 139 97 Xiling 0 527 3398
256 3030 103 108 Puji 0 256 3030
440 3917 137 141 Jiaxiang 0 440 3917
648 4401 85 118 Luanzhou 0 648 4401
476 2594 112 83 Chenghua 0 476 2594
375 3571 129 123 Pagnag 0 375 3571
583 3759 98 115 Pagqên 0 583 3759
518 4132 148 114 Ningxiang 0 518 4132
459 3680 59 59 Mengcheng_Chengguanzhen 0 459 3680
761 3221 72 52 Duohu 0 761 3221
413 3408 50 84 Moluo 0 413 3408
213 3173 102 77 Wuyun 0 213 3173
303 3377 68 95 Wuyuan 0 303 3377
535 2750 147 88 Xinzhou 0 535 2750
364 2651 86 93 Xiangzhou 0 364 2651
480 3076 64 61 Shuiying 0 480 3076
336 3342 104 118 Lhünzhub 0 336 3342
309 3873 50 66 Hezuo 0 309 3873
757 3222 61 150 Chengzhong 0 757 3222
300 3399 82 68 Tuanfeng 0 300 3399
476 3891 62 56 Yishi 0 476 3891
707 3797 58 107 Yishan 0 707 3797
527 3176 115 118 Songmai 0 527 3176
274 3450 100 99 Songlong 0 274 3450
273 3476 122 51 Yuanhe 0 273 3476
614 4387 60 129 Hongliuwan 0 614 4387
557 5240 113 59 Meilisi 0 557 5240
336 4488 124 89 Kalpin 0 336 4488
349 3839 150 88 Lintan_Chengguanzhen 0 349 3839
644 3884 82 139 Shuangqiao 0 644 3884
278 2565 60 64 Nansha 0 278 2565
557 4417 96 108 Chengguan 0 557 4417
696 3111 71 146 Qingyuan 0 696 3111
410 4089 102 70 Nancheng 0 410 4089
496 4061 58 60 Longquan 0 496 4061
758 3653 86 82 Xixiang 0 758 3653
335 3805 80 61 Lintong 0 335 3805
726 3589 108 84 Shouxihu 0 726 3589
560 4013 55 107 Dahuaishu 0 560 4013
468 4648 148 116 Bagrax 0 468 4648
664 2644 115 96 Baicheng 0 664 2644
400 3067 91 105 Xiaohebian 0 400 3067
387 3081 108 85 Huanggexi 0 387 3081
380 3078 91 148 Yuelejie 0 380 3078
646 4373 65 102 Bencheng 0 646 4373
293 3324 98 59 Baiguan 0 293 3324
601 3616 129 149 Huazhou 0 601 3616
461 3520 130 59 Gengqing 0 461 3520
645 4215 121 95 Huangzhai 0 645 4215
725 3358 59 78 Guixi 0 725 3358
215 3387 135 84 Caidian 0 215 3387
566 3213 125 124 Changde 0 566 3213
309 3792 109 75 Xi’an 0 309 3792
477 3087 148 114 Xiugu 0 477 3087
659 3420 101 104 Coka 0 659 3420
659 3474 90 113 Xindou 0 659 3474
305 4163 81 123 Zhangjiapan 0 305 4163
271 3455 58 141 Samdo 0 271 3455
617 5119 70 73 Huanan 0 617 5119
224 2982 64 131 Hechuan 0 224 2982
467 3266 106 129 Yanling 0 467 3266
519 2915 85 145 Xuefeng 0 519 2915
510 4506 126 140 Qasq 0 510 4506
767 3051 137 115 Luoyang 0 767 3051
418 4678 129 139 Shangdu 0 418 4678
422 3346 140 147 Daishan 0 422 3346
634 4194 124 67 Hekou 0 634 4194
606 3819 98 66 Yiyang_Chengguanzhen 0 606 3819
321 3698 66 129 Dongcheng 0 321 3698
744 2492 91 130 Zhongshan 0 744 2492
225 3283 65 90 Zhadün 0 225 3283
763 3307 55 80 Sanhe 0 763 3307
381 3694 138 118 Rutog 0 381 3694
600 5184 87 64 Youyi 0 600 5184
293 4603 117 133 Haliut 0 293 4603
245 2758 91 69 Lianran 0 245 2758
565 3161 118 121 Baiyu 0 565 3161
605 3040 60 142 Shuijia 0 605 3040
320 3953 114 103 Puyang_Chengguanzhen 0 320 3953
584 3429 71 125 Jincheng 0 584 3429
238 2823 119 133 Jincheng 0 238 2823
478 2673 109 128 Zhaoping 0 478 2673
752 3796 117 59 Shoushan 0 752 3796
685 3357 125 140 Dingping 0 685 3357
375 3133 99 50 Qianzhou 0 375 3133
342 5045 118 96 Acheng 0 342 5045
566 3826 116 125 Qincheng 0 566 3826
308 3224 76 91 Tiantai_Chengguanzhen 0 308 3224
345 3813 91 116 Ningling_Chengguanzhen 0 345 3813
455 4093 88 142 Ningjin 0 455 4093
713 2499 89 86 Lianjiang 0 713 2499
461 3217 67 58 Chumba 0 461 3217
673 2475 72 144 Changsha 0 673 2475
588 2907 141 149 Nankengzai 0 588 2907
287 2743 95 65 Dongmen 0 287 2743
664 3843 58 104 Yanshi_Chengguanzhen 0 664 3843
785 3324 121 83 Yuyue 0 785 3324
213 3271 69 80 Tiancheng 0 213 3271
688 3618 142 147 Tianchang 0 688 3618
450 4085 93 104 Xireg 0 450 4085
784 3328 123 146 Fuyang 0 784 3328
370 3927 58 89 Guanghe_Chengguanzhen 0 370 3927
229 3934 69 58 Rongwo 0 229 3934
731 3000 139 134 Shicheng 0 731 3000
337 4941 101 133 Lubei 0 337 4941
382 2849 141 55 Chengfangqiao 0 382 2849
699 2808 150 134 Yizhang_Chengguanzhen 0 699 2808
741 2539 140 119 Shiqiao 0 741 2539
728 4615 71 51 Kuaidamao 0 728 4615
506 3173 106 126 Chenying 0 506 3173
231 3600 84 95 Jiangyan 0 231 3600
385 3364 107 126 Wujin 0 385 3364
543 4474 132 81 Xinglong 0 543 4474
543 2924 95 53 Jinding 0 543 2924
405 2685 148 146 Meixian 0 405 2685
431 2810 94 70 Lingchuan 0 431 2810
649 3446 101 124 Wanzhi 0 649 3446
405 4021 82 106 Gaolan_Chengguanzhen 0 405 4021
510 3319 126 103 Batang 0 510 3319
268 3465 134 131 Shishan 0 268 3465
274 3465 98 144 Shuangta 0 274 3465
274 3466 100 105 Pingjianglu 0 274 3466
609 5371 111 138 Nirji 0 609 5371
516 3090 96 55 Qiaoshang 0 516 3090
725 3584 63 50 Hanshang 0 725 3584
380 3084 58 107 Gaocun 0 380 3084
678 3113 96 123 Loushanguan 0 678 3113
399 2746 129 97 Danfeng 0 399 2746
314 3864 54 91 Yaozhou 0 314 3864
596 5240 69 72 Tiexi 0 596 5240
730 4342 109 73 Ehen_Hudag 0 730 4342
637 3379 100 139 Jiulong 0 637 3379
704 3125 55 59 Xingsha 0 704 3125
468 3513 57 63 Songbai 0 468 3513
730 4397 80 124 Yong’an 0 730 4397
738 4091 70 96 Qiaotou 0 738 4091
579 3102 137 63 Gulin 0 579 3102
526 3455 108 67 Lucheng 0 526 3455
428 3565 55 58 Zhushan_Chengguanzhen 0 428 3565
655 2791 51 86 Linwu_Chengguanzhen 0 655 2791
370 3611 83 69 Funan_Chengguanzhen 0 370 3611
747 3039 51 124 Aoyang 0 747 3039
224 2750 126 125 Si’en 0 224 2750
369 3091 107 100 Shuizhulin 0 369 3091
501 5207 113 128 Dailing 0 501 5207
328 3908 112 75 Chengguan 0 328 3908
770 3882 52 96 Yuanyang_Chengguanzhen 0 770 3882
229 3766 112 55 Nyinma 0 229 3766
329 3209 131 69 Zongga 0 329 3209
698 4229 95 50 Poskam 0 698 4229
634 3779 81 83 Ruyang_Chengguanzhen 0 634 3779
437 3413 143 82 Tiantang 0 437 3413
788 2843 144 89 Yuanma 0 788 2843
496 3941 116 150 Jifeng 0 496 3941
467 4070 63 114 Zhihe 0 467 4070
318 3282 115 141 Jibenggang 0 318 3282
317 3374 58 72 Dangquka 0 317 3374
612 4317 124 108 Fenghuang 0 612 4317
617 3633 95 108 Hanyuan 0 617 3633
600 3736 112 124 Huixian_Chengguanzhen 0 600 3736
753 3927 150 104 Chengguan 0 753 3927
406 3257 135 113 Nankang 0 406 3257
425 4045 111 57 Renminlu 0 425 4045
526 4861 121 75 Ailan_Mubage 0 526 4861
502 3349 84 96 Tianchi 0 502 3349
470 2593 61 142 Xisa 0 470 2593
323 2773 69 68 Rongshui 0 323 2773
665 4755 61 66 Wudan 0 665 4755
786 3328 61 117 Lucheng 0 786 3328
212 2731 66 95 Longquan 0 212 2731
288 3802 126 137 Xianyang 0 288 3802
590 3145 91 83 Xuri 0 590 3145
674 3580 117 55 Xiongzhou 0 674 3580
277 2927 55 90 Furong 0 277 2927
630 3809 126 111 Yichuan_Chengguanzhen 0 630 3809
528 3685 68 64 Guzhen_Chengguanzhen 0 528 3685
560 3734 66 119 Jimai 0 560 3734
734 2987 87 101 Youxian_Chengguanzhen 0 734 2987
418 3099 121 135 Chenyang 0 418 3099
631 3466 90 101 Beijinglu 0 631 3466
629 3465 83 97 Liminlu 0 629 3465
530 2713 102 103 Zhongshan 0 530 2713
527 3246 124 139 Jin’e 0 527 3246
365 4842 67 142 Minzhu 0 365 4842
667 3525 120 91 Bazhou 0 667 3525
516 3351 76 75 Burang 0 516 3351
516 4151 56 79 Binhe 0 516 4151
228 2959 112 75 Xiaping 0 228 2959
254 4372 79 139 Wuling 0 254 4372
301 4635 93 101 Kangbao 0 301 4635
437 4576 146 82 Yuli 0 437 4576
470 3995 141 69 Jichang 0 470 3995
530 3404 74 122 Xiaoxita 0 530 3404
689 3867 118 81 Wenquan 0 689 3867
651 4565 71 148 Xayar 0 651 4565
232 3314 52 55 Luqiao 0 232 3314
510 4318 99 88 Dongguan 0 510 4318
644 3863 80 92 Daqinglu 0 644 3863
270 3740 137 149 Wacheng 0 270 3740
579 2559 71 102 Decheng 0 579 2559
783 3382 81 121 Deqing 0 783 3382
658 3939 82 114 Mangqu 0 658 3939
336 3311 148 77 Xingguo 0 336 3311
561 3857 98 100 Xingguo 0 561 3857
384 3213 77 80 Tubu 0 384 3213
674 4531 85 55 Baoshenmiao 0 674 4531
664 4474 90 108 Qinglong 0 664 4474
444 3767 94 67 Dangchang_Chengguanzhen 0 444 3767
405 3474 105 78 Nagqu 0 405 3474
447 4498 96 150 Awat 0 447 4498
388 4125 123 99 Karakax 0 388 4125
535 2708 144 89 Shancheng 0 535 2708
610 4746 64 73 Hunchun 0 610 4746
392 5567 140 58 Xing’an 0 392 5567
634 3191 118 51 Qionghu 0 634 3191
400 3131 110 112 Xishaqiao 0 400 3131
320 3284 112 129 Gaoleshan 0 320 3284
379 3577 50 121 Zhuxi_Chengguanzhen 0 379 3577
501 4203 65 149 Linquan 0 501 4203
337 3941 58 94 Linxia_Chengguanzhen 0 337 3941
754 3995 104 66 Kaiyuan 0 754 3995
362 2760 116 91 Changning 0 362 2760
559 2746 81 71 Youdian 0 559 2746
514 3593 93 104 Shuihu 0 514 3593
241 3811 99 76 Weishi_Chengguanzhen 0 241 3811
625 2511 115 146 Xincheng 0 625 2511
755 3897 63 51 Nangandao 0 755 3897
716 3622 63 107 Bishui 0 716 3622
591 3311 103 90 Biyang 0 591 3311
399 4731 128 94 Kulun 0 399 4731
387 3120 114 125 Changping 0 387 3120
374 3078 82 109 Moshiyi 0 374 3078
541 4788 97 116 Jingpeng 0 541 4788
610 4375 103 51 Jingping 0 610 4375
583 4982 139 70 Qian’an 0 583 4982
515 2623 86 98 Xinzhai 0 515 2623
432 2968 65 102 Xujiang 0 432 2968
435 4452 51 147 Chengbei 0 435 4452
641 5227 83 113 Lindian 0 641 5227
652 4344 71 97 Yopurga 0 652 4344
516 3233 74 71 Ngamring 0 516 3233
661 3424 133 108 Domartang 0 661 3424
216 3246 124 128 Yiwu 0 216 3246
346 3171 105 135 Taizhou 0 346 3171
346 3173 81 140 Haimen 0 346 3173
369 3474 67 78 Chengxiang 0 369 3474
707 3855 137 134 Jiyuanlu 0 707 3855
598 2839 120 123 Shangjie 0 598 2839
398 3114 115 84 Xinjie 0 398 3114
644 4016 108 122 Qabqa 0 644 4016
630 3467 61 124 Wuhu 0 630 3467
580 3666 60 88 Wuhe_Chengguanzhen 0 580 3666
657 2854 109 58 Jinniu 0 657 2854
643 3272 99 109 Yinla 0 643 3272
667 4262 91 140 Jinchang 0 667 4262
465 3936 121 61 Dingxi 0 465 3936
369 3882 147 71 Dingtao 0 369 3882
712 3533 56 79 Nuojiang 0 712 3533
441 3738 126 97 Zhouqu_Chengguanzhen 0 441 3738
545 3392 57 131 Chizhou 0 545 3392
225 2952 133 89 Huili_Chengguanzhen 0 225 2952
433 4416 140 81 Lugu 0 433 4416
425 4191 108 106 Fucheng 0 425 4191
669 4880 70 148 Dongning 0 669 4880
418 3788 60 142 Xiayi_Chengguanzhen 0 418 3788
429 2352 123 121 Mazhang 0 429 2352
529 3843 122 90 Gangu_Chengguanzhen 0 529 3843
680 3566 99 71 Hongmiao 0 680 3566
758 2945 76 57 Xiqu 0 758 2945
294 2130 138 79 Shilu 0 294 2130
441 3661 62 82 Lumaka 0 441 3661
398 2048 130 125 Yelin 0 398 2048
420 3444 115 113 Fangting 0 420 3444
737 2779 120 118 Lecheng 0 737 2779
601 3469 120 75 Nanlong 0 601 3469
764 2376 142 114 Mengla 0 764 2376
729 2819 76 120 Dongchuan 0 729 2819
603 3007 109 79 Xiaqiaotou 0 603 3007
482 3079 61 129 Yujiazhai 0 482 3079
736 2457 67 67 Jing’an 0 736 2457
336 4076 131 143 Xinmatou 0 336 4076
688 3413 65 145 Qujiang 0 688 3413
589 4039 85 88 Dongping 0 589 4039
550 3927 117 148 Gujiang 0 550 3927
245 2892 128 140 Jiaoxiyakou 0 245 2892
672 4916 85 128 Nong’an 0 672 4916
376 3176 130 133 Zhaoxian 0 376 3176
307 4130 59 144 Zhuangyuan 0 307 4130
725 4193 115 52 Yangquan 0 725 4193
350 3163 121 85 Huayuan 0 350 3163
216 3468 87 138 Huayuan 0 216 3468
686 3681 67 127 Fangcheng_Chengguanzhen 0 686 3681
459 3389 85 91 Meicheng 0 459 3389
652 4342 60 116 Beijie 0 652 4342
637 3224 87 59 Kaihua_Chengguanzhen 0 637 3224
233 3921 63 150 Chengjiao 0 233 3921
337 2791 141 118 Chang’an 0 337 2791
581 3825 81 123 Beidao 0 581 3825
735 2523 99 75 Shunde 0 735 2523
561 4238 62 71 Dongcun 0 561 4238
683 3028 69 84 Xiongshan 0 683 3028
563 2405 65 79 Zhize 0 563 2405
549 4936 76 137 Xin’an 0 549 4936
247 2883 103 69 Muzeng 0 247 2883
628 3509 60 94 Liyang 0 628 3509
449 3758 100 100 Yanji 0 449 3758
301 3575 149 130 Langao_Chengguanzhen 0 301 3575
508 3167 66 100 Xêgar 0 508 3167
724 5229 103 124 Wenquan 0 724 5229
520 3139 119 122 Dongping 0 520 3139
729 4138 58 68 Haomen 0 729 4138
305 2941 91 120 Laojie 0 305 2941
660 3211 69 108 Gunan 0 660 3211
354 4537 133 108 Xiwanzi 0 354 4537
310 4750 102 113 Daqin_Tal 0 310 4750
736 3262 58 148 Chang’an 0 736 3262
687 4381 114 143 Jincheng 0 687 4381
573 3009 80 72 Liangshi 0 573 3009
753 2795 143 130 Gonghe 0 753 2795
363 3818 120 150 Weinan 0 363 3818
362 4150 64 114 Huanghai 0 362 4150
737 4487 81 87 Yuanquan 0 737 4487
349 3454 126 115 Changning 0 349 3454
637 2919 90 80 Yiyang 0 637 2919
492 3161 96 97 Changning 0 492 3161
425 4044 126 112 Baiyin 0 425 4044
676 3555 81 78 Yaohua 0 676 3555
298 5567 109 67 E’erguna 0 298 5567
330 2684 142 131 Labu 0 330 2684
274 3898 123 51 Labuleng 0 274 3898
388 3061 53 71 Xincun 0 388 3061
354 3054 113 105 Pengjia_Zhaizi 0 354 3054
626 4486 123 144 Daihai 0 626 4486
649 4373 104 140 Peyziwat 0 649 4373
576 2949 148 102 Zhijin 0 576 2949
578 3656 145 148 Neixiang_Chengguanzhen 0 578 3656
401 4524 61 148 Chicheng 0 401 4524
411 2858 81 143 Jianxincun 0 411 2858
686 3814 146 129 Songyang 0 686 3814
534 2649 149 87 Yunling 0 534 2649
757 4331 74 118 Ulan 0 757 4331
716 4228 112 59 Oljoq 0 716 4228
299 5171 61 138 Chinggil 0 299 5171
423 2467 138 84 Lucheng 0 423 2467
397 2765 143 131 Yongfu 0 397 2765
372 3520 129 137 Huilong 0 372 3520
308 4513 85 150 Kongjiazhuang 0 308 4513
292 4200 144 149 Dongdajie 0 292 4200
707 4106 55 88 Liaoyang 0 707 4106
421 4150 108 116 Huancuilou 0 421 4150
446 4471 108 113 Gaizhou 0 446 4471
650 3131 100 141 Kambaxoi 0 650 3131
277 3713 98 87 Xincheng 0 277 3713
483 3981 95 97 Changning 0 483 3981
630 2800 56 89 Taocheng 0 630 2800
226 3500 82 57 Dawu_Chengguanzhen 0 226 3500
519 3082 104 71 Zoumachang 0 519 3082
561 3597 146 58 Dingcheng 0 561 3597
638 3305 133 122 Huicheng 0 638 3305
689 4197 124 81 Chaoyang 0 689 4197
261 2665 145 98 Xincheng_Chengguanzhen 0 261 2665
609 5190 101 73 Taikang 0 609 5190
474 3546 63 148 Fangxian_Chengguanzhen 0 474 3546
486 5076 74 141 Fangzheng 0 486 5076
421 4538 88 68 Dawa 0 421 4538
342 2077 116 65 Chongshan 0 342 2077
427 3667 98 114 Lixin_Chengguanzhen 0 427 3667
758 2768 96 61 Nandan_Chengguanzhen 0 758 2768
541 2798 142 130 Zhangping 0 541 2798
693 3324 104 121 Hekou 0 693 3324
676 3884 66 110 Tanbei 0 676 3884
334 4093 116 71 Huazangsi 0 334 4093
613 3439 51 121 Fanyang 0 613 3439
382 3915 83 84 Fucheng 0 382 3915
249 3110 52 147 Kangle 0 249 3110
717 4009 112 68 Qingyang 0 717 4009
433 3553 141 86 Nierong 0 433 3553
633 4994 66 104 Lishu 0 633 4994
693 2997 114 71 Hengdong_Chengguanzhen 0 693 2997
256 4727 104 52 Chaoyang 0 256 4727
339 3193 98 117 Shuangxi 0 339 3193
516 2732 77 131 Dianyang 0 516 2732
489 5283 88 102 Burqin 0 489 5283
607 4795 118 139 Lishu 0 607 4795
519 3941 80 133 Longxing 0 519 3941
766 3307 136 139 Zhamog 0 766 3307
340 2871 108 86 Gongjiang 0 340 2871
324 4509 124 96 Longgang 0 324 4509
500 2378 74 102 Shuidong 0 500 2378
518 4091 129 107 Shuitou 0 518 4091
388 3101 97 86 Shangtianba 0 388 3101
513 4335 124 128 Xiyuzhuang 0 513 4335
397 5107 56 51 Urho 0 397 5107
718 3228 76 113 Norbukyungzê 0 718 3228
526 2746 123 126 Fuyang 0 526 2746
658 3669 116 59 Mianyang 0 658 3669
423 3467 130 111 Jiannan 0 423 3467
577 4889 52 132 Bofeng 0 577 4889
713 3771 65 149 Zuitou 0 713 3771
556 3688 119 83 Zuitai 0 556 3688
581 4448 98 133 Zunhua 0 581 4448
316 3192 85 82 Gucheng 0 316 3192
634 2454 126 129 Encheng 0 634 2454
334 4685 149 70 Ming’antu 0 334 4685
743 4528 137 119 Xinghe_Chengguanzhen 0 743 4528
263 3031 82 120 Pingdu 0 263 3031
694 4604 139 57 Tianyi 0 694 4604
612 4848 88 76 Nilka 0 612 4848
500 3228 144 88 Fushi 0 500 3228
644 4429 119 55 Yunxing 0 644 4429
375 3413 83 74 Wenquan 0 375 3413
529 2693 116 149 Xiaoxi 0 529 2693
260 3603 92 83 Hai’an 0 260 3603
425 2389 106 113 Luozhou 0 425 2389
522 4193 114 65 Gedong 0 522 4193
272 3116 61 84 Shangtang 0 272 3116
668 3864 118 95 Longxian_Chengguanzhen 0 668 3864
704 3537 150 137 Huayang 0 704 3537
315 2934 116 58 Gangou 0 315 2934
756 2565 58 95 Luogang 0 756 2565
621 2865 69 113 Longquan 0 621 2865
677 2948 88 70 Yongbei 0 677 2948
432 3366 125 75 Jinxi 0 432 3366
728 3586 78 116 Wenhe 0 728 3586
746 3062 59 64 Xishan 0 746 3062
247 3432 150 68 Meixing 0 247 3432
509 5275 75 84 Meixi 0 509 5275
602 5415 121 146 Chaoyang 0 602 5415
473 2168 52 84 Wencheng 0 473 2168
415 4117 80 92 Tianfu 0 415 4117
479 3612 115 97 Shiyan 0 479 3612
400 2853 127 118 Longsheng 0 400 2853
678 4084 107 127 Sanjiaocheng 0 678 4084
434 3092 73 106 Leidaba 0 434 3092
487 5299 149 136 Youhao 0 487 5299
365 3485 62 122 Weizhou 0 365 3485
783 2956 129 60 Tongzilin 0 783 2956
237 3842 97 129 Jianjun 0 237 3842
662 3925 95 113 Nancun 0 662 3925
594 3533 117 97 Dartang 0 594 3533
258 4408 66 89 Huquan 0 258 4408
714 3912 69 101 Jingchuan_Chengguanzhen 0 714 3912
684 3990 60 127 Handian 0 684 3990
456 3362 137 111 Jiancheng 0 456 3362
741 2717 72 113 Donglan 0 741 2717
291 3506 51 105 Yushan 0 291 3506
455 3246 80 67 Wulingyuan 0 455 3246
312 2578 79 80 Xicheng 0 312 2578
283 3269 77 121 Chengxi 0 283 3269
649 3250 101 108 Longzhouwan 0 649 3250
277 3194 80 88 Fuying 0 277 3194
528 4731 59 110 Kangping 0 528 4731
427 4103 150 77 Lop 0 427 4103
314 2972 67 137 Laojiezi 0 314 2972
300 2964 73 105 Jiezi 0 300 2964
276 2755 149 89 Longnan 0 276 2755
395 3165 61 54 Guyang 0 395 3165
337 3235 63 98 Chatang 0 337 3235
441 3147 62 115 Yuanling 0 441 3147
457 4498 83 133 Dashiqiao 0 457 4498
485 5048 147 143 Mingren 0 485 5048
577 3200 131 120 Sangpi 0 577 3200
634 4601 67 73 Toqsu 0 634 4601
359 3127 78 119 Jincheng 0 359 3127
340 3065 90 142 Xinjie 0 340 3065
501 5313 63 132 Hongshan 0 501 5313
693 2561 145 78 Xinan 0 693 2561
395 5626 113 84 Genhe 0 395 5626
281 4505 56 117 Chaigoubu 0 281 4505
464 2833 117 143 Xing’an 0 464 2833
617 4215 146 144 Dongta 0 617 4215
350 3007 122 100 Daliyuan 0 350 3007
429 3865 138 145 Machali 0 429 3865
302 3705 57 149 Huayuan 0 302 3705
262 4218 98 122 Huolu 0 262 4218
786 3016 126 52 Shuangcheng 0 786 3016
719 3222 92 61 Bainang 0 719 3222
629 3468 137 107 Sanjiang 0 629 3468
481 2746 106 65 Gongcheng 0 481 2746
710 3402 79 89 Zhuyang 0 710 3402
443 4397 90 57 Xingfeng 0 443 4397
469 4440 55 100 Shengli 0 469 4440
469 4417 128 89 Beiyuan 0 469 4417
426 4397 146 104 Gongchen 0 426 4397
485 4468 81 81 Gulou 0 485 4468
509 4442 62 129 Binhe 0 509 4442
421 3215 150 106 Qusum 0 421 3215
240 3368 105 95 Linping 0 240 3368
272 3969 131 145 Jishi 0 272 3969
411 2939 71 80 Changpu 0 411 2939
303 3734 58 109 Huaiyang_Chengguanzhen 0 303 3734
515 3646 107 81 Huaiyuan_Chengguanzhen 0 515 3646
377 5475 94 133 Sunwu 0 377 5475
501 3329 53 74 Yaodu 0 501 3329
326 2961 91 142 Xiangyang 0 326 2961
294 3012 73 141 Jiecun 0 294 3012
641 4540 100 54 Pingquan 0 641 4540
242 3360 52 118 Zhifang 0 242 3360
222 3161 101 118 Chengxiang 0 222 3161
374 5000 98 148 Bayan_Huxu 0 374 5000
414 5254 64 77 Topterek 0 414 5254
706 2452 88 129 Chengzhong 0 706 2452
604 5183 130 116 Zhanqian 0 604 5183
603 5184 101 63 Qiaonan 0 603 5184
711 2651 127 128 Enle 0 711 2651
344 3023 89 59 Enjiang 0 344 3023
626 3213 140 72 Jinzhu 0 626 3213
626 3485 117 94 Xagmakajor 0 626 3485
729 2887 144 104 Dongjie 0 729 2887
411 4028 50 66 Qagan_Us 0 411 4028
230 2845 79 74 Hengshui 0 230 2845
728 4187 132 102 Guanshan 0 728 4187
391 4613 66 117 Pingdingbu 0 391 4613
489 2394 138 96 Maoming 0 489 2394
629 4176 95 50 Jinyuan 0 629 4176
644 3122 137 86 Gangba 0 644 3122
752 4481 88 77 Yuquan 0 752 4481
693 2631 148 107 Tianzhou 0 693 2631
536 3224 91 54 Fuji 0 536 3224
530 4935 97 55 Hailin 0 530 4935
739 3234 121 79 Lanjiang 0 739 3234
264 4983 68 54 Sanchahe 0 264 4983
654 2771 114 120 Nanjian 0 654 2771
672 3581 106 59 Nanjiang 0 672 3581
493 2474 59 68 Dongzhen 0 493 2474
404 2313 78 93 Leicheng 0 404 2313
640 3902 113 101 Gabasumdo 0 640 3902
765 3247 141 52 Xiangkou 0 765 3247
291 2966 130 62 Chengjiang 0 291 2966
750 3809 92 104 Xinhualu 0 750 3809
239 4240 111 114 Yongchang_Chengguanzhen 0 239 4240
335 2986 68 144 Jiezishang 0 335 2986
327 2999 51 107 Sanguanzhai 0 327 2999
406 3340 145 92 Huangmei 0 406 3340
493 3843 110 98 Peicheng 0 493 3843
248 3638 142 93 Dongtai 0 248 3638
439 3109 94 67 Niupizhai 0 439 3109
605 4205 88 106 Wuzhong 0 605 4205
682 5486 76 51 Bayan_Hure 0 682 5486
729 3919 71 131 Rizhao 0 729 3919
246 3134 83 68 Guangming 0 246 3134
301 3823 117 80 Jinggan 0 301 3823
631 4147 129 93 Shengli 0 631 4147
711 4602 79 65 Qitai 0 711 4602
713 4081 95 143 Kuiju 0 713 4081
610 2961 83 148 Hongqiao 0 610 2961
455 3174 67 121 Baixi 0 455 3174
670 3361 148 121 Shuanghejiedao 0 670 3361
685 2900 141 132 Meicheng 0 685 2900
724 3244 86 71 Mêdog 0 724 3244
575 3077 74 118 Jiantang 0 575 3077
618 2937 74 51 Yunhe 0 618 2937
611 3252 109 150 Anxiang 0 611 3252
623 4398 86 98 Guye 0 623 4398
359 2851 135 63 Guyi 0 359 2851
428 3707 77 53 Guoyang_Chengguanzhen 0 428 3707
368 3612 128 147 Jin’an 0 368 3612
734 2845 91 119 Jinbi 0 734 2845
332 3057 86 82 Shangba 0 332 3057
606 4801 121 58 Dabancheng 0 606 4801
484 3400 92 78 Gaohe 0 484 3400
538 2601 147 72 Gengma 0 538 2601
488 4678 122 127 Hoxut 0 488 4678
547 4935 59 107 Xianfeng 0 547 4935
546 4937 119 113 Xiangyang 0 546 4937
545 4367 92 77 Xinguan 0 545 4367
543 2864 147 84 Shimen 0 543 2864
424 3290 72 143 Shuangzhong 0 424 3290
358 4155 70 87 Xiangyang 0 358 4155
734 4680 124 144 Xin_Bulag 0 734 4680
358 3748 61 100 Xiguan 0 358 3748
420 4542 145 131 Jinshan 0 420 4542
444 4418 132 96 Jinrongjie 0 444 4418
451 4418 140 52 Chaowai 0 451 4418
648 2547 102 103 Nan’an 0 648 2547
340 3662 80 116 Linquan_Chengguanzhen 0 340 3662
385 4077 71 95 Qingnian 0 385 4077
486 5044 114 148 Uliastai 0 486 5044
659 5162 61 123 Dong’an 0 659 5162
352 3421 130 114 Fengxian 0 352 3421
724 3879 135 102 Zequ 0 724 3879
433 2912 88 149 Qinjiang 0 433 2912
589 5344 59 57 Amgalang 0 589 5344
694 3276 147 98 Ri’ngoin 0 694 3276
352 3452 139 129 Xuhui 0 352 3452
246 2824 97 113 Pingshan 0 246 2824
755 3840 79 69 Jiuchenggong 0 755 3840
327 4007 69 70 Sanma 0 327 4007
300 4200 133 50 Nanchangshan 0 300 4200
517 4334 136 108 Wanghailou 0 517 4334
484 3761 150 142 Duji 0 484 3761
542 3020 98 99 Niangxi 0 542 3020
465 2904 143 79 Cuijiang 0 465 2904
508 3213 76 68 Nangxian 0 508 3213
340 3144 103 124 Junyang 0 340 3144
482 3632 94 142 Yunxian_Chengguanzhen 0 482 3632
611 2700 113 127 Aihua 0 611 2700
709 4220 87 113 Xiushui 0 709 4220
266 3391 64 95 Wutong 0 266 3391
311 3786 136 53 Yanta 0 311 3786
506 4774 124 76 Zhaosu 0 506 4774
572 4625 57 88 Baicheng 0 572 4625
742 3849 105 90 Zhengzhou 0 742 3849
258 3772 134 90 Fugou_Chengguanzhen 0 258 3772
354 3008 139 77 Wenping 0 354 3008
609 5294 139 82 Fuyu 0 609 5294
634 4821 91 113 Daban 0 634 4821
563 4782 68 55 Tekes 0 563 4782
391 3505 70 81 Fengyi 0 391 3505
550 3638 54 129 Fengyang_Fuchengzhen 0 550 3638
738 3160 89 67 Fengyi 0 738 3160
617 3551 104 101 Xianghe 0 617 3551
415 3596 116 131 Shiquanhe 0 415 3596
724 4201 137 91 Yinying 0 724 4201
289 3897 86 132 Puxi 0 289 3897
352 3432 91 130 Yong’an 0 352 3432
536 2873 98 58 Yong’an 0 536 2873
374 3670 137 132 Taihe_Chengguanzhen 0 374 3670
396 3510 123 81 Meishan 0 396 3510
717 3886 107 116 Mucheng 0 717 3886
313 3009 104 84 Wenfeng 0 313 3009
645 3264 104 88 Yangjiaping 0 645 3264
605 4204 138 92 Shengli 0 605 4204
712 3886 126 134 Andongwei 0 712 3886
299 3000 129 77 Jizhou 0 299 3000
636 4570 109 145 Hobor 0 636 4570
558 4299 74 85 Bayan_Hot 0 558 4299
483 5020 66 91 Guangming 0 483 5020
544 3683 55 97 Zijin 0 544 3683
503 2869 118 62 Quanzhou 0 503 2869
270 3101 137 87 Wuma 0 270 3101
242 3490 86 54 Helie 0 242 3490
460 3283 95 58 Gartog 0 460 3283
630 3854 96 58 Mengjin_Chengguanzhen 0 630 3854
299 3856 109 148 Lankao_Chengguanzhen 0 299 3856
204 2650 109 89 Anyang 0 204 2650
546 2956 135 81 Guyong 0 546 2956
312 4274 100 89 Galutu 0 312 4274
393 4381 91 105 Aletengxire 0 393 4381
245 2697 138 76 Yuanshan 0 245 2697
547 5228 123 130 Hong’an 0 547 5228
627 4312 62 125 Nanjie 0 627 4312
483 4064 54 85 Xingpinglu 0 483 4064
636 3248 145 140 Nanzhou 0 636 3248
233 3257 74 99 Tarrong 0 233 3257
694 2860 146 86 Zhangcheng 0 694 2860
619 2645 98 89 Huaicheng 0 619 2645
657 3288 74 96 Shuangfengqiao 0 657 3288
739 3846 104 103 Youganning 0 739 3846
535 3271 87 50 Chujiang 0 535 3271
271 3466 99 135 Shilu 0 271 3466
495 2977 120 67 Shangpa 0 495 2977
643 3506 102 66 Ma’anshan 0 643 3506
367 3176 58 95 Qianling 0 367 3176
482 4098 94 107 Qira 0 482 4098
246 3740 83 131 Hede 0 246 3740
326 2938 89 72 Shanzidi 0 326 2938
468 4463 57 136 Longshan 0 468 4463
699 4023 75 56 Luhua 0 699 4023
234 2542 133 62 Daxing 0 234 2542
638 4641 97 131 Jinshan 0 638 4641
207 2780 122 132 Jinshan 0 207 2780
558 4595 63 95 Ulan_Hua 0 558 4595
647 4373 133 60 Bayinsai 0 647 4373
364 2940 113 89 Quyang 0 364 2940
777 3433 115 64 Zhicheng 0 777 3433
712 2891 91 74 Yongxing_Chengguanzhen 0 712 2891
550 4166 111 91 Yangxin 0 550 4166
453 3010 118 50 Qincheng 0 453 3010
519 3396 107 137 Zongyang 0 519 3396
748 4550 58 144 Nanhaoqian 0 748 4550
650 3898 119 53 Donghua 0 650 3898
619 3134 103 133 Donghuang 0 619 3134
774 3086 58 132 Shangli 0 774 3086
761 4118 87 148 Weichanglu 0 761 4118
656 3423 51 128 Qajortêbu 0 656 3423
408 2775 123 109 Pingchuan 0 408 2775
254 3610 111 55 Zhenyang 0 254 3610
469 3872 86 109 Guting 0 469 3872
330 2979 94 92 Laodianzi 0 330 2979
539 3970 130 115 Xincheng 0 539 3970
419 3966 96 79 Yuzhong_Chengguanzhen 0 419 3966
699 3494 129 69 Jiangkou 0 699 3494
283 3066 133 94 Temuli 0 283 3066
428 3128 119 99 Tantou 0 428 3128
452 3463 137 98 Luojiang 0 452 3463
255 3889 122 145 Xunyi_Chengguanzhen 0 255 3889
276 3949 93 75 Xun_Xian_Chengguanzhen 0 276 3949
717 3824 77 118 Qingping 0 717 3824
371 3211 116 75 Qonggyaixoi 0 371 3211
711 4184 51 142 Huamachi 0 711 4184
531 2791 137 90 Xiaopu 0 531 2791
390 3173 62 130 Nanchang 0 390 3173
300 4198 75 62 Nanchangshan 0 300 4198
327 3065 87 68 Tiandiba 0 327 3065
468 3434 82 147 Kaijiang 0 468 3434
668 4462 98 61 Bayan_Gol 0 668 4462
301 3543 110 120 Zishui 0 301 3543
624 4101 144 99 Guangrao 0 624 4101
222 3698 55 61 Baicheng 0 222 3698
426 2887 65 119 Machang 0 426 2887
493 4309 139 95 Jinghai 0 493 4309
779 3512 122 106 Hutang 0 779 3512
635 2982 117 124 Xidu 0 635 2982
267 3100 144 88 Louqiao 0 267 3100
581 3187 137 122 Hejiang 0 581 3187
594 3499 127 70 Ganzi 0 594 3499
639 5024 54 69 Dongxing 0 639 5024
295 3370 95 114 Huanggang 0 295 3370
337 2559 113 135 Tantang 0 337 2559
423 3320 63 120 Zhoushan 0 423 3320
653 3399 65 80 Shayang 0 653 3399
631 2790 55 128 Nanzhao 0 631 2790
534 4735 50 103 Longjing 0 534 4735
340 3282 79 95 Dêqên 0 340 3282
632 3706 65 122 Nanzhao_Chengguanzhen 0 632 3706
517 2623 66 112 Nanzhao 0 517 2623
473 2557 133 149 Mali 0 473 2557
239 4003 126 120 Dengtalu 0 239 4003
470 4560 82 83 Dage 0 470 4560
311 3717 73 110 Dazhasi 0 311 3717
570 3286 53 112 Tangxiang 0 570 3286
582 2703 146 86 Shima 0 582 2703
640 3754 99 56 Shuangshipu 0 640 3754
744 3211 82 137 Xia’er 0 744 3211
601 3941 90 123 Longde_Chengguanzhen 0 601 3941
435 3475 149 117 Hengshan 0 435 3475
433 3579 137 134 Huoqiu_Chengguanzhen 0 433 3579
511 3204 53 132 Leping 0 511 3204
242 3497 59 60 Beidajie 0 242 3497
398 2492 82 142 Hekou 0 398 2492
522 4487 83 105 Aral 0 522 4487
619 4974 115 134 Bamiantong 0 619 4974
714 2559 148 134 Tiandeng 0 714 2559
253 4264 59 110 Guangzhoulu 0 253 4264
742 3542 88 122 Yunyang 0 742 3542
589 3938 101 53 Ziketan 0 589 3938
563 3258 140 127 Linli 0 563 3258
459 3087 66 144 Lufeng 0 459 3087
318 3552 91 51 Jinsha 0 318 3552
390 3087 98 61 Tiexianxi 0 390 3087
446 2741 121 140 Yangshuo 0 446 2741
438 3881 119 131 Jinxiang 0 438 3881
307 5189 80 92 Wangkui 0 307 5189
724 3091 110 143 Qiaowa 0 724 3091
560 3906 102 134 Xincheng 0 560 3906
290 3237 137 89 Ramai 0 290 3237
646 4997 134 99 Qianguo 0 646 4997
463 2725 94 55 Pingle 0 463 2725
401 3289 124 58 Jiujiang 0 401 3289
675 2847 79 117 Guiyang_Chengguanzhen 0 675 2847
698 3950 90 111 Zhenyuan_Chengguanzhen 0 698 3950
704 3573 108 147 Zhenzhou 0 704 3573
340 2584 109 50 Wenlan 0 340 2584
367 2541 108 60 Yuping 0 367 2541
686 3571 69 119 Rangke 0 686 3571
637 4789 56 123 Aratürük 0 637 4789
693 4289 95 129 Taicheng 0 693 4289
270 4628 143 87 Bügür 0 270 4628
492 5285 68 145 Xuri 0 492 5285
665 3545 90 56 Binhu 0 665 3545
736 3479 134 88 Licheng 0 736 3479
683 3011 116 129 Kaiyun 0 683 3011
337 3836 114 58 Yanliang 0 337 3836
238 3777 86 149 Anling 0 238 3777
370 2671 113 62 Xingcheng 0 370 2671
470 3645 75 96 Wenxian_Chengguanzhen 0 470 3645
417 3917 123 139 Juye 0 417 3917
702 3285 64 56 Namling 0 702 3285
304 3281 150 106 Namka 0 304 3281
615 3655 67 56 Zhenping_Chengguanzhen 0 615 3655
768 3061 80 53 Xiangdong 0 768 3061
601 4333 58 53 Shahe 0 601 4333
312 3863 143 128 Tongchuan 0 312 3863
491 3019 95 56 Rifeng 0 491 3019
446 3649 74 101 Yunxixian_Chengguanzhen 0 446 3649
536 3454 143 117 Yunxi 0 536 3454
359 3093 80 50 Tuojiang 0 359 3093
557 2785 133 84 Tuojiang 0 557 2785
464 3048 78 60 Jianchang 0 464 3048
701 5155 150 96 Emin 0 701 5155
661 3821 118 101 Niushan 0 661 3821
363 3392 85 71 Yêndum 0 363 3392
769 2939 66 65 Dadukou 0 769 2939
473 4209 80 88 Nanpi 0 473 4209
520 5220 77 117 Lianhe 0 520 5220
322 3117 87 133 Liaogao 0 322 3117
559 3570 62 121 Gucheng_Chengguanzhen 0 559 3570
585 2940 63 89 Wuxi 0 585 2940
472 3000 136 120 Hezhang 0 472 3000
350 3921 82 133 Hezheng_Chengguanzhen 0 350 3921
354 3948 144 60 Suonan 0 354 3948
464 2879 67 94 Ziyuan 0 464 2879
763 2606 80 100 Jiekou 0 763 2606
675 4872 126 99 Lindong 0 675 4872
405 3307 81 80 Rongmei 0 405 3307
244 3237 141 137 Xinmian 0 244 3237
456 3307 56 150 Longcheng 0 456 3307
610 4000 83 144 Fucheng 0 610 4000
346 3310 66 72 Wuxue_Shi 0 346 3310
523 3249 106 70 Fuliang 0 523 3249
629 4124 118 114 Guangrao 0 629 4124
757 2642 102 107 Shijiao 0 757 2642
387 2718 126 110 Dazhe 0 387 2718
263 3676 79 67 Dazhong 0 263 3676
653 3548 132 113 Jiangpu 0 653 3548
636 2827 107 92 Jiahe_Chengguanzhen 0 636 2827
604 4117 51 55 Gutao 0 604 4117
624 2820 69 117 Xunzhong 0 624 2820
543 4741 122 135 Kumul 0 543 4741
385 3819 106 132 Huazhou 0 385 3819
315 3556 92 143 Dingcheng 0 315 3556
447 5033 75 106 Yanshou 0 447 5033
516 2975 97 76 Shancheng 0 516 2975
681 4295 62 116 Qingquan 0 681 4295
495 3782 132 100 Longcheng 0 495 3782
731 2784 137 59 Longchuan 0 731 2784
692 3042 71 123 Xiasima 0 692 3042
706 4878 68 72 Qitai 0 706 4878
271 2688 60 141 Dajie 0 271 2688
472 3246 149 137 Gongjing 0 472 3246
325 3113 74 149 Zhugang 0 325 3113
551 4853 133 61 Shuimogou 0 551 4853
469 3332 126 52 Leiyang 0 469 3332
349 3345 86 56 Caohe 0 349 3345
263 3476 119 120 Racaka 0 263 3476
343 3020 148 106 Shuimo 0 343 3020
569 3301 109 107 Qishan 0 569 3301
667 3999 73 133 Danzhu 0 667 3999
314 3653 60 66 Gyêgu 0 314 3653
731 3288 98 67 Lizhi 0 731 3288
346 4045 101 64 Guantao 0 346 4045
485 3294 73 90 Chonglong 0 485 3294
441 2770 58 82 Linjiang 0 441 2770
738 3703 146 102 Wuquan 0 738 3703
515 3512 138 103 Shangpai 0 515 3512
729 2887 141 147 Gulou 0 729 2887
345 3265 109 61 Xiangfeng 0 345 3265
278 4170 89 100 Xinjia 0 278 4170
669 3543 129 73 Qinhong 0 669 3543
327 3434 80 95 Fangsong 0 327 3434
373 3316 69 92 Zhaobaoshan 0 373 3316
248 3418 96 111 Qianquan 0 248 3418
623 3358 145 54 Yankou 0 623 3358
328 2541 93 134 Haicheng 0 328 2541
439 4426 138 94 Haidian 0 439 4426
436 2611 52 120 Jiangna 0 436 2611
701 2626 137 57 Taihe 0 701 2626
234 2811 62 121 Nan’an 0 234 2811
648 2546 142 142 Gaoyao 0 648 2546
610 3550 105 116 Zhangwan 0 610 3550
681 4045 92 69 Guhan 0 681 4045
265 3565 104 64 Luoshan_Chengguanzhen 0 265 3565
390 3261 144 125 Danxi 0 390 3261
331 3722 136 116 Xincheng 0 331 3722
616 4135 104 52 Zhaoyu 0 616 4135
321 2729 125 150 Dabu 0 321 2729
232 3981 118 68 Magitang 0 232 3981
310 4552 57 146 Nanpiao 0 310 4552
344 4093 89 138 Mingzhou 0 344 4093
414 3132 104 141 Chuansiba 0 414 3132
624 4427 76 65 Xincheng 0 624 4427
303 3148 102 65 Zhonghe 0 303 3148
513 2819 73 122 Guanyang 0 513 2819
278 2611 103 98 Lin’an 0 278 2611
718 3991 135 62 Heyin 0 718 3991
449 4685 85 57 Hejing 0 449 4685
278 3537 62 63 Gecheng 0 278 3537
621 3249 148 111 Gêding 0 621 3249
372 2539 84 138 Qiaoxu 0 372 2539
362 2201 131 86 Lincheng 0 362 2201
342 2699 50 73 Miyang 0 342 2699
648 3968 96 92 Baiyang 0 648 3968
375 3996 62 76 Fulilu 0 375 3996
392 3275 116 126 Shahejie 0 392 3275
562 4643 146 144 Weichang 0 562 4643
620 3752 70 139 Liangdang_Chengguanzhen 0 620 3752
376 2679 128 120 Zhangfeng 0 376 2679
695 3835 137 103 Qianyang_Chengguanzhen 0 695 3835
581 2595 58 53 Mengmeng 0 581 2595
557 4046 110 116 Sanhe 0 557 4046
335 2912 150 128 Xingguo 0 335 2912
739 4629 54 129 Tieyingzi 0 739 4629
708 5045 100 118 Mositai 0 708 5045
508 3440 108 60 Tongchuan 0 508 3440
376 4025 89 63 Nongchangbalian 0 376 4025
277 2755 138 115 Longcheng 0 277 2755
579 3844 80 112 Qianqiu 0 579 3844
519 3912 54 149 Tongcheng 0 519 3912
413 2248 97 91 Xucheng 0 413 2248
443 3259 120 145 Xuyang 0 443 3259
516 4359 89 83 Wenbi 0 516 4359
345 3281 97 52 Fenghua 0 345 3281
458 4399 54 82 Jiuquan 0 458 4399
450 2764 122 66 Tengyue 0 450 2764
592 4813 91 134 Tokkuztara 0 592 4813
230 3240 69 141 Dongyang 0 230 3240
310 3624 87 115 Gulü 0 310 3624
310 3980 139 54 Neihuang_Chengguanzhen 0 310 3980
633 4307 116 63 Pingluo_Chengguanzhen 0 633 4307
422 3047 91 99 Fenggang 0 422 3047
632 3162 107 134 Heshan 0 632 3162
355 3171 95 58 Gyigang 0 355 3171
569 3846 134 118 Mianchi_Chengguanzhen 0 569 3846
392 3086 144 143 Xoixar 0 392 3086
687 3205 69 149 Wansheng 0 687 3205
322 3045 51 140 Wanshan 0 322 3045
249 3691 147 54 Ningshan_Chengguanzhen 0 249 3691
431 3427 62 63 Luocheng 0 431 3427
681 2769 124 68 Luocheng 0 681 2769
403 3939 148 90 Yuncheng 0 403 3939
257 4443 122 75 Xicheng 0 257 4443
603 3845 50 110 Yongqing 0 603 3845
522 5258 125 99 Xilin 0 522 5258
764 3931 84 114 Xinning 0 764 3931
653 3126 90 99 Yutan 0 653 3126
682 4478 132 100 Beichengqu 0 682 4478
627 3421 113 146 Jishan 0 627 3421
246 3207 150 85 Nanggarzê 0 246 3207
221 3034 135 52 Dezhou 0 221 3034
543 3526 83 50 Dianbu 0 543 3526
437 4411 149 148 Fengtai 0 437 4411
721 3901 136 131 Xiuwu_Chengguanzhen 0 721 3901
729 4163 107 143 Dingbian 0 729 4163
704 3226 100 149 Rongjiawan 0 704 3226
250 3497 71 62 Dongting 0 250 3497
259 3097 138 149 Shiqiao 0 259 3097
758 3779 84 59 Jiangguanchi 0 758 3779
728 3630 72 108 Gaoyou 0 728 3630
623 3804 64 112 Xin’an 0 623 3804
603 3842 131 63 Xin’an_Chengguanzhen 0 603 3842
632 3589 117 110 Xin’an 0 632 3589
551 4847 145 61 Xingfulu 0 551 4847
717 3722 65 88 Kunyang 0 717 3722
671 2596 94 143 Weiyuan 0 671 2596
610 3872 112 62 Zhangjiachuan 0 610 3872
429 3888 112 116 Qingyuan 0 429 3888
411 3114 123 149 Zhonghechang 0 411 3114
528 3307 149 82 Xarlung 0 528 3307
600 4131 120 78 Shaliuhe 0 600 4131
546 4853 136 99 Beijinglu 0 546 4853
556 3738 60 132 Luanchuan_Chengguanzhen 0 556 3738
569 3132 66 69 Hekou 0 569 3132
687 3893 138 79 Qinghua 0 687 3893
521 3605 74 96 Qiaozhuang 0 521 3605
549 3711 149 88 Lingcheng 0 549 3711
324 2480 101 131 Lingcheng 0 324 2480
536 3415 115 102 Taihe 0 536 3415
741 3905 141 94 Huojia_Chengguanzhen 0 741 3905
358 3254 87 97 Shawan 0 358 3254
568 4355 59 82 Gaotai_Chengguanzhen 0 568 4355
310 3780 123 144 Chang’an 0 310 3780
442 3730 96 61 Zangkaxa 0 442 3730
233 3290 99 56 Zhuji 0 233 3290
730 3421 132 76 Taozhou 0 730 3421
353 3073 105 114 Wanhechang 0 353 3073
571 5240 116 89 Nanhang 0 571 5240
483 3453 81 92 Jianshe 0 483 3453
548 3572 140 60 Xiasi 0 548 3572
703 3056 105 111 Songyuan 0 703 3056
675 3046 50 132 Songyuan 0 675 3046
334 4497 72 87 Zhangjiakou_Shi_Xuanhua_Qu 0 334 4497
486 4094 50 147 Lingquan 0 486 4094
546 3340 134 79 Qili 0 546 3340
504 3949 67 76 Huishi 0 504 3949
495 3435 101 60 Wenchang 0 495 3435
772 2933 129 96 Renhe 0 772 2933
515 5871 57 120 Xilinji 0 515 5871
514 3782 98 68 Tongshan 0 514 3782
542 3116 109 133 Xuyong 0 542 3116
264 3102 150 149 Shuangling 0 264 3102
694 3260 105 115 Liulinzhou 0 694 3260
735 4166 81 87 Leping 0 735 4166
782 2824 60 67 Tancheng 0 782 2824
622 3831 77 104 Tancheng 0 622 3831
256 3170 82 67 Yuecheng 0 256 3170
684 2703 108 150 Jinping 0 684 2703
421 2657 95 106 Jinping 0 421 2657
320 2518 71 83 Jinhe 0 320 2518
684 3909 137 145 Jinping 0 684 3909
453 2992 122 89 Dongkou 0 453 2992
568 3405 93 100 Chicheng 0 568 3405
734 4431 147 75 Shanhaiguan 0 734 4431
719 3822 86 104 Fengxiang_Chengguanzhen 0 719 3822
284 4535 100 53 Akqi 0 284 4535
569 4077 79 54 Cuifeng 0 569 4077
688 3124 145 85 Wangyue 0 688 3124
714 2615 134 88 Pingma 0 714 2615
437 2603 123 101 Pingnan 0 437 2603
492 3932 109 78 Lingcheng 0 492 3932
446 3145 105 133 Gyitang 0 446 3145
703 3430 85 101 Xianshui 0 703 3430
495 3087 149 115 Sankoutang 0 495 3087
305 3473 144 138 Yushan 0 305 3473
674 4103 110 135 Jicheng 0 674 4103
425 5088 54 58 Mulan 0 425 5088
743 3514 100 98 Jincheng 0 743 3514
578 4833 108 53 Ulan 0 578 4833
669 3547 98 69 Meiyuan_Xincun 0 669 3547
270 3586 147 70 Rucheng 0 270 3586
772 2827 97 129 Rucheng_Chengguanzhen 0 772 2827
649 5008 138 88 Fendou 0 649 5008
233 3697 69 144 Yulong 0 233 3697
445 4164 138 128 Sangyuan 0 445 4164
523 5077 65 137 Zhenlai 0 523 5077
593 2830 96 136 Shunling 0 593 2830
527 3427 59 103 Gangsha 0 527 3427
337 3993 113 119 Nanle_Chengguanzhen 0 337 3993
474 3618 56 138 Fengtai_Chengguanzhen 0 474 3618
406 3071 147 125 Bashan 0 406 3071
560 3805 50 98 Luoning_Chengguanzhen 0 560 3805
289 3802 61 133 Qindu 0 289 3802
289 3801 88 90 Weicheng 0 289 3801
358 3149 92 102 Damxoi 0 358 3149
551 4285 92 116 Lanyi 0 551 4285
405 2587 66 91 Guiping 0 405 2587
627 3598 145 54 Hancheng 0 627 3598
324 3823 71 90 Luyuan 0 324 3823
599 3532 63 141 Laxi 0 599 3532
766 4082 147 101 Weiyuan 0 766 4082
414 3102 91 85 Doushaguan 0 414 3102
519 3888 84 95 Yaofeng 0 519 3888
757 3117 137 61 Guankou 0 757 3117
580 4093 84 106 Yuhai 0 580 4093
559 4150 59 147 Ning’an 0 559 4150
331 2918 55 97 Jinzhong 0 331 2918
699 5445 138 134 Bayan_Tohoi 0 699 5445
482 3920 105 105 Xiedian 0 482 3920
641 3510 130 114 Jinjiazhuang 0 641 3510
289 3361 71 133 Muping 0 289 3361
700 4660 96 80 Dongtaicun 0 700 4660
703 3961 97 105 Chongwen 0 703 3961
443 2545 113 98 Mabai 0 443 2545
782 3158 86 118 Duru 0 782 3158
336 5732 135 106 Khuma 0 336 5732
303 3771 68 55 Taikang_Chengguanzhen 0 303 3771
401 2928 77 58 Meijiang 0 401 2928
546 3198 128 148 Zhangjiang 0 546 3198
459 2573 87 79 Chengnan 0 459 2573
650 4069 60 148 Dingchang 0 650 4069
792 3003 73 115 Qinting 0 792 3003
604 3950 68 130 Longgang 0 604 3950
319 2951 55 101 Laofangzi 0 319 2951
554 2570 131 111 Ducheng 0 554 2570
679 4410 125 54 Yunzhong 0 679 4410
599 3777 132 89 Song_Xian_Chengguanzhen 0 599 3777
301 2802 91 90 Songyang 0 301 2802
735 3456 57 65 Xiwai 0 735 3456
704 3760 119 116 Jia_Xian_Chengguanzhen 0 704 3760
775 2932 127 150 Xiayang 0 775 2932
461 4131 71 114 Lingcheng 0 461 4131
387 3209 83 132 Lingxi 0 387 3209
487 3238 53 103 Yantan 0 487 3238
348 3518 142 136 Shangcheng_Chengguanzhen 0 348 3518
716 3986 147 106 Mizhou 0 716 3986
278 3649 64 140 Guhuai 0 278 3649
390 2736 150 104 Pingyuan 0 390 2736
573 5243 99 71 Longhua 0 573 5243
318 3480 55 138 Chengxiang 0 318 3480
701 3188 92 72 Miluo_Chengguanzhen 0 701 3188
738 3454 108 138 Nanwai 0 738 3454
771 3404 150 114 Zito 0 771 3404
514 3500 112 72 Wenchang 0 514 3500
579 3338 138 124 Zitong 0 579 3338
734 3686 108 147 Yakou 0 734 3686
780 3262 62 56 Puyang 0 780 3262
508 4029 95 62 Pucheng 0 508 4029
762 2999 109 59 Chengyang 0 762 2999
377 3300 77 73 Maizhokunggar 0 377 3300
418 3115 69 91 Aitianba 0 418 3115
516 4151 108 134 Zhongwei 0 516 4151
420 3106 128 54 Yanjing 0 420 3106
243 3892 76 57 Yanjin_Chengguanzhen 0 243 3892
484 5285 64 60 Wumahe 0 484 5285
511 4341 149 123 Guoyuan_Xincun 0 511 4341
563 3219 102 129 Quxar 0 563 3219
355 4136 58 105 Hexi 0 355 4136
478 4522 72 75 Haicheng 0 478 4522
339 3001 52 82 Longtoushan_Jiezi 0 339 3001
590 3576 75 86 Yuanba 0 590 3576
371 2893 102 56 Shuangjiang 0 371 2893
235 2675 128 129 Shuangjiang 0 235 2675
387 3283 65 136 Wangda 0 387 3283
458 4193 96 52 Dongguang 0 458 4193
436 2079 105 83 Wancheng 0 436 2079
320 3447 145 121 Xiayang 0 320 3447
558 2518 75 56 Luocheng 0 558 2518
257 2837 83 147 Sujiaying 0 257 2837
468 3840 134 56 Guwei 0 468 3840
596 4413 144 104 Xinxing 0 596 4413
437 4144 55 112 Xinhu 0 437 4144
593 2495 139 51 Menglang 0 593 2495
794 2497 100 138 Menglie 0 794 2497
604 2420 113 67 Dongcheng 0 604 2420
520 3129 131 108 Guixi 0 520 3129
773 3442 121 114 Xinning 0 773 3442
405 2793 103 137 Gaojiacun 0 405 2793
657 2817 58 95 Xiangcheng 0 657 2817
649 3439 107 98 Langchi 0 649 3439
488 2586 102 98 Tengzhou 0 488 2586
324 3960 122 85 Zhongyuanlu 0 324 3960
580 2596 88 129 Napo_Chengxiangzhen 0 580 2596
462 3840 57 136 Fengxian 0 462 3840
253 2112 100 115 Basuo 0 253 2112
609 4237 84 61 Yanghe 0 609 4237
311 3793 121 123 Xincheng 0 311 3793
308 3789 116 135 Beilin 0 308 3789
282 3380 134 106 Huarong 0 282 3380
580 3390 55 94 Rongcheng 0 580 3390
688 3303 126 62 Rongcheng 0 688 3303
435 2602 142 98 Jieyang 0 435 2602
453 2527 88 108 Rongcheng 0 453 2527
699 3119 63 116 Dongtundu 0 699 3119
700 3114 54 146 Guitang 0 700 3114
694 3125 124 91 Furong_Beilu 0 694 3125
691 3749 121 79 Baofeng_Chengguanzhen 0 691 3749
255 2894 62 130 Laojiezi 0 255 2894
720 3262 108 142 Xin’anjiang 0 720 3262
526 2918 100 132 Baiyashi 0 526 2918
355 4092 64 120 Qiangezhai 0 355 4092
377 3386 86 116 Yezhou 0 377 3386
583 3612 141 71 Chaotian 0 583 3612
478 4037 86 148 Xinshui 0 478 4037
556 4489 117 130 Yingshouyingzi 0 556 4489
522 3896 67 70 Pingxiang 0 522 3896
617 4267 63 87 Xigang 0 617 4267
684 3172 107 95 Wenxing 0 684 3172
771 3845 136 57 Zhongmu_Chengguanzhen 0 771 3845
610 3155 126 102 Taohuajiang 0 610 3155
220 3633 83 118 Panlong 0 220 3633
680 3653 123 136 Nanzheng_Chengguanzhen 0 680 3653
618 3326 98 118 Douhudi 0 618 3326
553 2765 84 60 Huafeng 0 553 2765
780 3245 150 101 Juanshui 0 780 3245
364 3936 139 150 Juancheng 0 364 3936
333 4017 136 73 Daming 0 333 4017
629 4199 114 57 Chaicun 0 629 4199
713 3641 140 97 Sahuteng 0 713 3641
660 2586 52 123 Debao_Chengguanzhen 0 660 2586
274 2840 143 150 Rongjiang 0 274 2840
575 2721 77 140 Wu’an 0 575 2721
344 3780 107 81 Languan 0 344 3780
395 3918 125 141 Taoyang 0 395 3918
330 2520 83 147 Shanwei 0 330 2520
618 4040 145 128 Qinhe 0 618 4040
420 3237 65 76 Duchang 0 420 3237
617 3232 109 86 Mainling 0 617 3232
613 3295 79 142 Haiyang 0 613 3295
704 3436 126 91 Xinshi 0 704 3436
495 3482 53 123 Shucheng_Chengguanzhen 0 495 3482
542 4890 63 145 Wujiaqu 0 542 4890
225 3390 85 75 Wujiashan 0 225 3390
279 3249 103 94 Qüxü 0 279 3249
681 4458 90 101 Xinrong 0 681 4458
337 2781 96 95 Xinshan 0 337 2781
348 3977 83 130 Liujiaxia 0 348 3977
243 3683 79 58 Chongyang 0 243 3683
491 4145 133 149 Liulin 0 491 4145
458 4398 86 63 Xibeijie 0 458 4398
364 3969 133 93 Fan_Xian_Chengguanzhen 0 364 3969
300 2863 66 125 Meilin 0 300 2863
347 4035 138 138 Xiying 0 347 4035
571 5245 105 144 Bukui 0 571 5245
348 3259 130 73 Min’an 0 348 3259
650 4103 142 77 Niya 0 650 4103
431 3610 135 145 Yingshang_Chengguanzhen 0 431 3610
466 3332 119 81 Yanjiang 0 466 3332
725 2877 122 73 Tangdong 0 725 2877
379 3245 130 103 Puting 0 379 3245
365 2768 57 115 Zhongshu 0 365 2768
375 2711 51 133 Zhongshu 0 375 2711
649 5075 55 149 Beishan 0 649 5075
482 2872 115 84 Luzhang 0 482 2872
221 2563 97 130 Chengxiang 0 221 2563
351 4060 79 112 Dongluqiao 0 351 4060
542 3944 89 63 Lechang 0 542 3944
706 4415 133 108 Beidaihe 0 706 4415
211 2625 140 53 Baishan 0 211 2625
745 3478 74 79 Dêngqên 0 745 3478
738 3848 138 77 Jianshelu 0 738 3848
214 3355 137 120 Zhongzhou 0 214 3355
324 2739 57 55 Lufu 0 324 2739
236 3573 96 71 Luring 0 236 3573
472 2842 116 150 Lianfeng 0 472 2842
643 3262 136 60 Xinshancun 0 643 3262
457 4670 106 119 Duolun 0 457 4670
428 3680 140 98 Yongle 0 428 3680
503 3767 70 139 Lushi_Chengguanzhen 0 503 3767
729 4040 100 94 Lushar 0 729 4040
676 3734 149 92 Luyang 0 676 3734
725 3583 94 108 Tongbai_Chengguanzhen 0 725 3583
390 5028 54 75 Tuquan 0 390 5028
621 2967 82 140 Huangshan 0 621 2967
265 3849 118 103 Kaifeng_Chengguanzhen 0 265 3849
426 2584 138 134 Kaihua 0 426 2584
446 3413 91 113 Zhaozhen 0 446 3413
394 2463 117 61 Bobai 0 394 2463
234 3692 103 137 Xindu 0 234 3692
563 3524 53 104 Zaindainxoi 0 563 3524
326 3480 124 150 Zagunao 0 326 3480
418 3252 77 109 Liyuan 0 418 3252
534 5329 117 101 Naji 0 534 5329
404 3964 82 112 Yangying 0 404 3964
513 3584 69 122 Geji 0 513 3584
480 2631 79 117 Nansan 0 480 2631
423 2838 72 54 Zhong’an 0 423 2838
353 4482 139 89 Chengzhen 0 353 4482
650 3266 94 138 Huarong_Chengguanzhen 0 650 3266
279 2848 105 117 Goujie 0 279 2848
331 4094 86 50 Donghegumiao 0 331 4094
696 2977 107 150 Gufeng 0 696 2977
732 3564 132 93 Zhengdonglu 0 732 3564
730 3558 148 120 Guyang 0 730 3558
396 3382 75 140 Dongsheng 0 396 3382
644 5140 88 92 Honggang 0 644 5140
305 2981 82 54 Shuigou 0 305 2981
267 3284 106 100 Tongyang 0 267 3284
266 3818 73 125 Tongxu_Chengguanzhen 0 266 3818
622 3317 91 73 Nanjin 0 622 3317
717 3526 121 106 Lishan 0 717 3526
659 2745 94 121 Qingyang 0 659 2745
532 3008 131 86 Baohe 0 532 3008
396 2181 88 147 Jinjiang 0 396 2181
564 3483 67 125 Biru 0 564 3483
652 3275 100 134 Cuntan 0 652 3275
526 4326 111 112 Zhangguizhuang 0 526 4326
432 4585 120 89 Changbai 0 432 4585
407 4033 131 90 Gulou 0 407 4033
704 3226 146 141 Dongcheng 0 704 3226
498 3190 63 138 Nanxi 0 498 3190
675 4374 53 133 Dangchengwan 0 675 4374
452 3116 96 61 Junlian 0 452 3116
765 3570 107 78 Sanmao 0 765 3570
660 2700 109 64 Sicheng 0 660 2700
476 2370 147 88 Meilu 0 476 2370
362 3828 112 82 Liulin 0 362 3828
425 3484 117 114 Jomda 0 425 3484
229 2899 107 149 Pujiawan 0 229 2899
725 2956 137 97 Anren_Chengguanzhen 0 725 2956
273 3938 125 107 Daokou 0 273 3938
555 2819 70 112 Daojiang 0 555 2819
304 3242 91 141 Konggar 0 304 3242
767 3396 72 145 Liangshan 0 767 3396
307 4024 55 90 Haishiwan 0 307 4024
671 3618 119 147 Binhe 0 671 3618
781 3241 105 72 Qamqênxoi 0 781 3241
334 3054 128 94 Shuibian 0 334 3054
412 4479 79 149 Yanqing 0 412 4479
464 4656 59 130 Yanqi 0 464 4656
480 5091 111 129 Tonghe 0 480 5091
410 3810 92 53 Chengjiao_Chengguanzhen 0 410 3810
328 3837 68 67 Minquan_Chengguanzhen 0 328 3837
333 4277 114 140 Sanlei 0 333 4277
487 3819 124 120 Lingbao_Chengguanzhen 0 487 3819
373 4472 137 56 Shacheng 0 373 4472
512 4332 53 106 Changhongjie 0 512 4332
371 4221 96 94 Qarqan 0 371 4221
252 3451 101 97 Hanfeng 0 252 3451
482 3958 67 146 Ningyang 0 482 3958
719 2771 66 83 Liupai 0 719 2771
379 2831 97 118 Xiping 0 379 2831
433 2352 80 53 Chikan 0 433 2352
307 2074 137 107 Baoyou 0 307 2074
684 2478 98 129 Longzhou 0 684 2478
256 2730 132 125 Kunyang 0 256 2730
509 3842 114 59 Daying 0 509 3842
350 3592 82 108 Huaibin_Chengguanzhen 0 350 3592
517 4329 111 106 Xiaobailou 0 517 4329
287 3100 54 70 Xincheng 0 287 3100
755 3789 119 112 Jianshe 0 755 3789
776 2591 128 108 Lianzhu 0 776 2591
712 3066 84 57 Lukou 0 712 3066
380 3235 108 59 Nêdong 0 380 3235
271 4749 129 88 Piqan 0 271 4749
463 3940 113 100 Zhonghualu 0 463 3940
741 3749 146 106 Gyaijêpozhanggê 0 741 3749
502 2374 56 149 Nanhai 0 502 2374
619 3508 64 138 Yicheng 0 619 3508
697 3806 145 87 Zhongshan_Donglu 0 697 3806
370 3869 132 87 Pucheng_Chengguanzhen 0 370 3869
215 3477 55 52 Pubu 0 215 3477
392 3204 120 66 Muxi 0 392 3204
673 2940 118 127 Chengdong 0 673 2940
410 3241 122 122 Sangri 0 410 3241
