119
386 591 79 67 Adjamé 0 386 591
276 850 78 110 Bouaké 0 276 850
784 762 131 62 Déraouan 0 784 762
762 525 100 73 San-Pédro 0 762 525
248 754 79 142 Yamoussoukro 0 248 754
211 1046 87 87 Korhogo 0 211 1046
659 819 136 134 Man 0 659 819
238 645 133 82 Divo 0 238 645
173 678 78 54 Gagnoa 0 173 678
764 640 108 100 Soubré 0 764 640
445 743 118 54 Abengourou 0 445 743
365 655 98 129 Agboville 0 365 655
418 576 117 82 Grand-Bassam 0 418 576
347 588 65 119 Dabou 0 347 588
311 735 97 103 Dimbokro 0 311 735
259 1061 53 98 Ferkessédougou 0 259 1061
196 773 80 134 Bouaflé 0 196 773
522 888 97 69 Bondoukou 0 522 888
756 880 129 132 Séguéla 0 756 880
657 1051 127 68 Odienné 0 657 1051
666 723 137 59 Guiglo 0 666 723
276 725 62 145 Toumodi 0 276 725
823 547 101 143 Sassandra 0 823 547
477 604 129 135 Aboisso 0 477 604
645 915 134 105 Touba 0 645 915
565 727 55 69 Toulépleu 0 565 727
246 824 150 140 Sakassou 0 246 824
482 619 142 101 Ayamé 0 482 619
215 849 55 141 Béoumi 0 215 849
268 900 66 77 Katiola 0 268 900
426 608 80 60 Alépé 0 426 608
801 989 130 83 Dianra 0 801 989
481 862 143 97 Tanda 0 481 862
427 683 85 139 Yakassé-Attobrou 0 427 683
706 1034 82 72 Séguélon 0 706 1034
325 626 71 94 Sikensi 0 325 626
187 862 146 119 Kounahiri 0 187 862
472 827 92 87 Koun-Fao 0 472 827
343 575 53 127 Jacqueville 0 343 575
251 610 95 63 Guitry 0 251 610
781 760 123 100 Daloa 0 781 760
663 1085 68 104 Kaniasso 0 663 1085
361 588 100 84 Songon 0 361 588
497 567 57 83 Tiapoum 0 497 567
387 586 93 132 Abidjan 0 387 586
809 891 131 88 Mankono 0 809 891
627 1105 72 59 Minignan 0 627 1105
380 622 141 74 Azaguié 0 380 622
682 489 133 135 Tabou 0 682 489
366 735 59 77 Bongouanou 0 366 735
784 1094 74 133 Kouto 0 784 1094
277 580 83 72 Grand-Lahou 0 277 580
652 855 89 150 Biankouma 0 652 855
766 639 100 67 Soubré 0 766 639
433 582 89 98 Bonoua 0 433 582
593 802 85 96 Danané 0 593 802
254 791 112 72 Tiébissou 0 254 791
427 1061 76 135 Téhini 0 427 1061
232 706 82 57 Oumé 0 232 706
245 868 104 82 Botro 0 245 868
247 957 99 80 Niakaramandougou 0 247 957
763 937 51 52 Kani 0 763 937
323 1011 56 58 Kong 0 323 1011
667 775 87 76 Bangolo 0 667 775
500 1024 105 148 Bouna 0 500 1024
736 747 84 105 Zoukougbeu 0 736 747
770 597 136 144 Méagui 0 770 597
498 834 69 91 Transua 0 498 834
624 910 137 54 Ouaninou 0 624 910
393 780 51 114 Daoukro 0 393 780
595 1059 70 143 Gbéléban 0 595 1059
334 780 61 134 Bocanda 0 334 780
462 1084 112 144 Doropo 0 462 1084
404 675 111 146 Adzopé 0 404 675
314 811 60 71 Kouassi-Kouassikro 0 314 811
587 764 80 146 Zouan-Hounien 0 587 764
599 869 79 92 Sipilou 0 599 869
721 694 65 83 Buyo 0 721 694
392 737 137 111 Arrah 0 392 737
824 629 92 137 Guéyo 0 824 629
679 817 86 117 Facobly 0 679 817
202 647 146 79 Lakota 0 202 647
298 652 149 92 Tiassalé 0 298 652
238 1060 143 76 Sinématiali 0 238 1060
178 732 150 91 Sinfra 0 178 732
383 607 69 132 Anyama 0 383 607
682 745 84 133 Duekoué 0 682 745
264 1102 91 72 Ouangolodougou 0 264 1102
401 592 120 110 Bingerville 0 401 592
390 845 77 128 Prikro 0 390 845
477 788 53 61 Agnibilékrou 0 477 788
778 816 147 86 Vavoua 0 778 816
454 671 121 92 Béttié 0 454 671
215 562 115 69 Fresco 0 215 562
657 1085 121 86 Samatiguila 0 657 1085
669 945 68 111 Koro 0 669 945
466 584 89 133 Adiaké 0 466 584
195 1003 76 73 Dikodougou 0 195 1003
290 788 67 82 Didiévi 0 290 788
725 1063 84 67 Madinani 0 725 1063
266 685 102 126 Taabo 0 266 685
436 879 114 74 Sandégué 0 436 879
266 717 91 92 Djékanou 0 266 717
825 822 86 111 Zuénoula 0 825 822
352 824 108 101 M’Bahiakro 0 352 824
671 649 126 150 Taï 0 671 649
767 718 54 112 Issia 0 767 718
610 726 69 53 Bloléquin 0 610 726
694 802 105 60 Kouibly 0 694 802
395 661 136 142 Agou 0 395 661
349 715 140 141 M’Batto 0 349 715
448 934 123 123 Nassian 0 448 934
783 1159 97 66 Tengréla 0 783 1159
775 1053 77 116 Boundiali 0 775 1053
182 1107 62 63 M’Bengué 0 182 1107
342 924 110 103 Dabakala 0 342 924
401 705 112 104 Akoupé 0 401 705
496 598 63 54 Maféré 0 496 598
266 749 76 53 Attiégouakro 0 266 749
