556
577 5072 139 82 Zagreb 0 577 5072
617 4818 74 108 Split 0 617 4818
453 5021 86 79 Rijeka 0 453 5021
265 5005 79 99 Slavonski_Brod 0 265 5005
319 5046 139 102 Osijek 0 319 5046
519 4885 60 108 Zadar 0 519 4885
409 4968 120 138 Pula 0 409 4968
542 5037 142 83 Karlovac 0 542 5037
572 4841 72 92 Šibenik 0 572 4841
261 4726 97 126 Dubrovnik 0 261 4726
563 5090 131 115 Luka 0 563 5090
687 5082 78 134 Lukač 0 687 5082
634 4791 140 56 Bol 0 634 4791
318 5075 97 110 Popovac 0 318 5075
636 5098 109 142 Zrinski_Topolovac 0 636 5098
736 4741 142 65 Slano 0 736 4741
278 5007 82 52 Garčin 0 278 5007
716 5026 134 61 Jakšić 0 716 5026
677 4807 120 87 Podbablje 0 677 4807
274 4997 134 105 Klakar 0 274 4997
536 4865 81 124 Biograd_na_Moru 0 536 4865
596 4768 65 59 Vis 0 596 4768
540 5055 121 62 Krašić 0 540 5055
484 5027 113 93 Delnice 0 484 5027
634 5089 114 143 Rovišće 0 634 5089
392 4992 96 62 Rovinj 0 392 4992
430 4993 90 149 Labin 0 430 4993
573 4847 104 136 Bilice 0 573 4847
718 5055 50 77 Mikleuš 0 718 5055
517 5012 93 93 Ogulin 0 517 5012
533 5066 64 122 Žumberak 0 533 5066
619 4821 86 92 Solin 0 619 4821
309 5044 91 88 Čepin 0 309 5044
519 4875 131 54 Kukljica 0 519 4875
709 4734 132 64 Babino_Polje 0 709 4734
509 4910 67 124 Povljana 0 509 4910
396 5017 118 103 Kaštelir 0 396 5017
693 5014 70 84 Rešetari 0 693 5014
567 5042 112 125 Lasinja 0 567 5042
531 4879 149 115 Galovac 0 531 4879
313 5030 144 83 Šodolovci 0 313 5030
663 5099 143 113 Kalinovac 0 663 5099
613 5138 125 96 Pribislavec 0 613 5138
311 5063 83 96 Jagodnjak 0 311 5063
282 5037 98 51 Podgorač 0 282 5037
615 5132 114 110 Orehovica 0 615 5132
287 5007 50 101 Donji_Andrijevci 0 287 5007
629 4826 138 132 Dugopolje 0 629 4826
624 5132 63 90 Prelog 0 624 5132
574 5092 87 131 Donja_Stubica 0 574 5092
506 4905 98 96 Vir 0 506 4905
600 5032 113 110 Petrinja 0 600 5032
568 4905 142 140 Gračac 0 568 4905
671 5033 138 93 Pakrac 0 671 5033
586 4866 137 143 Oklaj 0 586 4866
554 5019 141 73 Vojnić 0 554 5019
547 5020 114 55 Krnjak 0 547 5020
656 5058 121 111 Hercegovac 0 656 5058
537 4981 88 64 Saborsko 0 537 4981
557 5112 138 87 Pregrada 0 557 5112
333 5001 69 92 Otok 0 333 5001
605 5153 129 88 Sveti_Martin_na_Muri 0 605 5153
703 5022 150 146 Brestovac 0 703 5022
414 4999 66 144 Žminj 0 414 4999
589 4766 142 129 Komiža 0 589 4766
599 4830 68 96 Prgomet 0 599 4830
677 4777 84 110 Sućuraj 0 677 4777
707 5008 139 114 Nova_Kapela 0 707 5008
612 4863 56 141 Vrlika 0 612 4863
265 5012 70 93 Podcrkavlje 0 265 5012
451 5032 148 108 Klana 0 451 5032
318 5040 62 136 Antunovac 0 318 5040
490 4933 67 128 Novalja 0 490 4933
576 5015 110 111 Topusko 0 576 5015
633 5126 105 83 Mali_Bukovec 0 633 5126
510 4983 56 93 Brinje 0 510 4983
563 4845 131 111 Vodice 0 563 4845
699 4781 145 114 Otrić-Seoci 0 699 4781
698 4769 75 96 Ploče 0 698 4769
600 4852 100 54 Ružić 0 600 4852
602 5087 57 66 Rakovec 0 602 5087
557 5102 57 66 Tuhelj 0 557 5102
608 5108 52 88 Gornja_Rijeka 0 608 5108
323 4990 117 84 Bošnjaci 0 323 4990
594 5133 70 125 Petrijanec 0 594 5133
596 5059 66 117 Orle 0 596 5059
599 4873 60 65 Biskupija 0 599 4873
582 5111 81 120 Lobor 0 582 5111
551 5110 77 111 Desinić 0 551 5110
654 4813 115 103 Šestanovac 0 654 4813
577 4870 90 95 Kistanje 0 577 4870
575 5114 113 75 Novi_Golubovec 0 575 5114
536 5050 73 109 Ozalj 0 536 5050
645 5117 76 85 Peteranec 0 645 5117
617 4798 128 131 Milna 0 617 4798
716 5005 114 96 Oriovac 0 716 5005
679 5012 80 149 Dragalić 0 679 5012
698 5054 77 59 Voćin 0 698 5054
279 5071 51 97 Donji_Miholjac 0 279 5071
676 4754 139 106 Lumbarda 0 676 4754
652 5077 123 141 Severin 0 652 5077
596 5089 71 90 Sveti_Ivan_Zelina 0 596 5089
395 5029 101 84 Buje 0 395 5029
392 5026 137 66 Brtonigla 0 392 5026
627 4798 83 91 Nerežišće 0 627 4798
608 4833 62 120 Lećevica 0 608 4833
607 4991 75 102 Dvor 0 607 4991
447 5023 90 65 Matulji 0 447 5023
629 5138 145 111 Goričan 0 629 5138
705 4763 105 102 Vlaka 0 705 4763
600 5076 90 115 Brckovljani 0 600 5076
616 5013 123 65 Donji_Kukuruzari 0 616 5013
666 5094 127 100 Kloštar_Podravski 0 666 5094
610 5066 124 124 Kloštar_Ivanić 0 610 5066
320 5055 83 121 Darda 0 320 5055
673 5050 143 53 Daruvar 0 673 5050
533 4966 87 98 Vrhovine 0 533 4966
651 5073 61 57 Nova_Rača 0 651 5073
392 5017 61 117 Tar 0 392 5017
530 4883 100 82 Zemunik_Donji 0 530 4883
622 4824 64 136 Klis 0 622 4824
307 5070 89 65 Petlovac 0 307 5070
390 5000 82 76 Vrsar 0 390 5000
621 5145 143 53 Dekanovec 0 621 5145
269 5047 96 127 Ðurđenovac 0 269 5047
660 5100 63 134 Ðurđevac 0 660 5100
626 5067 148 117 Čazma 0 626 5067
595 5065 96 113 Rugvica 0 595 5065
419 5028 97 108 Buzet 0 419 5028
686 5017 150 113 Cernik 0 686 5017
279 5021 54 93 Levanjska_Varoš 0 279 5021
319 5001 77 77 Gradište 0 319 5001
710 5024 108 88 Požega 0 710 5024
543 5025 103 143 Barilović 0 543 5025
424 5006 128 111 Pićan 0 424 5006
350 5010 67 130 Tompojevci 0 350 5010
607 5127 122 96 Trnovec_Bartolovečki 0 607 5127
592 5107 100 90 Budinšćina 0 592 5107
723 5054 126 136 Čačinci 0 723 5054
405 4975 134 84 Fažana 0 405 4975
575 5120 89 86 Bednja 0 575 5120
596 5098 148 102 Bedenica 0 596 5098
679 4812 145 121 Imotski 0 679 4812
530 4944 66 67 Perušić 0 530 4944
629 4846 89 58 Hrvace 0 629 4846
565 5067 75 101 Gornji_Stupnik 0 565 5067
602 5112 138 75 Novi_Marof 0 602 5112
324 5052 128 139 Bilje 0 324 5052
552 5102 113 135 Kumrovec 0 552 5102
602 5122 87 79 Sveti_Ilija 0 602 5122
610 5151 148 82 Mursko_Središće 0 610 5151
715 4770 150 83 Metković 0 715 4770
594 5048 88 66 Lekenik 0 594 5048
318 4994 141 83 Županja 0 318 4994
628 4815 139 139 Podstrana 0 628 4815
474 4991 129 57 Vrbnik 0 474 4991
631 5115 61 109 Rasinja 0 631 5115
631 5128 106 121 Veliki_Bukovec 0 631 5128
465 5006 139 103 Omišalj 0 465 5006
554 4915 69 147 Lovinac 0 554 4915
384 5031 131 63 Umag 0 384 5031
270 4722 146 96 Srebreno 0 270 4722
662 5048 140 62 Dežanovac 0 662 5048
415 4963 135 83 Medulin 0 415 4963
725 5046 65 134 Orahovica 0 725 5046
480 4979 90 79 Baška 0 480 4979
639 5037 149 132 Kutina 0 639 5037
530 5021 125 94 Generalski_Stol 0 530 5021
583 5062 115 137 Velika_Gorica 0 583 5062
302 4993 74 93 Slavonski_Šamac 0 302 4993
632 4811 71 84 Dugi_Rat 0 632 4811
488 5018 81 101 Mrkopalj 0 488 5018
343 5023 126 126 Vukovar 0 343 5023
570 5094 78 133 Oroslavje 0 570 5094
637 5132 80 52 Donji_Vidovec 0 637 5132
480 5022 101 140 Lokve 0 480 5022
457 4930 61 136 Mali_Lošinj 0 457 4930
306 4998 109 60 Babina_Greda 0 306 4998
559 4844 118 71 Tribunj 0 559 4844
282 5003 146 82 Oprisavci 0 282 5003
408 5026 147 128 Oprtalj 0 408 5026
697 5011 111 82 Staro_Petrovo_Selo 0 697 5011
461 5016 76 76 Kostrena 0 461 5016
594 4831 53 52 Primorski_Dolac 0 594 4831
602 5104 112 115 Visoko 0 602 5104
555 5072 117 74 Samobor 0 555 5072
546 4897 96 53 Jesenice 0 546 4897
641 5005 82 113 Hrvatska_Dubica 0 641 5005
609 5118 139 106 Varaždinske_Toplice 0 609 5118
603 5128 125 60 Varaždin 0 603 5128
652 5060 83 89 Velika_Trnovitica 0 652 5060
564 5113 96 124 Petrovsko 0 564 5113
514 4897 84 141 Nin 0 514 4897
666 4807 68 136 Zagvozd 0 666 4807
556 4862 123 100 Stankovci 0 556 4862
678 4808 86 120 Zmijavci 0 678 4808
297 5034 62 60 Punitovci 0 297 5034
527 4903 124 92 Ražanac 0 527 4903
649 5014 143 138 Jasenovac 0 649 5014
404 4988 142 101 Bale 0 404 4988
685 4764 69 103 Trpanj 0 685 4764
372 5008 105 57 Ilok 0 372 5008
504 4921 101 143 Pag 0 504 4921
575 4883 58 135 Ervenik 0 575 4883
330 5006 148 52 Privlaka 0 330 5006
640 5071 148 113 Ivanska 0 640 5071
496 4926 94 142 Kolan 0 496 4926
647 5028 60 149 Lipovljani 0 647 5028
298 5059 95 111 Valpovo 0 298 5059
320 5027 123 134 Markušica 0 320 5027
574 4852 133 143 Skradin 0 574 4852
576 4933 135 141 Donji_Lapac 0 576 4933
618 5137 106 104 Mala_Subotica 0 618 5137
618 5124 127 125 Martijanec 0 618 5124
411 5003 69 125 Sveti_Petar_u_Šumi 0 411 5003
547 4852 60 141 Murter 0 547 4852
671 5096 150 92 Podravske_Sesvete 0 671 5096
602 5142 101 141 Gornji_Mihaljevec 0 602 5142
728 5064 119 85 Crnac 0 728 5064
598 5102 129 96 Breznica 0 598 5102
614 5085 149 136 Gradec 0 614 5085
656 4803 117 130 Brela 0 656 4803
559 5079 123 72 Brdovec 0 559 5079
571 5112 58 117 Radoboj 0 571 5112
594 5107 76 56 Hrašćina 0 594 5107
307 5017 93 122 Stari_Mikanovci 0 307 5017
578 4819 90 73 Rogoznica 0 578 4819
318 5017 145 86 Ivankovo 0 318 5017
636 4811 117 116 Omiš 0 636 4811
637 4780 138 54 Jelsa 0 637 4780
549 5105 63 150 Zagorska_Sela 0 549 5105
538 5030 141 147 Duga_Resa 0 538 5030
632 4840 58 83 Sinj 0 632 4840
307 5025 79 98 Semeljci 0 307 5025
271 5070 134 88 Viljevo 0 271 5070
297 5061 89 143 Belišće 0 297 5061
302 5003 57 78 Gundinci 0 302 5003
330 4971 128 108 Gunja 0 330 4971
618 5057 109 66 Križ 0 618 5057
577 5099 136 64 Bedekovčina 0 577 5099
557 5059 141 68 Klinča_Sela 0 557 5059
560 4931 139 60 Udbina 0 560 4931
322 5010 68 125 Andrijaševci 0 322 5010
430 4998 126 85 Nedeščina 0 430 4998
606 5136 88 117 Nedelišće 0 606 5136
534 4868 69 117 Sveti_Filip_i_Jakov 0 534 4868
288 5047 150 131 Koška 0 288 5047
580 5105 104 71 Mače 0 580 5105
630 4782 123 84 Starigrad 0 630 4782
728 5008 142 117 Sibinj 0 728 5008
608 5062 86 69 Ivanić-Grad 0 608 5062
640 4839 62 150 Otok 0 640 4839
720 5018 114 104 Pleternica 0 720 5018
678 5080 112 130 Špišić-Bukovica 0 678 5080
722 4997 91 106 Bebrina 0 722 4997
651 5048 80 93 Garešnica 0 651 5048
546 4995 149 133 Slunj 0 546 4995
515 4880 108 122 Preko 0 515 4880
310 5036 77 106 Vladislavci 0 310 5036
570 5097 68 114 Zabok 0 570 5097
625 5089 67 122 Sveti_Ivan_Žabno 0 625 5089
589 4818 83 142 Marina 0 589 4818
579 5117 150 103 Lepoglava 0 579 5117
625 4804 109 145 Supetar 0 625 4804
657 4818 82 50 Cista_Provo 0 657 4818
527 5047 62 141 Ribnik 0 527 5047
506 5023 51 113 Vrbovsko 0 506 5023
575 5109 85 64 Mihovljan 0 575 5109
554 4852 86 143 Pirovac 0 554 4852
598 5106 99 131 Breznički_Hum 0 598 5106
336 4982 68 124 Vrbanja 0 336 4982
585 5128 102 64 Donja_Voća 0 585 5128
389 5008 78 118 Poreč 0 389 5008
601 4818 108 98 Trogir 0 601 4818
441 5009 59 101 Mošćenička_Draga 0 441 5009
592 4857 63 113 Drniš 0 592 4857
647 5111 96 64 Koprivnički_Bregi 0 647 5111
611 5148 71 92 Vratišinec 0 611 5148
522 5003 124 117 Josipdol 0 522 5003
267 5042 101 101 Donja_Motičina 0 267 5042
538 4895 59 62 Posedarje 0 538 4895
567 5112 61 102 Krapina 0 567 5112
565 5104 131 140 Krapinske_Toplice 0 565 5104
670 5101 96 123 Ferdinandovac 0 670 5101
586 5135 115 134 Cestica 0 586 5135
272 5041 77 136 Našice 0 272 5041
619 4804 116 59 Sutivan 0 619 4804
633 5073 136 73 Štefanje 0 633 5073
551 4983 148 134 Rakovica 0 551 4983
658 5117 87 84 Gola 0 658 5117
556 4954 75 150 Korenica 0 556 4954
689 5059 97 101 Ðulovac 0 689 5059
448 5024 97 123 Kastav 0 448 5024
605 5122 100 82 Gornji_Kneginec 0 605 5122
556 5099 114 53 Klanjec 0 556 5099
668 4789 91 135 Podgora 0 668 4789
612 5103 51 57 Sveti_Petar_Orehovec 0 612 5103
677 4761 129 73 Orebić 0 677 4761
607 5035 62 70 Sisak 0 607 5035
570 5103 107 51 Sveti_Križ_Začretje 0 570 5103
323 5068 115 59 Kneževi_Vinogradi 0 323 5068
653 5103 118 145 Virje 0 653 5103
685 5078 66 99 Virovitica 0 685 5078
560 5085 92 99 Donja_Pušća 0 560 5085
734 5026 129 101 Čaglin 0 734 5026
494 5024 126 125 Ravna_Gora 0 494 5024
417 4978 124 64 Marčana 0 417 4978
505 4930 79 138 Karlobag 0 505 4930
542 5037 59 137 Karlovac 0 542 5037
672 5090 82 50 Pitomača 0 672 5090
518 4968 116 55 Otočac 0 518 4968
676 5001 78 100 Stara_Gradiška 0 676 5001
694 5080 96 50 Gradina 0 694 5080
417 4964 95 82 Ližnjan 0 417 4964
430 5028 74 99 Lanišće 0 430 5028
301 5024 66 124 Viškovci 0 301 5024
606 5113 90 128 Ljubešćica 0 606 5113
666 4793 70 119 Tučepi 0 666 4793
294 5025 141 72 Satnica_Ðakovačka 0 294 5025
595 4843 141 136 Unešić 0 595 4843
615 4822 62 68 Kaštel_Sućurac 0 615 4822
549 4875 107 82 Benkovac 0 549 4875
295 5003 98 69 Velika_Kopanica 0 295 5003
657 5108 87 51 Molve 0 657 5108
668 5055 58 67 Končanica 0 668 5055
330 5022 129 80 Nuštar 0 330 5022
525 4877 121 98 Sukošan 0 525 4877
655 4736 70 88 Lastovo 0 655 4736
387 5019 106 89 Novigrad 0 387 5019
312 5016 131 59 Vođinci 0 312 5016
617 4780 84 53 Hvar 0 617 4780
612 4867 100 103 Civljane 0 612 4867
622 5024 117 86 Sunja 0 622 5024
493 5030 76 131 Skrad 0 493 5030
624 5123 80 77 Ludbreg 0 624 5123
408 5021 64 117 Motovun 0 408 5021
585 5021 113 147 Glina 0 585 5021
668 5063 101 50 Grubišno_Polje 0 668 5063
408 5007 69 52 Tinjan 0 408 5007
658 4802 70 94 Baška_Voda 0 658 4802
328 5078 91 69 Draž 0 328 5078
632 4803 147 58 Postire 0 632 4803
566 5089 83 147 Jakovlje 0 566 5089
582 5124 131 57 Klenovnik 0 582 5124
692 4786 84 112 Vrgorac 0 692 4786
568 5022 145 138 Gvozd 0 568 5022
582 5100 114 113 Zlatar_Bistrica 0 582 5100
399 5014 64 106 Višnjan 0 399 5014
318 5061 111 92 Čeminac 0 318 5061
558 5000 53 97 Cetingrad 0 558 5000
327 5026 111 107 Tordinci 0 327 5026
642 5066 97 61 Berek 0 642 5066
600 5122 144 91 Beretinec 0 600 5122
667 4814 107 99 Lokvičič 0 667 4814
400 5025 50 130 Grožnjan 0 400 5025
651 5113 99 119 Hlebine 0 651 5113
335 4976 97 107 Drenovci 0 335 4976
422 4990 149 112 Barban 0 422 4990
556 5088 148 59 Dubravica 0 556 5088
596 4877 61 66 Knin 0 596 4877
694 5074 138 123 Suhopolje 0 694 5074
522 5027 110 52 Bosiljevo 0 522 5027
713 4763 141 141 Mlinište 0 713 4763
681 4805 123 76 Runović 0 681 4805
532 5039 90 103 Netretić 0 532 5039
307 5053 104 78 Petrijevci 0 307 5053
613 5124 59 97 Jalžabet 0 613 5124
690 4775 81 61 Gradac 0 690 4775
650 4795 136 50 Selca 0 650 4795
697 4998 120 110 Davor 0 697 4998
429 5022 105 92 Lupoglav 0 429 5022
604 4805 144 113 Grohote 0 604 4805
631 5107 110 114 Sokolovac 0 631 5107
432 5002 67 125 Kršan 0 432 5002
300 4998 136 98 Sikirevci 0 300 4998
412 4993 53 104 Svetvinčenat 0 412 4993
598 5131 82 72 Sračinec 0 598 5131
322 5020 138 78 Jarmina 0 322 5020
620 4842 63 101 Donji_Muć 0 620 4842
686 5014 73 74 Nova_Gradiška 0 686 5014
416 5010 123 70 Pazin 0 416 5010
591 5126 108 91 Maruševec 0 591 5126
568 5083 54 62 Poljanica_Bistranska 0 568 5083
713 5034 71 106 Kaptol 0 713 5034
471 5049 97 59 Čabar 0 471 5049
720 5005 122 121 Brodski_Stupnik 0 720 5005
562 4868 77 77 Lišane_Ostrovičke 0 562 4868
649 5088 71 114 Veliko_Trojstvo 0 649 5088
565 5094 114 73 Veliko_Trgovišće 0 565 5094
672 5014 88 62 Okučani 0 672 5014
287 5028 141 134 Drenje 0 287 5028
712 4767 52 102 Kula_Norinska 0 712 4767
478 4964 118 57 Lopar 0 478 4964
639 5135 94 96 Kotoriba 0 639 5135
529 4932 56 106 Gospić 0 529 4932
551 4850 124 74 Tisno 0 551 4850
730 5052 67 141 Zdenci 0 730 5052
556 5085 106 73 Marija_Gorica 0 556 5085
675 5014 150 134 Gornji_Bogičevci 0 675 5014
546 5049 73 52 Draganići 0 546 5049
466 5013 119 85 Kraljevica 0 466 5013
556 5092 109 80 Kraljevec_na_Sutli 0 556 5092
468 4997 92 80 Dobrinj 0 468 4997
564 5116 114 124 Ðurmanec 0 564 5116
623 5126 94 108 Sveti_Ðurđ 0 623 5126
722 5069 62 128 Čađavica 0 722 5069
676 5043 56 80 Sirač 0 676 5043
698 4755 66 64 Janjina 0 698 4755
297 5011 83 128 Strizivojna 0 297 5011
269 5004 110 84 Gornja_Vrba 0 269 5004
643 5123 113 117 Ðelekovec 0 643 5123
402 5020 149 53 Vižinada 0 402 5020
271 4718 149 73 Cavtat 0 271 4718
459 5022 145 80 Čavle 0 459 5022
294 5030 87 76 Gorjani 0 294 5030
666 5106 50 56 Novo_Virje 0 666 5106
445 5020 145 98 Opatija 0 445 5020
627 5081 144 71 Farkaševac 0 627 5081
647 5118 54 94 Drnje 0 647 5118
659 5068 92 76 Veliki_Grđevac 0 659 5068
596 5073 139 75 Dugo_Selo 0 596 5073
297 5020 142 114 Ðakovo 0 297 5020
516 4878 130 145 Kali 0 516 4878
390 5003 111 79 Funtana 0 390 5003
713 5075 95 74 Sopje 0 713 5075
453 4978 61 76 Cres 0 453 4978
598 5150 50 142 Štrigova 0 598 5150
610 5082 119 58 Vrbovec 0 610 5082
518 4901 101 100 Vrsi 0 518 4901
606 5143 60 122 Lopatinec 0 606 5143
663 4795 90 68 Makarska 0 663 4795
725 5034 86 51 Kutjevo 0 725 5034
526 5011 66 114 Tounj 0 526 5011
616 5140 64 89 Belica 0 616 5140
715 5060 112 126 Nova_Bukovica 0 715 5060
708 5036 55 140 Velika 0 708 5036
544 4892 135 50 Novigrad 0 544 4892
651 5104 90 71 Novigrad_Podravski 0 651 5104
570 5117 84 121 Gornje_Jesenje 0 570 5117
634 5132 105 120 Sveta_Marija 0 634 5132
560 5071 66 93 Sveta_Nedjelja 0 560 5071
641 5113 122 146 Koprivnica 0 641 5113
626 5047 96 51 Popovača 0 626 5047
475 5002 141 107 Crikvenica 0 475 5002
610 5137 75 109 Čakovec 0 610 5137
608 4873 115 112 Kijevo 0 608 4873
690 5006 120 97 Vrbje 0 690 5006
528 4991 96 54 Plaški 0 528 4991
654 4754 112 73 Smokvica 0 654 4754
656 5085 137 115 Šandrovac 0 656 5085
427 4992 138 117 Raša 0 427 4992
335 5031 77 117 Trpinja 0 335 5031
643 5094 79 65 Kapela 0 643 5094
341 5029 90 63 Borovo 0 341 5029
577 5037 92 139 Pokupsko 0 577 5037
356 5009 56 58 Lovas 0 356 5009
513 4865 112 106 Sali 0 513 4865
574 4826 77 58 Primošten 0 574 4826
463 5017 88 95 Bakar 0 463 5017
607 5048 117 103 Martinska_Ves 0 607 5048
289 5060 107 60 Marjanci 0 289 5060
595 5126 137 123 Vidovec 0 595 5126
571 5090 132 59 Stubičke_Toplice 0 571 5090
674 4815 145 73 Donji_Proložac 0 674 4815
443 5015 61 79 Lovran 0 443 5015
661 4818 56 136 Lovreć 0 661 4818
401 5003 114 140 Sveti_Lovreč_Pazenatički 0 401 5003
612 5109 144 125 Kalnik 0 612 5109
314 4996 100 105 Štitar 0 314 4996
483 4997 104 51 Novi_Vinodolski 0 483 4997
639 4830 54 137 Trilj 0 639 4830
269 5007 141 51 Bukovlje 0 269 5007
642 5128 72 146 Legrad 0 642 5128
627 4832 78 141 Kraj 0 627 4832
509 4901 116 94 Privlaka 0 509 4901
527 5049 88 146 Žakanje 0 527 5049
530 4867 112 70 Pašman 0 530 4867
498 5034 136 146 Brod_Moravice 0 498 5034
622 5143 133 148 Domašinec 0 622 5143
640 4800 52 52 Pučišće 0 640 4800
354 5002 50 123 Tovarnik 0 354 5002
674 4758 139 113 Korčula 0 674 4758
720 4746 85 100 Ston 0 720 4746
710 5064 120 135 Slatina 0 710 5064
598 4816 64 141 Okrug_Gornji 0 598 4816
337 5022 120 115 Bogdanovci 0 337 5022
599 4818 123 88 Donji_Seget 0 599 4818
481 4955 138 70 Rab 0 481 4955
530 5053 83 66 Kamanje 0 530 5053
408 4997 97 131 Kanfanar 0 408 4997
422 5014 93 103 Cerovlje 0 422 5014
582 5105 133 90 Zlatar 0 582 5105
640 5118 64 120 Koprivnički_Ivanec 0 640 5118
627 5136 124 83 Donji_Kraljevec 0 627 5136
470 4984 56 130 Punat 0 470 4984
619 5077 54 110 Dubrava 0 619 5077
668 5030 63 79 Lipik 0 668 5030
313 5071 137 82 Beli_Manastir 0 313 5071
554 4894 61 91 Obrovac 0 554 4894
550 5057 92 60 Jastrebarsko 0 550 5057
581 5048 72 98 Kravarsko 0 581 5048
342 5015 136 101 Negoslavci 0 342 5015
730 5074 140 58 Podravska_Moslavina 0 730 5074
451 5025 96 83 Viškovo 0 451 5025
281 5060 107 74 Magadenovac 0 281 5060
732 5046 78 143 Feričanci 0 732 5046
652 4810 83 116 Zadvarje 0 652 4810
643 5084 129 111 Bjelovar 0 643 5084
336 5014 150 109 Stari_Jankovci 0 336 5014
535 4904 97 87 Starigrad 0 535 4904
607 5091 61 138 Preseka 0 607 5091
348 5043 96 139 Erdut 0 348 5043
457 5025 54 70 Jelenje 0 457 5025
608 5136 73 138 Strahoninec 0 608 5136
609 5140 65 63 Šenkovec 0 609 5140
654 5022 124 87 Novska 0 654 5022
524 4879 56 129 Bibinje 0 524 4879
619 5097 57 148 Križevci 0 619 5097
477 5016 124 55 Fužine 0 477 5016
646 4755 115 68 Blato 0 646 4755
536 4882 56 110 Škabrnje 0 536 4882
301 5051 133 99 Bizovac 0 301 5051
580 5090 61 77 Gornja_Stubica 0 580 5090
640 4758 63 97 Vela_Luka 0 640 4758
327 5017 55 150 Vinkovci 0 327 5017
586 5095 110 148 Marija_Bistrica 0 586 5095
462 4996 108 146 Malinska 0 462 4996
466 4985 144 57 Krk 0 466 4985
530 4891 130 55 Poličnik 0 530 4891
540 4862 126 133 Pakoštane 0 540 4862
562 5078 142 89 Zaprešić 0 562 5078
624 5050 73 132 Velika_Ludina 0 624 5050
553 5117 87 147 Hum_na_Sutli 0 553 5117
492 4981 129 108 Senj 0 492 4981
345 5000 134 117 Nijemci 0 345 5000
284 5015 81 79 Trnava 0 284 5015
662 5074 58 85 Velika_Pisanica 0 662 5074
407 5017 114 78 Karojba 0 407 5017
709 4765 126 98 Opuzen 0 709 4765
422 5007 118 125 Gračišće 0 422 5007
296 5009 98 130 Vrpolje 0 296 5009
590 5100 121 109 Konjšćina 0 590 5100
607 5150 111 58 Selnica 0 607 5150
304 5034 70 78 Vuka 0 304 5034
588 5132 115 57 Vinica 0 588 5132
639 5130 59 143 Donja_Dubrava 0 639 5130
409 4979 116 76 Vodnjan 0 409 4979
620 5012 137 80 Majur 0 620 5012
620 5009 74 125 Hrvatska_Kostajnica 0 620 5009
316 5035 51 72 Ernestinovo 0 316 5035
541 4874 145 139 Polača 0 541 4874
567 5048 73 66 Pisarovina 0 567 5048
586 5119 68 61 Ivanec 0 586 5119
481 5000 140 100 Bribir 0 481 5000
618 5146 67 77 Podturen 0 618 5146
318 5005 69 53 Cerna 0 318 5005
