326
740 4207 102 76 Athens 0 740 4207
663 4500 77 112 Thessaloníki 0 663 4500
731 4204 141 69 Piraeus 0 731 4204
564 4233 105 149 Pátra 0 564 4233
330 3912 58 101 Irákleio 0 330 3912
621 4388 149 104 Lárisa 0 621 4388
670 4360 124 96 Áno_Vólos 0 670 4360
487 4390 58 113 Ioánnina 0 487 4390
230 3933 133 124 Chaniá 0 230 3933
535 4274 144 126 Agrínio 0 535 4274
727 4260 123 54 Chalkída 0 727 4260
595 4102 82 72 Kalámi 0 595 4102
281 4535 62 145 Kavála 0 281 4535
609 4032 57 124 Ródos 0 609 4032
713 4551 145 150 Sérres 0 713 4551
628 4458 135 150 Kateríni 0 628 4458
405 4522 75 141 Alexandroúpoli 0 405 4522
322 4555 125 111 Xánthi 0 322 4555
624 4306 150 95 Lamía 0 624 4306
366 4553 118 140 Komotiní 0 366 4553
407 4386 73 125 Kérkyra 0 407 4386
461 4329 104 71 Mytilíni 0 461 4329
621 4152 133 78 Trípoli 0 621 4152
424 4247 70 101 Chíos 0 424 4247
538 4169 144 120 Pýrgos 0 538 4169
525 4082 114 123 Kos 0 525 4082
627 4104 137 97 Spárti 0 627 4104
317 4146 60 84 Ermoúpoli 0 317 4146
418 3896 54 120 Siteía 0 418 3896
707 4472 61 80 Polýgyros 0 707 4472
600 4140 64 68 Megalópoli 0 600 4140
745 4209 93 79 Cholargós 0 745 4209
590 4498 62 61 Náousa 0 590 4498
383 3894 89 115 Ágios_Nikólaos 0 383 3894
489 4374 141 55 Agía_Kyriakí 0 489 4374
717 4153 136 125 Póros 0 717 4153
737 4201 121 125 Palaió_Fáliro 0 737 4201
744 3901 105 106 Palaióchora 0 744 3901
748 4215 138 56 Melíssia 0 748 4215
487 4112 52 52 Agía_Marína 0 487 4112
346 4065 56 137 Íos 0 346 4065
727 4456 73 134 Níkiti 0 727 4456
737 4212 87 60 Ílion 0 737 4212
233 3858 125 112 Kastrí 0 233 3858
273 4210 67 84 Kárystos 0 273 4210
335 3898 70 60 Pezá 0 335 3898
598 4099 105 139 Kalamáta 0 598 4099
475 4246 70 69 Itháki 0 475 4246
511 4051 50 85 Mandráki 0 511 4051
727 4215 99 122 Asprópyrgos 0 727 4215
760 3934 64 87 Geráni 0 760 3934
290 4571 131 79 Paranésti 0 290 4571
498 4089 70 150 Kálymnos 0 498 4089
559 4122 143 122 Kyparissía 0 559 4122
741 4204 51 104 Výronas 0 741 4204
291 3916 77 103 Pérama 0 291 3916
726 4205 134 83 Pérama 0 726 4205
743 4206 144 64 Zográfos 0 743 4206
269 4069 142 51 Mílos 0 269 4069
671 4490 138 123 Thérmi 0 671 4490
514 4344 98 92 Áno_Kalentíni 0 514 4344
683 4249 100 104 Alíartos 0 683 4249
683 4163 69 101 Asklipieío 0 683 4163
437 4372 86 99 Igoumenítsa 0 437 4372
594 4354 57 137 Sofádes 0 594 4354
348 3897 55 86 Kastélli 0 348 3897
347 4554 128 134 Íasmos 0 347 4554
756 4205 66 129 Spáta 0 756 4205
521 4478 131 103 Árgos_Orestikó 0 521 4478
455 4225 78 138 Argostóli 0 455 4225
474 4297 128 143 Lefkáda 0 474 4297
738 4203 137 75 Néa_Smýrni 0 738 4203
705 4207 106 65 Mégara 0 705 4207
673 4280 88 50 Atalánti 0 673 4280
622 4498 114 123 Alexándreia 0 622 4498
739 4203 141 116 Dáfni 0 739 4203
507 4265 66 144 Astakós 0 507 4265
362 3896 98 129 Tzermiádo 0 362 3896
646 4187 97 117 Neméa 0 646 4187
657 4539 53 110 Kilkís 0 657 4539
597 4209 108 53 Kalávryta 0 597 4209
384 3874 120 104 Ierápetra 0 384 3874
744 4475 64 132 Ierissós 0 744 4475
460 4595 72 74 Orestiáda 0 460 4595
655 4293 149 90 Kaména_Voúrla 0 655 4293
597 4513 76 77 Skýdra 0 597 4513
652 4166 95 55 Árgos 0 652 4166
736 4210 56 102 Peristéri 0 736 4210
630 4484 69 75 Aigínio 0 630 4484
746 4215 108 132 Maroúsi 0 746 4215
503 4335 122 147 Péta 0 503 4335
665 4501 82 118 Sykiés 0 665 4501
737 4546 50 82 Néa_Zíchni 0 737 4546
619 4516 107 86 Giannitsá 0 619 4516
557 4364 133 135 Mouzáki 0 557 4364
650 4360 144 150 Velestíno 0 650 4360
562 4085 103 92 Pýlos 0 562 4085
548 4221 51 79 Káto_Achaḯa 0 548 4221
748 4213 121 124 Vrilíssia 0 748 4213
716 4152 52 65 Galatás 0 716 4152
478 4432 145 66 Kónitsa 0 478 4432
568 4217 147 98 Chalandrítsa 0 568 4217
569 4419 73 105 Deskáti 0 569 4419
735 3926 141 57 Vrýses 0 735 3926
332 4062 101 95 Síkinos 0 332 4062
747 4218 94 55 Kifisiá 0 747 4218
718 4205 96 91 Salamína 0 718 4205
691 4126 64 130 Spétses 0 691 4126
335 4105 106 88 Páros 0 335 4105
714 4338 58 132 Skiáthos 0 714 4338
385 4553 147 69 Fillýra 0 385 4553
557 4504 137 86 Amýntaio 0 557 4504
241 4255 74 105 Alivéri 0 241 4255
700 4567 76 95 Sidirókastro 0 700 4567
741 4213 78 112 Néa_Ionía 0 741 4213
437 4163 79 51 Ágios_Kírykos 0 437 4163
390 4542 88 79 Sápes 0 390 4542
750 4534 144 83 Rodolívos 0 750 4534
632 4539 65 107 Polýkastro 0 632 4539
489 4339 61 108 Filippiáda 0 489 4339
743 4215 115 140 Irákleio 0 743 4215
691 4561 95 78 Irákleia 0 691 4561
702 4243 72 94 Thebes 0 702 4243
759 4227 117 99 Marathónas 0 759 4227
324 3910 138 139 Gázi 0 324 3910
277 4114 68 86 Sérifos 0 277 4114
669 4200 123 52 Kórinthos 0 669 4200
628 4439 117 77 Litóchoro 0 628 4439
662 4502 61 59 Ampelókipoi 0 662 4502
673 4204 68 110 Loutráki 0 673 4204
738 4199 76 149 Álimos 0 738 4199
664 4493 133 109 Kalamariá 0 664 4493
514 4301 103 137 Amfilochía 0 514 4301
719 4217 70 65 Mándra 0 719 4217
490 4181 84 99 Zákynthos 0 490 4181
497 4178 115 83 Sámos 0 497 4178
659 4159 116 57 Náfplio 0 659 4159
314 4055 134 138 Folégandros 0 314 4055
601 4416 77 105 Elassóna 0 601 4416
740 4218 89 131 Acharnés 0 740 4218
597 4307 119 109 Spercheiáda 0 597 4307
515 4402 113 55 Métsovo 0 515 4402
327 4378 95 86 Ágios_Efstrátios 0 327 4378
318 4189 96 105 Ándros 0 318 4189
593 4368 88 119 Palamás 0 593 4368
643 4215 72 124 Xylókastro 0 643 4215
686 4313 102 112 Istiaía 0 686 4313
531 4034 135 86 Megálo_Chorió 0 531 4034
530 4183 62 83 Amaliáda 0 530 4183
743 4210 51 114 Psychikó 0 743 4210
566 4378 75 97 Tríkala 0 566 4378
314 4539 81 116 Évlalo 0 314 4539
661 4503 83 139 Évosmos 0 661 4503
664 4115 120 124 Leonídio 0 664 4115
343 3910 63 79 Goúrnes 0 343 3910
645 4254 63 148 Dístomo 0 645 4254
750 4204 120 81 Paianía 0 750 4204
605 4265 150 63 Lidoríki 0 605 4265
745 4337 95 70 Alónnisos 0 745 4337
374 4266 70 135 Psará 0 374 4266
260 4559 74 140 Dráma 0 260 4559
749 4562 57 119 Prosotsáni 0 749 4562
735 4333 145 146 Skópelos 0 735 4333
733 4210 130 134 Chaïdári 0 733 4210
329 4101 126 145 Antíparos 0 329 4101
744 4215 72 98 Péfki 0 744 4215
691 4139 68 132 Kranídi 0 691 4139
478 4311 108 60 Préveza 0 478 4311
739 4580 105 59 Káto_Nevrokópi 0 739 4580
642 4216 72 134 Zevgolatió 0 642 4216
555 4166 105 122 Archaía_Olympía 0 555 4166
730 4273 127 116 Psachná 0 730 4273
546 4456 65 106 Siátista 0 546 4456
317 4146 92 66 Áno_Sýros 0 317 4146
313 3881 63 113 Ágioi_Déka 0 313 3881
667 4359 114 121 Vólos 0 667 4359
732 4207 83 78 Korydallós 0 732 4207
740 4214 129 119 Néa_Filadélfeia 0 740 4214
268 4532 107 61 Eleftheroúpoli 0 268 4532
678 4002 102 110 Kýthira 0 678 4002
322 4566 74 84 Smínthi 0 322 4566
737 4218 113 88 Áno_Liósia 0 737 4218
236 4212 81 140 Rafína 0 236 4212
757 4192 78 67 Kalývia_Thorikoú 0 757 4192
722 4548 96 57 Chrysó 0 722 4548
750 4211 128 59 Gérakas 0 750 4211
588 4517 59 142 Édessa 0 588 4517
572 4249 51 96 Náfpaktos 0 572 4249
239 3899 117 129 Chóra_Sfakíon 0 239 3899
283 4074 87 56 Kímolos 0 283 4074
741 4201 118 54 Ilioúpoli 0 741 4201
555 4317 102 50 Kerasochóri 0 555 4317
355 4107 68 77 Náxos 0 355 4107
591 4161 146 142 Dimitsána 0 591 4161
505 4473 88 111 Nestório 0 505 4473
742 4216 105 133 Metamórfosi 0 742 4216
735 4204 68 137 Moscháto 0 735 4204
554 4160 107 136 Kréstena 0 554 4160
508 4374 105 147 Prámanta 0 508 4374
701 4293 68 137 Límni 0 701 4293
586 4120 142 100 Meligalás 0 586 4120
307 3907 75 77 Anógeia 0 307 3907
458 4368 65 117 Paramythiá 0 458 4368
663 4484 68 56 Peraía 0 663 4484
742 4205 133 78 Kaisarianí 0 742 4205
479 4127 67 85 Leipsoí 0 479 4127
619 4350 111 116 Fársala 0 619 4350
266 4168 88 122 Kéa 0 266 4168
539 4355 57 128 Anthiró 0 539 4355
735 4208 80 125 Aigáleo 0 735 4208
674 4513 80 53 Lagkadás 0 674 4513
482 4395 142 66 Eleoúsa 0 482 4395
389 4023 66 98 Anáfi 0 389 4023
691 4344 137 143 Argalastí 0 691 4344
663 4255 98 133 Livadeiá 0 663 4255
465 4342 65 52 Kanaláki 0 465 4342
288 4309 92 69 Skýros 0 288 4309
627 4407 110 54 Makrychóri 0 627 4407
718 4136 96 143 Ýdra 0 718 4136
458 4577 111 57 Didymóteicho 0 458 4577
522 4485 65 97 Kastoriá 0 522 4485
306 4516 132 80 Thásos 0 306 4516
569 4307 85 126 Karpenísi 0 569 4307
553 4367 117 119 Pýli 0 553 4367
680 4368 149 73 Zagorá 0 680 4368
591 4382 144 104 Farkadóna 0 591 4382
579 4357 78 96 Kardítsa 0 579 4357
493 3919 82 81 Frý 0 493 3919
714 4180 131 141 Aígina 0 714 4180
523 4198 122 75 Lechainá 0 523 4198
744 4253 131 106 Erétria 0 744 4253
723 4213 134 67 Elefsína 0 723 4213
653 4208 61 61 Kiáto 0 653 4208
522 4189 53 112 Gastoúni 0 522 4189
649 4274 60 101 Káto_Tithoréa 0 649 4274
739 4212 123 121 Ágioi_Anárgyroi 0 739 4212
275 3899 150 94 Spíli 0 275 3899
401 4076 124 73 Amorgós 0 401 4076
650 4398 84 141 Agiá 0 650 4398
284 3903 59 121 Agía_Foteiní 0 284 3903
558 4269 142 62 Thérmo 0 558 4269
740 4242 102 51 Oropós 0 740 4242
752 4198 108 72 Koropí 0 752 4198
432 4263 63 60 Oinoússes 0 432 4263
564 4356 99 128 Morfovoúni 0 564 4356
671 4494 82 135 Panórama 0 671 4494
661 4510 58 149 Oraiókastro 0 661 4510
567 4461 55 149 Kozáni 0 567 4461
677 4042 148 84 Elafónisos 0 677 4042
536 4437 99 60 Grevená 0 536 4437
648 4079 88 137 Skála 0 648 4079
498 4334 117 126 Árta 0 498 4334
705 4435 53 51 Kassándreia 0 705 4435
553 4395 135 50 Kalampáka 0 553 4395
263 4548 63 101 Kalampáki 0 263 4548
574 4052 148 118 Sými 0 574 4052
672 4262 139 110 Orchomenós 0 672 4262
519 3929 73 89 Kárpathos 0 519 3929
725 4247 58 128 Schimatári 0 725 4247
306 4539 96 145 Chrysoúpoli 0 306 4539
743 4192 88 67 Voúla 0 743 4192
440 4383 90 73 Filiátes 0 440 4383
585 4448 101 130 Sérvia 0 585 4448
337 4156 94 115 Tínos 0 337 4156
610 4399 60 109 Týrnavos 0 610 4399
633 4515 103 72 Koufália 0 633 4515
374 4481 71 115 Samothráki 0 374 4481
476 4408 122 108 Asprángeloi 0 476 4408
741 4198 142 96 Argyroúpoli 0 741 4198
748 4211 72 82 Agía_Paraskeví 0 748 4211
594 4234 112 125 Aígio 0 594 4234
739 4202 124 70 Ágios_Dimítrios 0 739 4202
741 4210 67 88 Galátsi 0 741 4210
442 4044 127 150 Astypálaia 0 442 4044
620 4265 107 114 Ámfissa 0 620 4265
639 4069 84 103 Gýtheio 0 639 4069
733 4003 106 150 Megísti 0 733 4003
328 4547 77 63 Geniséa 0 328 4547
757 4196 83 84 Markópoulo 0 757 4196
663 4503 112 103 Stavroúpoli 0 663 4503
557 4148 66 111 Zacháro 0 557 4148
733 4207 109 94 Agía_Varvára 0 733 4207
497 4145 99 88 Megálo_Chorió 0 497 4145
601 4486 95 131 Véroia 0 601 4486
665 4074 89 68 Moláoi 0 665 4074
352 4146 54 115 Mýkonos 0 352 4146
297 4094 114 147 Apollonía 0 297 4094
270 3916 90 89 Réthymno 0 270 3916
745 4211 66 105 Chalándri 0 745 4211
429 4338 86 63 Gáios 0 429 4338
537 4247 114 106 Mesolóngi 0 537 4247
534 4514 148 71 Flórina 0 534 4514
639 4308 102 69 Stylída 0 639 4308
511 4520 90 90 Laimós 0 511 4520
306 3880 144 124 Moíres 0 306 3880
737 4204 119 61 Kallithéa 0 737 4204
441 4560 98 72 Souflí 0 441 4560
589 4101 73 66 Messíni 0 589 4101
359 4031 124 62 Firá 0 359 4031
459 4129 76 77 Pátmos 0 459 4129
240 4178 93 57 Lávrio 0 240 4178
467 4415 135 129 Kalpáki 0 467 4415
612 4331 84 69 Domokós 0 612 4331
728 4504 87 134 Stavrós 0 728 4504
706 4176 55 73 Agkístri 0 706 4176
515 4358 51 61 Vourgaréli 0 515 4358
730 4205 121 98 Keratsíni 0 730 4205
454 4158 73 100 Foúrnoi 0 454 4158
272 4144 118 53 Kýthnos 0 272 4144
334 4416 71 119 Mýrina 0 334 4416
625 4380 104 133 Níkaia 0 625 4380
750 4225 83 121 Ágios_Stéfanos 0 750 4225
694 4457 132 58 Néa_Moudaniá 0 694 4457
609 4083 146 128 Kardamýli 0 609 4083
735 4213 134 140 Petroúpoli 0 735 4213
589 4536 83 113 Aridaía 0 589 4536
490 4307 95 120 Vónitsa 0 490 4307
652 4503 91 57 Síndos 0 652 4503
740 3931 98 76 Kíssamos 0 740 3931
651 4338 61 62 Almyrós 0 651 4338
554 4008 57 134 Chálki 0 554 4008
557 4484 53 97 Ptolemaḯda 0 557 4484
731 4206 68 150 Níkaia 0 731 4206
710 4531 88 147 Nigríta 0 710 4531
354 3880 78 98 Áno_Viánnos 0 354 3880
742 4194 67 83 Glyfáda 0 742 4194
