35
641 1051 62 89 Conakry 0 641 1051
375 946 148 87 Guéckédou 0 375 946
519 856 71 51 Nzérékoré 0 519 856
796 1252 148 135 Labé 0 796 1252
735 1113 86 64 Kindia 0 735 1113
576 1208 89 133 Boké 0 576 1208
467 1147 135 75 Kankan 0 467 1147
819 1149 148 125 Mamou 0 819 1149
379 1015 61 76 Kissidougou 0 379 1015
481 1262 64 76 Siguiri 0 481 1262
448 944 67 111 Macenta 0 448 944
543 1179 140 93 Kamsar 0 543 1179
714 1205 72 122 Télimélé 0 714 1205
207 1267 50 78 Tougué 0 207 1267
660 1155 61 76 Fria 0 660 1155
784 1226 52 108 Pita 0 784 1226
310 1109 95 111 Faranah 0 310 1109
498 1024 142 72 Kérouané 0 498 1024
403 1177 77 100 Kouroussa 0 403 1177
684 1380 99 145 Koundara 0 684 1380
540 959 144 108 Beyla 0 540 959
268 1189 63 132 Dabola 0 268 1189
709 1043 76 108 Forécariah 0 709 1043
696 1299 86 69 Gaoual 0 696 1299
800 1184 70 136 Dalaba 0 800 1184
312 1249 78 149 Dinguiraye 0 312 1249
794 1336 51 61 Mali 0 794 1336
470 835 125 66 Yomou 0 470 835
605 1123 70 87 Boffa 0 605 1123
183 1282 59 95 Koubia 0 183 1282
678 1073 140 143 Coyah 0 678 1073
534 1175 73 66 Mandiana 0 534 1175
551 862 149 51 Lola 0 551 862
725 1237 129 97 Lélouma 0 725 1237
661 1082 91 144 Dubréka 0 661 1082
