177
355 5262 146 81 Budapest 0 355 5262
483 5327 66 73 Miskolc 0 483 5327
547 5264 56 133 Debrecen 0 547 5264
435 5122 69 53 Szeged 0 435 5122
286 5106 150 86 Pécs 0 286 5106
553 5310 99 52 Nyíregyháza 0 553 5310
303 5230 126 72 Székesfehérvár 0 303 5230
697 5284 136 74 Győr 0 697 5284
407 5194 58 78 Kecskemét 0 407 5194
622 5232 115 112 Szombathely 0 622 5232
439 5225 139 129 Szolnok 0 439 5225
715 5138 61 85 Kaposvár 0 715 5138
306 5269 88 141 Horváttanya 0 306 5269
507 5169 134 135 Békéscsaba 0 507 5169
720 5219 80 111 Veszprém 0 720 5219
640 5189 137 125 Zalaegerszeg 0 640 5189
453 5305 100 100 Eger 0 453 5305
411 5328 126 131 Salgótarján 0 411 5328
359 5293 60 76 Vác 0 359 5293
323 5135 125 148 Szekszárd 0 323 5135
512 5208 58 69 Szeghalom 0 512 5208
682 5122 142 149 Nagyatád 0 682 5122
529 5177 73 147 Sarkad 0 529 5177
560 5324 127 98 Kemecse 0 560 5324
480 5349 96 130 Edelény 0 480 5349
371 5128 144 133 Jánoshalma 0 371 5128
329 5143 119 81 Tolna 0 329 5143
343 5275 108 139 Pilisvörösvár 0 343 5275
277 5126 114 107 Sásd 0 277 5126
279 5139 96 137 Dombóvár 0 279 5139
531 5329 136 141 Tokaj 0 531 5329
452 5322 126 85 Bélapátfalva 0 452 5322
431 5198 81 128 Tiszakécske 0 431 5198
613 5315 117 126 Fehérgyarmat 0 613 5315
690 5092 110 92 Barcs 0 690 5092
510 5179 60 94 Békés 0 510 5179
322 5261 136 114 Bicske 0 322 5261
625 5299 79 87 Csenger 0 625 5299
568 5283 120 130 Nyíradony 0 568 5283
584 5298 115 145 Nyírbátor 0 584 5298
482 5273 57 141 Tiszafüred 0 482 5273
405 5252 103 148 Nagykáta 0 405 5252
443 5167 83 84 Szentes 0 443 5167
445 5187 84 127 Kunszentmárton 0 445 5187
686 5244 106 117 Pápa 0 686 5244
290 5201 60 145 Enying 0 290 5201
563 5302 60 122 Nagykálló 0 563 5302
342 5115 132 104 Baja 0 342 5115
598 5312 82 93 Mátészalka 0 598 5312
717 5103 114 84 Szigetvár 0 717 5103
688 5265 81 124 Tét 0 688 5265
508 5240 62 61 Püspökladány 0 508 5240
342 5251 127 136 Érd 0 342 5251
307 5093 50 150 Bóly 0 307 5093
333 5242 112 72 Martonvásár 0 333 5242
548 5360 66 81 Sátoraljaújhely 0 548 5360
434 5173 117 117 Csongrád 0 434 5173
403 5149 135 65 Kiskunmajsa 0 403 5149
383 5143 97 121 Kiskunhalas 0 383 5143
418 5261 67 96 Jászberény 0 418 5261
685 5194 139 108 Tapolca 0 685 5194
472 5344 92 108 Kazincbarcika 0 472 5344
651 5153 101 139 Nagykanizsa 0 651 5153
290 5081 51 141 Siklós 0 290 5081
446 5272 70 136 Heves 0 446 5272
550 5281 77 94 Hajdúhadház 0 550 5281
616 5249 71 56 Kőszeg 0 616 5249
600 5200 64 93 Szentgotthárd 0 600 5200
342 5205 106 86 Dunaújváros 0 342 5205
465 5190 71 122 Szarvas 0 465 5190
632 5143 96 72 Letenye 0 632 5143
421 5147 70 116 Kistelek 0 421 5147
552 5330 84 60 Ibrány 0 552 5330
597 5331 140 84 Vásárosnamény 0 597 5331
387 5278 124 101 Aszód 0 387 5278
297 5262 119 53 Oroszlány 0 297 5262
580 5316 53 66 Baktalórántháza 0 580 5316
336 5165 71 143 Paks 0 336 5165
620 5282 54 79 Sopron 0 620 5282
320 5095 147 124 Mohács 0 320 5095
495 5338 148 53 Szikszó 0 495 5338
468 5296 89 100 Mezőkövesd 0 468 5296
493 5138 133 116 Mezőkovácsháza 0 493 5138
344 5225 92 55 Ráckeve 0 344 5225
275 5198 121 96 Siófok 0 275 5198
303 5273 128 85 Tatabánya 0 303 5273
494 5240 116 71 Karcag 0 494 5240
717 5238 116 111 Zirc 0 717 5238
538 5279 77 120 Hajdúböszörmény 0 538 5279
718 5204 144 65 Balatonfüred 0 718 5204
288 5118 140 107 Komló 0 288 5118
298 5281 76 103 Tata 0 298 5281
652 5272 137 140 Kapuvár 0 652 5272
318 5195 135 100 Sárbogárd 0 318 5195
472 5245 69 144 Kunhegyes 0 472 5245
360 5277 124 59 Dunakeszi 0 360 5277
382 5245 122 68 Monor 0 382 5245
273 5179 113 148 Tab 0 273 5179
389 5326 144 147 Szécsény 0 389 5326
376 5272 69 132 Gödöllő 0 376 5272
309 5130 82 57 Bonyhád 0 309 5130
448 5340 77 73 Ózd 0 448 5340
696 5181 136 128 Fonyód 0 696 5181
515 5334 82 72 Szerencs 0 515 5334
419 5292 65 78 Gyöngyös 0 419 5292
520 5368 114 109 Gönc 0 520 5368
684 5219 130 138 Devecser 0 684 5219
509 5353 78 132 Encs 0 509 5353
658 5201 125 75 Zalaszentgrót 0 658 5201
493 5295 141 52 Mezőcsát 0 493 5295
352 5245 115 145 Szigetszentmiklós 0 352 5245
684 5161 63 103 Marcali 0 684 5161
365 5249 50 110 Gyál 0 365 5249
370 5251 93 105 Vecsés 0 370 5251
340 5298 71 101 Szob 0 340 5298
321 5231 136 120 Gárdony 0 321 5231
541 5229 71 103 Berettyóújfalu 0 541 5229
360 5309 73 73 Rétság 0 360 5309
637 5212 98 73 Vasvár 0 637 5212
301 5115 131 90 Pécsvárad 0 301 5115
487 5197 133 60 Gyomaendrőd 0 487 5197
661 5124 141 71 Csurgó 0 661 5124
580 5340 78 146 Kisvárda 0 580 5340
707 5269 133 102 Pannonhalma 0 707 5269
402 5308 98 77 Pásztó 0 402 5308
460 5118 99 102 Makó 0 460 5118
617 5164 118 110 Lenti 0 617 5164
288 5250 53 54 Mór 0 288 5250
414 5118 145 56 Mórahalom 0 414 5118
448 5140 122 62 Hódmezővásárhely 0 448 5140
411 5173 124 142 Kiskunfélegyháza 0 411 5173
526 5312 134 124 Tiszavasvári 0 526 5312
283 5231 66 76 Várpalota 0 283 5231
669 5275 122 119 Csorna 0 669 5275
354 5280 130 125 Szentendre 0 354 5280
720 5083 74 150 Sellye 0 720 5083
521 5166 123 134 Gyula 0 521 5166
506 5308 126 76 Tiszaújváros 0 506 5308
371 5109 81 89 Bácsalmás 0 371 5109
456 5288 71 137 Füzesabony 0 456 5288
566 5345 78 64 Cigánd 0 566 5345
472 5205 109 127 Mezőtúr 0 472 5205
409 5225 126 138 Cegléd 0 409 5225
343 5264 113 85 Budakeszi 0 343 5264
669 5304 150 144 Mosonmagyaróvár 0 669 5304
357 5209 79 75 Kunszentmiklós 0 357 5209
530 5255 113 69 Hajdúszoboszló 0 530 5255
698 5141 51 84 Eger 0 698 5141
621 5208 127 144 Körmend 0 621 5208
373 5325 142 90 Balassagyarmat 0 373 5325
372 5227 115 64 Dabas 0 372 5227
694 5219 81 100 Ajka 0 694 5219
542 5352 87 85 Sárospatak 0 542 5352
457 5349 139 142 Putnok 0 457 5349
673 5205 59 150 Sümeg 0 673 5205
662 5235 81 58 Celldömölk 0 662 5235
413 5313 66 115 Bátonyterenye 0 413 5313
273 5213 56 140 Balatonalmádi 0 273 5213
532 5299 97 138 Hajdúnánás 0 532 5299
731 5102 92 131 Szentlőrinc 0 731 5102
330 5295 66 64 Esztergom 0 330 5295
671 5181 90 74 Keszthely 0 671 5181
646 5235 65 72 Sárvár 0 646 5235
474 5157 98 67 Orosháza 0 474 5157
542 5244 65 74 Derecske 0 542 5244
284 5291 110 116 Komárom 0 284 5291
292 5168 97 129 Tamási 0 292 5168
368 5164 132 54 Kiskőrös 0 368 5164
276 5265 144 108 Kisbér 0 276 5265
401 5280 138 109 Hatvan 0 401 5280
407 5209 126 99 Nagykőrös 0 407 5209
455 5225 146 136 Törökszentmiklós 0 455 5225
526 5273 97 128 Balmazújváros 0 526 5273
587 5362 109 124 Záhony 0 587 5362
295 5215 74 64 Polgárdi 0 295 5215
345 5154 91 60 Kalocsa 0 345 5154
432 5318 74 77 Pétervására 0 432 5318
