90
777 3538 95 142 Amman 0 777 3538
225 3552 123 112 Az_Zarqā’ 0 225 3552
767 3605 50 134 Irbid 0 767 3605
757 3548 50 112 As_Salţ 0 757 3548
757 3453 65 90 Al_Karak 0 757 3453
237 3581 59 67 Al_Mafraq 0 237 3581
763 3343 123 114 Ma‘ān 0 763 3343
749 3414 60 138 Aţ_Ţafīlah 0 749 3414
425 3596 110 121 Ar_Ruwayshid 0 425 3596
219 3546 61 56 Ar_Ruşayfah 0 219 3546
780 3510 133 106 Al_Jīzah 0 780 3510
773 3545 61 115 Al_Jubayhah 0 773 3545
723 3299 149 149 Al_Quwayrah 0 723 3299
754 3540 52 63 Yarqā 0 754 3540
761 3467 65 143 Al_Qaşr 0 761 3467
713 3345 79 139 Ar_Rīshah 0 713 3345
763 3477 70 53 Al_Mughayyir 0 763 3477
759 3580 80 80 ‘Ajlūn 0 759 3580
777 3531 123 149 Al_Juwayyidah 0 777 3531
225 3570 111 130 Bal‘amā 0 225 3570
743 3282 97 132 Ad_Dīsah 0 743 3282
743 3332 116 87 Al_Murayghah 0 743 3332
764 3512 67 81 Ma’dabā 0 764 3512
747 3531 115 150 Ash_Shūnah_al_Janūbīyah 0 747 3531
755 3603 54 65 Aţ_Ţayyibah 0 755 3603
783 3542 118 123 Mārkā 0 783 3542
767 3550 135 139 ‘Ayn_al_Bāshā 0 767 3550
261 3572 146 51 Muthallath_Şabḩā 0 261 3572
784 3413 133 101 Al_Ḩasā 0 784 3413
228 3558 131 65 Al_Hāshimīyah 0 228 3558
766 3521 99 109 Ḩisbān 0 766 3521
764 3517 149 91 Juraynah 0 764 3517
749 3358 69 75 Adhruḩ 0 749 3358
216 3529 73 111 Saḩāb 0 216 3529
766 3497 126 62 Mulayḩ 0 766 3497
771 3597 53 116 Al_Ḩişn 0 771 3597
769 3564 117 73 Al_Maşţabah 0 769 3564
757 3587 111 72 ‘Irjān 0 757 3587
240 3595 83 150 Samā_as_Sirḩān 0 240 3595
226 3523 77 125 Al_Muwaqqar 0 226 3523
226 3580 83 55 Irḩāb 0 226 3580
227 3594 71 142 Ḩawshā 0 227 3594
245 3563 125 63 Al_Khālidīyah 0 245 3563
239 3582 88 99 Muthallath_Jāmi‘at_Āl_al_Bayt 0 239 3582
293 3523 95 146 Muthallath_al_Azraq 0 293 3523
754 3609 51 51 Kafr_Asad 0 754 3609
762 3544 68 132 Al_Fuḩayş 0 762 3544
739 3461 99 138 Ghawr_al_Mazra‘ah 0 739 3461
763 3596 122 91 Al_Mazār_ash_Shamālī 0 763 3596
757 3440 50 134 Al_Mazār_al_Janūbī 0 757 3440
276 3577 99 86 Umm_al_Qiţţayn 0 276 3577
747 3565 93 117 Dayr_‘Allā 0 747 3565
752 3598 108 51 Dayr_Abī_Sa‘īd 0 752 3598
219 3606 127 85 Ar_Ramthā 0 219 3606
746 3379 61 52 Ash_Shawbak 0 746 3379
757 3473 121 69 Fuqū‘ 0 757 3473
216 3526 138 101 Rujm_ash_Shāmī_al_Gharbī 0 216 3526
777 3490 80 111 Umm_ar_Raşāş 0 777 3490
218 3461 57 88 Al_Qaţrānah 0 218 3461
752 3447 142 52 ‘Ayy 0 752 3447
745 3612 100 114 Ash_Shūnah_ash_Shamālīyah 0 745 3612
762 3515 56 76 Al_Fayşalīyah 0 762 3515
754 3576 128 94 Kufrinjah 0 754 3576
767 3585 59 90 Şakhrah 0 767 3585
758 3556 120 101 ‘Allān 0 758 3556
737 3436 137 125 Ghawr_aş_Şāfī 0 737 3436
773 3575 106 121 Jarash 0 773 3575
768 3388 98 128 Al_Ḩusaynīyah 0 768 3388
779 3555 72 118 Bīrayn 0 779 3555
774 3540 149 121 Al_‘Abdallī 0 774 3540
225 3585 78 131 Manshīyat_Banī_Ḩasan 0 225 3585
767 3529 51 100 Nā‘ūr 0 767 3529
252 3579 112 140 Umm_al_Jimāl 0 252 3579
758 3508 125 118 Mā‘īn 0 758 3508
264 3579 91 114 Şabḩā 0 264 3579
296 3573 106 147 Dayr_al_Kahf 0 296 3573
765 3614 91 89 Sammā_ar_Rawsān 0 765 3614
772 3524 94 68 Umm_al_Basātīn 0 772 3524
759 3435 78 138 Al_Ḩusaynīyah 0 759 3435
752 3494 68 126 Al_‘Arīḑ 0 752 3494
762 3568 148 117 Burmā 0 762 3568
749 3402 89 100 Buşayrā 0 749 3402
755 3560 128 50 Aş_Şubayḩī 0 755 3560
766 3538 141 74 Wādī_as_Sīr 0 766 3538
738 3356 109 127 Wādī_Mūsá 0 738 3356
764 3488 149 111 Dhībān 0 764 3488
243 3557 72 120 Az̧_Z̧ulayl 0 243 3557
228 3357 133 57 Al_Jafr 0 228 3357
744 3344 51 82 Ayl 0 744 3344
694 3268 62 52 Al_‘Aqabah 0 694 3268
