92
656 4791 127 83 Almaty 0 656 4791
549 4683 150 70 Shymkent 0 549 4683
363 5518 65 74 Qaraghandy 0 363 5518
693 4752 143 70 Taraz 0 693 4752
671 5671 87 119 Astana 0 671 5671
634 5794 88 123 Pavlodar 0 634 5794
614 5536 66 115 Öskemen 0 614 5536
447 5586 147 93 Semey 0 447 5586
697 4969 133 82 Qyzylorda 0 697 4969
513 5572 91 63 Aqtöbe 0 513 5572
542 5896 102 93 Qostanay 0 542 5896
509 6079 72 64 Petropavl 0 509 6079
525 5675 142 91 Oral 0 525 5675
567 5218 137 103 Atyraū 0 567 5218
354 5546 97 88 Temirtaū 0 354 5546
526 5903 61 71 Kökshetaū 0 526 5903
522 5730 145 94 Ekibastuz 0 522 5730
507 5869 54 63 Rudnyy 0 507 5869
407 5292 83 79 Zhezqazghan 0 407 5292
436 4794 143 82 Türkistan 0 436 4794
293 4988 103 114 Taldyqorghan 0 293 4988
499 5188 106 82 Balkhash 0 499 5188
415 5029 62 64 Sarqan 0 415 5029
459 4818 107 125 Kentaū 0 459 4818
678 5579 147 52 Ridder 0 678 5579
351 5568 86 77 Arqalyq 0 351 5568
303 5511 149 135 Zyryanovsk 0 303 5511
376 5783 140 59 Zhitiqara 0 376 5783
457 5312 77 147 Ayagöz 0 457 5312
484 4697 108 97 Arys 0 484 4697
399 4828 102 135 Shū 0 399 4828
666 4858 134 147 Qapshaghay 0 666 4858
619 4781 122 140 Qarataū 0 619 4781
273 5207 97 94 Qulsary 0 273 5207
420 4890 81 89 Zharkent 0 420 4890
455 5739 62 127 Atbasar 0 455 5739
697 4803 114 138 Esik 0 697 4803
639 5670 139 89 Aksay 0 639 5670
398 5183 106 131 Aral 0 398 5183
350 5005 105 110 Beyneu 0 350 5005
565 5212 50 58 Balyqshy 0 565 5212
319 4893 141 57 Shīeli 0 319 4893
523 5527 141 56 Alga 0 523 5527
530 5479 87 107 Oktyabr’sk 0 530 5479
694 5301 111 76 Shalqar 0 694 5301
564 5608 70 101 Shemonaīkha 0 564 5608
368 5720 56 145 Ereymentaū 0 368 5720
602 5567 82 131 Khromtaū 0 602 5567
573 4670 117 136 Lengir 0 573 4670
596 5832 127 95 Makīnsk 0 596 5832
355 4750 108 106 Oytal 0 355 4750
638 5322 101 127 Qarazhal 0 638 5322
650 4802 53 80 Boralday 0 650 4802
733 5015 55 52 Üshtöbe 0 733 5015
584 5037 59 101 Zhosaly 0 584 5037
694 5395 50 71 Atasū 0 694 5395
584 5409 103 58 Emba 0 584 5409
340 5259 77 146 Zaysan 0 340 5259
312 5664 90 53 Derzhavīnsk 0 312 5664
547 5215 97 92 Uryzhar 0 547 5215
673 5280 104 91 Maqat 0 673 5280
321 5759 101 128 Esil 0 321 5759
549 5966 147 58 Taiynsha 0 549 5966
313 4753 58 59 Qulan 0 313 4753
517 4820 132 145 Otar 0 517 4820
592 6085 147 66 Būlaevo 0 592 6085
341 5347 112 102 Aqadyr 0 341 5347
530 5909 78 145 Ertis 0 530 5909
503 5492 86 53 Shar 0 503 5492
543 5279 50 124 Makhambet 0 543 5279
646 4795 97 93 Zhangaözen 0 646 4795
701 5814 71 113 Aqsū 0 701 5814
633 5476 121 85 Zhänibek 0 633 5476
534 5473 60 76 Qarqaraly 0 534 5473
610 5812 65 69 Qusmuryn 0 610 5812
417 5393 141 86 Bayghanīn 0 417 5393
327 5603 136 131 Osakarovka 0 327 5603
370 5818 113 63 Bestöbe 0 370 5818
471 5838 97 79 Tobyl 0 471 5838
687 5735 51 65 Zholymbet 0 687 5735
324 5946 53 81 Kishkeneköl 0 324 5946
430 5068 88 62 Qazaly 0 430 5068
511 5560 117 104 Chapaev 0 511 5560
535 5498 129 56 Torghay 0 535 5498
441 4928 141 112 Fort-Shevchenko 0 441 4928
513 4833 68 106 Aqtaū 0 513 4833
393 5108 80 138 Saryshagan 0 393 5108
376 4821 74 131 Shongzhy 0 376 4821
665 5506 63 102 Serebryansk 0 665 5506
557 5720 140 73 Zhaltyr 0 557 5720
306 5819 51 147 Sharbaqty 0 306 5819
422 4976 134 89 Būrylbaytal 0 422 4976
