93
321 4163 114 134 Seoul 0 321 4163
503 3884 144 74 Busan 0 503 3884
299 4147 121 106 Incheon 0 299 4147
463 3969 89 68 Daegu 0 463 3969
354 4022 142 143 Yejŏng 0 354 4022
310 3892 54 57 Gwangju 0 310 3892
462 3895 96 118 Kumasan 0 462 3895
323 4129 120 142 Suwŏn 0 323 4129
528 3932 132 146 Ulsan 0 528 3932
334 4142 112 101 Song-mal 0 334 4142
309 4169 114 150 Goyang 0 309 4169
304 4152 118 74 Bucheon 0 304 4152
363 4055 115 74 Cheongju 0 363 4055
307 4132 90 60 Ansan 0 307 4132
332 3965 129 129 Jeonju 0 332 3965
532 3987 98 60 Pohang 0 532 3987
269 3710 133 107 Jeju 0 269 3710
384 3845 74 143 Yŏsu 0 384 3845
315 3979 150 104 Iksan 0 315 3979
260 3850 129 60 Tŏkho 0 260 3850
293 3983 147 120 Kunsan 0 293 3983
406 4134 139 83 Wŏnju 0 406 4134
386 4194 111 116 Sinchon 0 386 4194
490 4178 134 61 Kangnŭng 0 490 4178
519 3966 146 109 Kyŏngju 0 519 3966
475 4046 105 104 Andong 0 475 4046
460 4231 108 54 Seongcheon 0 460 4231
383 4088 107 115 Eumseong 0 383 4088
474 3866 70 112 Oepo 0 474 3866
341 4173 95 109 Onam 0 341 4173
388 4192 134 99 Chuncheon 0 388 4192
545 3962 57 64 Gampo 0 545 3962
519 3900 129 121 Gijang 0 519 3900
424 4237 143 83 Haean 0 424 4237
276 4182 121 83 Songhae 0 276 4182
464 4228 107 104 Sokcho 0 464 4228
449 3950 99 58 Hyeonpung 0 449 3950
343 4230 89 93 Cheorwon 0 343 4230
401 4172 119 113 Hongcheon 0 401 4172
549 3982 76 125 Guryongpo 0 549 3982
338 4009 79 68 Yeonsan 0 338 4009
334 4228 114 81 Sinseo 0 334 4228
416 4228 105 133 Dongmyeon 0 416 4228
533 4029 85 138 Yeongdeok 0 533 4029
278 4180 91 116 Ganghwa 0 278 4180
284 4177 105 108 Wolgot 0 284 4177
352 4174 101 75 Su-dong 0 352 4174
291 4177 106 106 Haseong 0 291 4177
358 4020 67 67 Daejeon 0 358 4020
272 4183 59 147 Hajeom 0 272 4183
408 4229 104 118 Bangsan 0 408 4229
503 3910 76 92 Yangsan 0 503 3910
461 4234 83 69 Toseong 0 461 4234
318 4176 86 63 Jangheung 0 318 4176
291 3878 144 96 Naju 0 291 3878
316 3881 82 103 Hwasun 0 316 3881
310 4183 101 146 Gwangtan 0 310 4183
260 4185 94 82 Gyodong 0 260 4185
360 4177 54 144 Cheongpyeong 0 360 4177
298 3908 132 53 Jangseong 0 298 3908
523 3998 57 112 Singwang 0 523 3998
451 4057 77 121 Yecheon 0 451 4057
316 3910 101 55 Damyang 0 316 3910
271 4186 78 111 Yangsa 0 271 4186
263 4176 139 103 Samsan 0 263 4176
386 4218 91 103 Hwacheon 0 386 4218
521 3902 114 101 Ilgwang 0 521 3902
531 3996 86 83 Heunghae 0 531 3996
278 4176 60 93 Seonwon 0 278 4176
452 3941 76 99 Daehap 0 452 3941
340 4177 100 82 Jinjeop 0 340 4177
537 3980 101 75 Ocheon 0 537 3980
428 4174 147 76 Seoseok 0 428 4174
313 4191 146 148 Beobwon 0 313 4191
346 4224 126 119 Gwanin 0 346 4224
530 4005 82 145 Cheongha 0 530 4005
387 4186 115 100 Sindong 0 387 4186
331 4218 58 81 Yeoncheon 0 331 4218
420 4065 148 130 Mungyeong 0 420 4065
319 3901 58 145 Changpyeong 0 319 3901
330 4210 75 74 Jeongok 0 330 4210
391 4189 125 74 Dongnae 0 391 4189
298 4166 63 141 Gimpo 0 298 4166
322 4188 107 63 Gwangjeok 0 322 4188
298 4186 101 50 Tanhyeon 0 298 4186
307 4189 66 146 Paju 0 307 4189
470 3898 72 103 Changwon 0 470 3898
317 3871 113 83 Hancheolli 0 317 3871
445 3983 60 128 Waegwan 0 445 3983
341 4195 65 61 Pocheon 0 341 4195
522 3907 120 87 Jangan 0 522 3907
288 4174 104 106 Tongjin 0 288 4174
507 3895 102 52 Dongnae 0 507 3895
