38
329 3640 84 70 Tripoli 0 329 3640
417 3553 138 133 Benghazi 0 417 3553
508 3582 97 92 Mişrātah 0 508 3582
780 3553 106 90 Tobruk 0 780 3553
430 3612 97 74 Al_Khums 0 430 3612
285 3627 133 116 Ḩārat_az_Zāwiyah 0 285 3627
227 3647 61 73 Zuwārah 0 227 3647
484 3594 69 67 Al_Marj 0 484 3594
313 3561 83 149 Gharyān 0 313 3561
425 3402 98 88 Ajdābiyā 0 425 3402
651 3453 115 85 Surt 0 651 3453
653 3626 132 56 Darnah 0 653 3626
443 2990 54 50 Sabhā 0 443 2990
687 3527 87 121 Nālūt 0 687 3527
404 3513 106 76 Banī_Walīd 0 404 3513
389 2865 127 68 Murzuq 0 389 2865
428 3047 110 81 Birāk 0 428 3047
579 3632 64 144 Shaḩḩāt 0 579 3632
308 3480 93 150 Mizdah 0 308 3480
618 2761 105 126 Ghāt 0 618 2761
731 2676 72 107 Al_Jawf 0 731 2676
592 3222 145 99 Hūn 0 592 3222
548 3333 131 147 Ghadāmis 0 548 3333
527 3219 77 140 Awjilah 0 527 3219
406 3503 51 62 Qamīnis 0 406 3503
326 3235 71 135 Marādah 0 326 3235
259 3292 149 143 Al_Jaghbūb 0 259 3292
446 2695 142 89 Tajarhī 0 446 2695
640 3337 143 136 Dirj 0 640 3337
578 2919 58 107 Tmassah 0 578 2919
500 3043 115 81 Umm_al_Aḩrār 0 500 3043
750 3160 80 106 Zillah 0 750 3160
328 3043 107 110 Idrī 0 328 3043
570 3625 68 53 Al_Bayḑā’ 0 570 3625
287 3626 106 78 Az_Zāwīyah 0 287 3626
313 3601 68 131 Al_‘Azīzīyah 0 313 3601
278 2943 84 69 Awbārī 0 278 2943
730 2674 79 77 Al_Kufrah 0 730 2674
