56
391 6060 140 96 Vilnius 0 391 6060
686 6087 120 50 Kaunas 0 686 6087
508 6173 85 113 Klaipėda 0 508 6173
642 6203 109 130 Vijoliai 0 642 6203
337 6182 148 134 Paežerys_I 0 337 6182
395 6019 61 148 Šalčininkai 0 395 6019
532 6236 118 109 Skuodas 0 532 6236
577 6204 100 139 Telšiai 0 577 6204
334 6179 82 133 Panevėžys 0 334 6179
446 6133 57 104 Ignalina 0 446 6133
504 6197 57 75 Palanga 0 504 6197
369 6101 107 62 Širvintos 0 369 6101
464 6161 150 104 Visaginas 0 464 6161
341 6010 95 61 Varėna 0 341 6010
557 6176 141 108 Rietavas 0 557 6176
634 6139 90 123 Raseiniai 0 634 6139
412 6202 104 66 Rokiškis 0 412 6202
644 6201 100 124 Šiauliai 0 644 6201
660 6069 90 143 Kazlų_Rūda 0 660 6069
582 6241 80 143 Mažeikiai 0 582 6241
621 6166 110 76 Kelmė 0 621 6166
662 6235 77 89 Joniškis 0 662 6235
360 6230 87 55 Biržai 0 360 6230
308 6054 107 62 Birštonas 0 308 6054
652 6048 88 95 Marijampolė 0 652 6048
373 6190 77 127 Kupiškis 0 373 6190
659 6187 135 141 Radviliškis 0 659 6187
515 6193 92 119 Kretinga 0 515 6193
612 6104 118 134 Jurbarkas 0 612 6104
581 6123 64 112 Tauragė 0 581 6123
644 6032 141 87 Kalvarija 0 644 6032
558 6110 58 52 Pagėgiai 0 558 6110
690 6058 100 81 Prienai 0 690 6058
446 6109 132 95 Švenčionys 0 446 6109
452 6176 88 73 Zarasai 0 452 6176
338 6216 148 65 Pasvalys 0 338 6216
663 6012 130 124 Lazdijai 0 663 6012
552 6196 112 135 Plungė 0 552 6196
688 6130 92 128 Kėdainiai 0 688 6130
530 6133 122 97 Šilutė 0 530 6133
695 5989 86 87 Druskininkai 0 695 5989
499 6129 65 109 Nida 0 499 6129
326 6107 111 106 Jonava 0 326 6107
380 6154 83 53 Anykščiai 0 380 6154
574 6149 123 63 Šilalė 0 574 6149
337 6082 76 88 Kaišiadorys 0 337 6082
349 6073 62 129 Elektrėnai 0 349 6073
399 6120 81 111 Molėtai 0 399 6120
678 6207 122 147 Pakruojis 0 678 6207
411 6151 75 97 Utena 0 411 6151
307 6031 64 119 Alytus 0 307 6031
631 6091 53 105 Šakiai 0 631 6091
608 6235 136 91 Akmenė 0 608 6235
366 6056 142 107 Trakai 0 366 6056
631 6057 148 78 Vilkaviškis 0 631 6057
357 6124 101 140 Ukmergė 0 357 6124
