106
292 5499 135 55 Luxembourg 0 292 5499
295 5527 122 137 Diekirch 0 295 5527
315 5505 107 115 Grevenmacher 0 315 5505
715 5497 138 149 Dippach 0 715 5497
709 5489 75 83 Differdange 0 709 5489
708 5493 122 83 Pétange 0 708 5493
284 5521 55 140 Vichten 0 284 5521
713 5534 79 139 Gœsdorf 0 713 5534
714 5517 122 139 Useldange 0 714 5517
299 5535 124 128 Vianden 0 299 5535
312 5498 133 113 Wormeldange 0 312 5498
304 5518 102 119 Waldbillig 0 304 5518
303 5487 98 149 Mondorf-les-Bains 0 303 5487
716 5491 121 97 Mondercange 0 716 5491
711 5492 150 98 Sanem 0 711 5492
299 5499 109 111 Sandweiler 0 299 5499
702 5529 63 125 Boulaide 0 702 5529
293 5510 58 137 Lintgen 0 293 5510
287 5494 132 90 Leudelange 0 287 5494
309 5497 57 122 Lenningen 0 309 5497
710 5494 129 102 Bascharage 0 710 5494
290 5521 72 52 Colmar-Berg 0 290 5521
715 5503 126 134 Capellen 0 715 5503
314 5508 141 119 Manternach 0 314 5508
309 5491 117 87 Remich 0 309 5491
303 5527 60 52 Reisdorf 0 303 5527
708 5516 104 107 Redange-sur-Attert 0 708 5516
288 5505 69 69 Kopstal 0 288 5505
293 5504 139 64 Walferdange 0 293 5504
303 5492 95 103 Waldbredimus 0 303 5492
308 5504 80 56 Flaxweiler 0 308 5504
297 5513 133 135 Fischbach 0 297 5513
289 5519 53 67 Bissen 0 289 5519
310 5508 98 122 Biwer 0 310 5508
714 5541 140 137 Wilwerwiltz 0 714 5541
302 5500 65 129 Schuttrange 0 302 5500
707 5539 69 145 Winseler 0 707 5539
708 5548 113 108 Wincrange 0 708 5548
296 5488 126 61 Frisange 0 296 5488
285 5482 134 129 Rumelange 0 285 5482
320 5519 141 127 Rosport 0 320 5519
294 5494 86 137 Hesperange 0 294 5494
309 5521 88 81 Berdorf 0 309 5521
301 5491 147 126 Dalheim 0 301 5491
704 5533 149 95 Bavigne 0 704 5533
309 5493 50 89 Stadtbredimus 0 309 5493
713 5509 122 68 Septfontaines 0 713 5509
705 5516 108 119 Ell 0 705 5516
299 5520 77 72 Medernach 0 299 5520
295 5538 117 103 Putscheid 0 295 5538
704 5523 119 118 Rambrouch 0 704 5523
283 5494 141 60 Reckange-sur-Mess 0 283 5494
713 5523 79 141 Grosbous 0 713 5523
299 5517 77 60 Larochette 0 299 5517
710 5539 148 108 Wiltz 0 710 5539
292 5527 146 150 Erpeldange 0 292 5527
715 5486 146 120 Esch-sur-Alzette 0 715 5486
710 5532 140 141 Esch-sur-Sûre 0 710 5532
291 5523 116 107 Schieren 0 291 5523
285 5517 76 91 Boevange-sur-Attert 0 285 5517
305 5523 150 101 Beaufort 0 305 5523
310 5513 142 131 Bech 0 310 5513
308 5483 66 95 Schengen 0 308 5483
314 5520 99 129 Echternach 0 314 5520
715 5512 86 90 Saeul 0 715 5512
302 5503 119 136 Niederanven 0 302 5503
293 5491 124 131 Roeser 0 293 5491
293 5508 115 133 Lorentzweiler 0 293 5508
286 5499 72 79 Bertrange 0 286 5499
710 5508 144 67 Hobscheid 0 710 5508
285 5486 122 51 Kayl 0 285 5486
286 5505 61 101 Kehlen 0 286 5505
713 5500 122 61 Garnich 0 713 5500
308 5516 51 71 Consdorf 0 308 5516
299 5495 78 76 Contern 0 299 5495
301 5515 128 86 Heffingen 0 301 5515
710 5505 82 140 Steinfort 0 710 5505
292 5506 131 112 Steinsel 0 292 5506
288 5500 128 105 Strassen 0 288 5500
318 5507 86 129 Mertert 0 318 5507
291 5514 129 63 Mersch 0 291 5514
284 5524 114 69 Mertzig 0 284 5524
290 5557 75 60 Weiswampach 0 290 5557
317 5513 135 57 Mompach 0 317 5513
291 5525 77 65 Ettelbruck 0 291 5525
291 5544 66 141 Hosingen 0 291 5544
708 5512 127 57 Beckerich 0 708 5512
289 5532 136 133 Bourscheid 0 289 5532
712 5506 142 105 Koerich 0 712 5506
283 5488 75 115 Schifflange 0 283 5488
306 5492 107 87 Bous 0 306 5492
301 5509 105 79 Junglinster 0 301 5509
287 5548 59 147 Clervaux 0 287 5548
285 5556 70 102 Troisvierges 0 285 5556
708 5524 139 134 Wahl 0 708 5524
284 5511 64 143 Tuntange 0 284 5511
297 5531 71 99 Tandel 0 297 5531
289 5484 121 100 Dudelange 0 289 5484
285 5501 106 116 Mamer 0 285 5501
711 5520 59 102 Bettborn 0 711 5520
300 5528 111 103 Bettendorf 0 300 5528
308 5506 73 128 Betzdorf 0 308 5506
290 5489 129 101 Bettembourg 0 290 5489
297 5491 150 66 Weiler-la-Tour 0 297 5491
296 5518 110 116 Nommern 0 296 5518
287 5526 99 147 Niederfeulen 0 287 5526
