37
766 7904 139 133 Ampamantanana 0 766 7904
713 7801 145 74 Antsirabe 0 713 7801
331 7992 149 94 Toamasina 0 331 7992
716 7626 93 125 Fianarantsoa 0 716 7626
640 8262 97 101 Mahajanga 0 640 8262
364 7416 86 102 Toliara 0 364 7416
319 8644 115 95 Anjiamena 0 319 8644
421 8358 53 145 Antanananivo 0 421 8358
409 8423 77 65 Sambava 0 409 8423
227 8026 141 84 Ambatondrazaka 0 227 8026
365 8293 145 149 Maroantsetra 0 365 8293
424 7756 50 78 Morondava 0 424 7756
678 8220 150 141 Marosakoa 0 678 8220
224 8486 95 147 Ambanja 0 224 8486
224 7650 119 56 Mananjary 0 224 7650
790 7473 98 122 Farafangana 0 790 7473
204 8516 103 120 Andoany 0 204 8516
821 8352 128 128 Antsohihy 0 821 8352
547 7841 119 141 Miandrivazo 0 547 7841
616 7522 113 71 Ihosy 0 616 7522
700 7230 60 91 Tôlan̈aro 0 700 7230
330 7594 114 69 Morombe 0 330 7594
267 8247 107 104 Mandritsara 0 267 8247
396 8002 63 80 Maintirano 0 396 8002
532 7321 71 103 Bekily 0 532 7321
430 7629 79 147 Manja 0 430 7629
445 8148 77 52 Besalampy 0 445 8148
406 7231 68 100 Androka 0 406 7231
733 7728 99 138 Ambositra 0 733 7728
314 8641 82 73 Antsiran̈ana 0 314 8641
610 7924 99 102 Tsiroanomandidy 0 610 7924
609 7215 126 55 Ambovombe 0 609 7215
191 7548 52 120 Manakara 0 191 7548
700 7902 77 112 Miarinarivo 0 700 7902
694 8125 93 149 Maevatanana 0 694 8125
765 7906 131 101 Antananarivo 0 765 7906
330 8077 95 117 Fenoarivo_Atsinanana 0 330 8077
