31
585 8455 139 59 Lilongwe 0 585 8455
715 8253 91 134 Blantyre 0 715 8253
611 8734 126 62 Mzuzu 0 611 8734
743 8399 90 132 Mangochi 0 743 8399
748 8297 78 112 Zomba 0 748 8297
658 8477 129 117 Simewa 0 658 8477
640 8570 112 99 Nkhotakota 0 640 8570
602 8901 52 77 Karonga 0 602 8901
730 8169 107 67 Chiromo 0 730 8169
641 8716 125 105 Nkhata_Bay 0 641 8716
741 8128 54 52 Nsanje 0 741 8128
564 8684 97 91 Mzimba 0 564 8684
489 8483 56 85 Mchinji 0 489 8483
767 8226 143 134 Mulanje 0 767 8226
643 8409 133 103 Dedza 0 643 8409
530 8927 74 141 Chitipa 0 530 8927
663 8273 149 89 Mwanza 0 663 8273
676 8361 90 70 Ntcheu 0 676 8361
734 8263 125 54 Chiradzulu 0 734 8263
766 8338 95 139 Machinga 0 766 8338
692 8225 149 75 Chikwawa 0 692 8225
783 8250 111 101 Phalombe 0 783 8250
608 8521 141 79 Ntchisi 0 608 8521
552 8558 71 118 Kasungu 0 552 8558
710 8341 77 113 Balaka 0 710 8341
488 8474 54 90 Mchinji 0 488 8474
593 8781 78 90 Rumphi 0 593 8781
677 8296 96 98 Neno 0 677 8296
657 8475 132 93 Salima 0 657 8475
601 8490 108 103 Dowa 0 601 8490
729 8222 87 142 Thyolo 0 729 8222
