68
456 3972 72 149 Valletta 0 456 3972
445 3978 100 76 Saint_Paul’s_Bay 0 445 3978
449 3968 90 57 Siġġiewi 0 449 3968
433 3987 78 62 Xewkija 0 433 3987
442 3975 103 85 Imġarr 0 442 3975
454 3972 78 109 Pietà 0 454 3972
453 3966 103 101 Kirkop 0 453 3966
430 3988 52 115 Kerċem 0 430 3988
431 3986 50 99 Sannat 0 431 3986
431 3988 131 147 Fontana 0 431 3988
456 3969 56 146 Tarxien 0 456 3969
453 3973 75 87 Gżira 0 453 3973
456 3967 73 66 Għaxaq 0 456 3967
430 3990 132 125 Għasri 0 430 3990
442 3979 118 58 Mellieħa 0 442 3979
455 3974 116 149 Sliema 0 455 3974
457 3968 120 106 Żejtun 0 457 3968
452 3970 82 84 Qormi 0 452 3970
449 3969 98 127 Żebbuġ 0 449 3969
450 3973 51 125 Lija 0 450 3973
455 3967 118 142 Gudja 0 455 3967
450 3973 131 55 Balzan 0 450 3973
453 3975 62 54 Swieqi 0 453 3975
452 3976 57 70 Pembroke 0 452 3976
459 3971 56 75 Xgħajra 0 459 3971
457 3971 121 147 Kalkara 0 457 3971
428 3990 78 131 Għarb 0 428 3990
430 3987 61 64 Munxar 0 430 3987
456 3969 104 96 Fgura 0 456 3969
449 3971 122 108 Attard 0 449 3971
428 3990 131 59 San_Lawrenz 0 428 3990
436 3988 65 86 Nadur 0 436 3988
433 3989 73 70 Xagħra 0 433 3989
445 3972 103 81 Imtarfa 0 445 3972
454 3969 79 83 Paola 0 454 3969
458 3966 99 60 Marsaxlokk 0 458 3966
453 3971 83 61 Ħamrun 0 453 3971
435 3987 57 80 Għajnsielem 0 435 3987
457 3971 126 79 Cospicua 0 457 3971
448 3974 84 96 Mosta 0 448 3974
453 3972 136 108 Imsida 0 453 3972
444 3968 136 112 Dingli 0 444 3968
460 3969 91 127 Marsaskala 0 460 3969
446 3971 52 114 Imdina 0 446 3971
451 3965 87 106 Qrendi 0 451 3965
431 3989 89 141 Victoria 0 431 3989
445 3971 128 116 Rabat 0 445 3971
453 3975 126 84 San_Ġiljan 0 453 3975
450 3975 76 90 Għargħur 0 450 3975
452 3965 93 133 Żurrieq 0 452 3965
450 3974 126 91 Iklin 0 450 3974
456 3971 134 55 Senglea 0 456 3971
453 3965 110 127 Safi 0 453 3965
454 3972 116 107 Ta’_Xbiex 0 454 3972
452 3973 61 56 San_Ġwann 0 452 3973
456 3972 140 99 Vittoriosa 0 456 3972
449 3974 115 95 Naxxar 0 449 3974
431 3992 68 143 Żebbuġ 0 431 3992
452 3971 52 76 Santa_Venera 0 452 3971
451 3967 84 141 Imqabba 0 451 3967
437 3988 80 136 Qala 0 437 3988
453 3968 53 109 Luqa 0 453 3968
458 3970 58 85 Żabbar 0 458 3970
455 3972 102 146 Floriana 0 455 3972
429 3989 106 118 Santa_Luċija 0 429 3989
457 3964 123 51 Birżebbuġa 0 457 3964
454 3970 109 78 Marsa 0 454 3970
451 3972 91 107 Birkirkara 0 451 3972
