26
360 4701 94 107 Potkrajnica 0 360 4701
415 4751 64 72 Petnjica 0 415 4751
351 4643 126 89 Ulcinj 0 351 4643
321 4683 82 149 Budva 0 321 4683
332 4737 116 83 Nikšić 0 332 4737
344 4712 74 54 Danilovgrad 0 344 4712
310 4700 116 62 Tivat 0 310 4700
432 4743 90 101 Rožaje 0 432 4743
354 4688 93 131 Golubovci 0 354 4688
413 4716 97 129 Plav 0 413 4716
324 4780 125 119 Plužine 0 324 4780
342 4661 122 75 Bar 0 342 4661
357 4700 140 99 Podgorica 0 357 4700
384 4757 99 64 Mojkovac 0 384 4757
347 4779 118 126 Žabljak 0 347 4779
297 4703 65 94 Herceg-Novi 0 297 4703
344 4757 144 53 Šavnik 0 344 4757
329 4695 139 135 Cetinje 0 329 4695
362 4691 150 80 Tuzi 0 362 4691
401 4731 139 124 Andrijevica 0 401 4731
379 4742 150 83 Kolašin 0 379 4742
407 4743 96 98 Berane 0 407 4743
316 4699 125 126 Kotor 0 316 4699
397 4764 60 129 Bijelo_Polje 0 397 4764
404 4712 50 63 Gusinje 0 404 4712
366 4801 97 81 Pljevlja 0 366 4801
