30
458 7128 86 130 Maputo 0 458 7128
445 7143 123 123 Matola 0 445 7143
692 7804 93 51 Beira 0 692 7804
528 8328 133 79 Nampula 0 528 8328
550 7886 72 114 Chimoio 0 550 7886
276 8021 103 133 Quelimane 0 276 8021
562 8213 135 69 Tete 0 562 8213
564 7229 101 64 Xai-Xai 0 564 7229
739 7359 67 109 Maxixe 0 739 7359
742 7358 59 112 Inhambane 0 742 7358
663 8566 119 98 Pemba 0 663 8566
742 8527 128 58 Lichinga 0 742 8527
682 7830 65 118 Dondo 0 682 7830
242 8357 131 85 Cuamba 0 242 8357
499 8548 130 57 Montepuez 0 499 8548
420 8137 59 105 Mocuba 0 420 8137
686 8337 114 91 Ilha_de_Moçambique 0 686 8337
647 8745 76 69 Mocímboa_da_Praia 0 647 8745
510 7233 76 100 R._Macia 0 510 7233
337 8540 120 55 Marrupa 0 337 8540
268 8051 96 95 Nicoadala 0 268 8051
487 7906 109 53 Manica 0 487 7906
364 8321 84 75 Ligonha 0 364 8321
676 7264 80 136 Quissico 0 676 7264
495 7618 149 140 Massangena 0 495 7618
675 7337 85 67 Panda 0 675 7337
676 8131 88 129 Chiramba 0 676 8131
475 7738 133 55 Espungabera 0 475 7738
393 7473 149 104 Mapai 0 393 7473
739 7565 71 78 Vilankulo 0 739 7565
