30
714 7502 142 108 Windhoek 0 714 7502
369 8016 86 124 Rundu 0 369 8016
449 7461 80 105 Walvisbaai 0 449 7461
452 7491 100 115 Swakopmund 0 452 7491
713 7419 112 93 Rehoboth 0 713 7419
581 8033 113 142 Ongwediva 0 581 8033
209 8063 141 96 Katima_Mulilo 0 209 8063
672 7737 87 56 Otjiwarongo 0 672 7737
197 7833 81 88 Grootfontein 0 197 7833
697 7567 129 120 Okahandja 0 697 7567
214 7056 96 142 Keetmanshoop 0 214 7056
290 7515 87 71 Gobabis 0 290 7515
515 7052 143 115 Lüderitz 0 515 7052
785 7871 92 84 Tsumeb 0 785 7871
800 7272 63 130 Mariental 0 800 7272
593 8075 133 148 Oshikango 0 593 8075
596 7629 59 50 Omaruru 0 596 7629
714 7068 127 135 Bethanie 0 714 7068
561 7567 58 103 Usakos 0 561 7567
640 6841 131 124 Oranjemund 0 640 6841
586 7574 88 119 Karibib 0 586 7574
620 7775 103 91 Outjo 0 620 7775
278 6898 51 67 Karasburg 0 278 6898
378 8002 93 148 Opuwo 0 378 8002
744 7825 126 124 Otavi 0 744 7825
700 7252 128 112 Maltahöhe 0 700 7252
498 8065 52 83 Outapi 0 498 8065
572 8033 102 125 Oshakati 0 572 8033
245 8050 112 103 Nkurenkuru 0 245 8050
641 8068 78 94 Eenhana 0 641 8068
