408
589 5771 70 136 The_Hague 0 589 5771
630 5801 149 58 Amsterdam 0 630 5801
603 5752 59 95 Rotterdam 0 603 5752
645 5773 52 136 Utrecht 0 645 5773
671 5702 143 66 Eindhoven 0 671 5702
614 5805 122 129 Haarlemmerliede 0 614 5805
336 5899 71 90 Groningen 0 336 5899
700 5762 97 53 Arnhem 0 700 5762
659 5730 50 64 ’s-Hertogenbosch 0 659 5730
687 5898 106 105 Leeuwarden 0 687 5898
688 5636 103 51 Maastricht 0 688 5636
302 5821 98 127 Zwolle 0 302 5821
336 5874 68 98 Assen 0 336 5874
542 5705 127 142 Middelburg 0 542 5705
619 5805 98 106 Halfweg 0 619 5805
669 5896 116 135 Franeker 0 669 5896
349 5875 149 66 Gieten 0 349 5875
664 5687 131 131 Bergeijk 0 664 5687
653 5769 83 59 Odijk 0 653 5769
318 5899 63 74 Grootegast 0 318 5899
627 5812 104 149 Oostzaan 0 627 5812
622 5748 148 129 Bleskensgraaf 0 622 5748
612 5803 135 109 Haarlem 0 612 5803
667 5821 146 108 Lelystad 0 667 5821
671 5691 52 143 Valkenswaard 0 671 5691
694 5649 116 96 Stein 0 694 5649
298 5767 126 141 De_Steeg 0 298 5767
319 5859 57 58 Diever 0 319 5859
345 5920 86 65 Uithuizen 0 345 5920
625 5789 67 119 Uithoorn 0 625 5789
604 5760 59 111 Bergschenhoek 0 604 5760
615 5703 75 65 Zundert 0 615 5703
690 5807 70 91 Nunspeet 0 690 5807
702 5644 109 56 Nuth 0 702 5644
681 5756 68 103 Opheusden 0 681 5756
675 5766 55 107 Veenendaal 0 675 5766
637 5907 108 86 Oost-Vlieland 0 637 5907
580 5734 63 108 Middelharnis 0 580 5734
340 5803 63 104 Almelo 0 340 5803
654 5693 137 88 Bladel 0 654 5693
573 5681 112 124 Hulst 0 573 5681
611 5741 64 107 Zwijndrecht 0 611 5741
703 5803 110 147 Epe 0 703 5803
338 5827 115 68 Hardenberg 0 338 5827
349 5793 113 101 Hengelo 0 349 5793
605 5790 63 117 Lisse 0 605 5790
678 5704 148 145 Nuenen 0 678 5704
658 5725 123 63 Vught 0 658 5725
653 5793 55 63 Blaricum 0 653 5793
317 5892 110 104 Marum 0 317 5892
692 5814 67 121 Elburg 0 692 5814
350 5892 50 71 Hoogezand 0 350 5892
681 5726 56 118 Uden 0 681 5726
613 5744 139 80 Hendrik-Ido-Ambacht 0 613 5744
597 5741 127 108 Oud-Beijerland 0 597 5741
335 5789 94 138 Goor 0 335 5789
675 5837 106 106 Urk 0 675 5837
660 5767 91 123 Doorn 0 660 5767
364 5805 62 100 Denekamp 0 364 5805
696 5871 94 124 Heerenveen 0 696 5871
708 5675 59 55 Roermond 0 708 5675
669 5696 54 71 Waalre 0 669 5696
678 5925 126 122 Ballum 0 678 5925
689 5681 74 145 Weert 0 689 5681
698 5638 131 97 Valkenburg 0 698 5638
615 5714 71 131 Etten-Leur 0 615 5714
647 5914 148 93 West-Terschelling 0 647 5914
608 5710 53 104 Rucphen 0 608 5710
643 5761 61 87 Vianen 0 643 5761
666 5708 136 110 Best 0 666 5708
694 5640 79 52 Meerssen 0 694 5640
571 5700 115 98 Kruiningen 0 571 5700
706 5640 132 141 Voerendaal 0 706 5640
347 5837 55 143 Coevorden 0 347 5837
657 5783 62 115 Soest 0 657 5783
292 5644 140 103 Landgraaf 0 292 5644
310 5842 128 58 Meppel 0 310 5842
678 5699 127 65 Geldrop 0 678 5699
332 5859 125 109 Beilen 0 332 5859
687 5706 139 111 Helmond 0 687 5706
577 5742 59 65 Hellevoetsluis 0 577 5742
613 5767 105 122 Waddinxveen 0 613 5767
310 5906 67 80 Kollum 0 310 5906
330 5776 145 132 Borculo 0 330 5776
623 5726 89 139 Made 0 623 5726
702 5739 138 71 Groesbeek 0 702 5739
690 5749 146 125 Beuningen 0 690 5749
630 5741 62 81 Werkendam 0 630 5741
610 5723 147 79 Zevenbergen 0 610 5723
539 5699 104 115 Vlissingen 0 539 5699
661 5718 55 98 Boxtel 0 661 5718
704 5725 109 113 Boxmeer 0 704 5725
296 5685 83 62 Reuver 0 296 5685
692 5729 136 97 Mill 0 692 5729
647 5840 149 106 Hoogkarspel 0 647 5840
673 5750 99 140 Beneden-Leeuwen 0 673 5750
319 5750 113 80 Gendringen 0 319 5750
687 5872 61 66 Joure 0 687 5872
678 5752 74 64 Druten 0 678 5752
595 5754 62 150 Schiedam 0 595 5754
622 5743 138 79 Sliedrecht 0 622 5743
609 5776 132 60 Hazerswoude-Rijndijk 0 609 5776
612 5816 134 83 Beverwijk 0 612 5816
677 5906 55 100 Sint_Annaparochie 0 677 5906
308 5780 58 113 Zutphen 0 308 5780
711 5628 54 118 Vaals 0 711 5628
624 5714 52 101 Breda 0 624 5714
611 5784 54 65 Roelofarendsveen 0 611 5784
698 5734 69 129 Cuijk 0 698 5734
654 5842 124 79 Enkhuizen 0 654 5842
355 5787 68 68 Enschede 0 355 5787
698 5752 123 61 Bemmel 0 698 5752
695 5763 59 143 Oosterbeek 0 695 5763
608 5751 130 124 Krimpen_aan_den_IJssel 0 608 5751
314 5760 114 121 Doetinchem 0 314 5760
605 5716 127 66 Oudenbosch 0 605 5716
656 5787 130 87 Baarn 0 656 5787
615 5751 116 69 Lekkerkerk 0 615 5751
683 5761 79 50 Wageningen 0 683 5761
303 5694 86 53 Venlo 0 303 5694
685 5715 133 52 Gemert 0 685 5715
629 5729 150 141 Raamsdonksveer 0 629 5729
623 5836 84 139 Heerhugowaard 0 623 5836
596 5783 55 99 Katwijk 0 596 5783
685 5720 95 114 Boekel 0 685 5720
701 5862 136 144 Wolvega 0 701 5862
673 5887 141 117 Wommels 0 673 5887
645 5716 85 144 Tilburg 0 645 5716
618 5833 113 97 Alkmaar 0 618 5833
590 5739 79 84 Piershil 0 590 5739
697 5814 139 90 Oldebroek 0 697 5814
580 5750 59 62 Brielle 0 580 5750
333 5755 140 98 Aalten 0 333 5755
694 5756 52 81 Elst 0 694 5756
338 5809 142 82 Vriezenveen 0 338 5809
603 5710 101 86 Roosendaal 0 603 5710
305 5807 60 61 Wijhe 0 305 5807
340 5908 126 125 Bedum 0 340 5908
661 5692 89 59 Eersel 0 661 5692
646 5795 87 142 Naarden 0 646 5795
624 5818 137 92 Wormer 0 624 5818
619 5784 124 147 Nieuwveen 0 619 5784
612 5754 111 135 Ouderkerk_aan_den_IJssel 0 612 5754
630 5795 136 149 Ouderkerk_aan_de_Amstel 0 630 5795
614 5747 102 64 Alblasserdam 0 614 5747
650 5777 123 91 Bilthoven 0 650 5777
558 5687 66 111 Terneuzen 0 558 5687
333 5762 65 112 Lichtenvoorde 0 333 5762
634 5800 111 116 Diemen 0 634 5800
660 5708 126 128 Oirschot 0 660 5708
636 5838 90 99 Wognum 0 636 5838
303 5766 67 72 Doesburg 0 303 5766
678 5695 137 120 Heeze 0 678 5695
563 5722 123 96 Zierikzee 0 563 5722
689 5737 130 146 Grave 0 689 5737
643 5728 64 71 Waalwijk 0 643 5728
599 5788 124 69 Noordwijk 0 599 5788
702 5789 68 105 Apeldoorn 0 702 5789
637 5742 81 109 Woudrichem 0 637 5742
367 5886 77 105 Oude_Pekela 0 367 5886
349 5808 97 84 Tubbergen 0 349 5808
590 5759 80 76 Schipluiden 0 590 5759
602 5768 142 107 Zoetermeer 0 602 5768
602 5775 85 98 Zoeterwoude 0 602 5775
323 5782 90 95 Lochem 0 323 5782
301 5749 92 123 Lobith 0 301 5749
662 5894 113 126 Harlingen 0 662 5894
356 5861 124 50 Exloo 0 356 5861
643 5751 129 106 Leerdam 0 643 5751
697 5746 135 74 Nijmegen 0 697 5746
566 5722 145 125 Kapelle 0 566 5722
648 5789 117 147 Hilversum 0 648 5789
684 5822 97 63 Dronten 0 684 5822
674 5738 119 108 Oss 0 674 5738
308 5792 148 101 Deventer 0 308 5792
358 5797 116 66 Oldenzaal 0 358 5797
662 5723 108 96 Sint-Michielsgestel 0 662 5723
290 5670 117 81 Sint_Odiliënberg 0 290 5670
670 5715 120 80 Sint-Oedenrode 0 670 5715
647 5736 96 140 Wijk_en_Aalburg 0 647 5736
375 5867 133 134 Sellingen 0 375 5867
685 5843 65 104 Emmeloord 0 685 5843
650 5692 119 51 Reusel 0 650 5692
635 5826 71 76 Oosthuizen 0 635 5826
623 5811 70 105 Zaandam 0 623 5811
556 5702 118 98 Heinkenszand 0 556 5702
628 5785 129 101 Mijdrecht 0 628 5785
621 5759 105 122 Stolwijk 0 621 5759
648 5766 121 55 Houten 0 648 5766
607 5738 108 59 Maasdam 0 607 5738
573 5747 83 70 Rockanje 0 573 5747
621 5850 77 75 Schagen 0 621 5850
590 5753 107 115 Vlaardingen 0 590 5753
622 5755 72 67 Bergambacht 0 622 5755
304 5883 126 105 Beetsterzwaag 0 304 5883
318 5874 97 98 Oosterwolde 0 318 5874
295 5704 125 96 Horst 0 295 5704
633 5759 120 76 Lopik 0 633 5759
614 5829 79 137 Heiloo 0 614 5829
608 5812 104 95 IJmuiden 0 608 5812
633 5819 121 123 Purmerend 0 633 5819
682 5858 102 114 Lemmer 0 682 5858
327 5890 108 99 Roden 0 327 5890
707 5690 139 90 Panningen 0 707 5690
708 5648 97 128 Brunssum 0 708 5648
634 5768 113 142 Montfoort 0 634 5768
688 5696 123 108 Someren 0 688 5696
341 5894 80 122 Haren 0 341 5894
298 5808 84 103 Heerde 0 298 5808
628 5765 114 88 Oudewater 0 628 5765
610 5801 146 145 Heemstede 0 610 5801
691 5628 62 145 Eijsden 0 691 5628
591 5715 121 143 Steenbergen 0 591 5715
595 5771 99 90 Leidschendam 0 595 5771
699 5723 76 105 Sint_Anthonis 0 699 5723
343 5760 121 150 Winterswijk 0 343 5760
335 5911 128 126 Winsum 0 335 5911
641 5799 61 141 Muiden 0 641 5799
303 5758 69 92 Didam 0 303 5758
617 5764 75 119 Gouda 0 617 5764
597 5764 86 94 Pijnacker 0 597 5764
615 5821 135 114 Uitgeest 0 615 5821
622 5838 121 131 Zuid-Scharwoude 0 622 5838
652 5806 51 144 Almere 0 652 5806
599 5732 52 141 Numansdorp 0 599 5732
604 5787 106 119 Sassenheim 0 604 5787
603 5803 139 111 Zandvoort 0 603 5803
635 5705 76 81 Alphen 0 635 5705
613 5777 131 76 Alphen_aan_den_Rijn 0 613 5777
370 5881 110 81 Wedde 0 370 5881
629 5823 127 133 Middenbeemster 0 629 5823
652 5791 133 133 Laren 0 652 5791
310 5904 78 148 Buitenpost 0 310 5904
635 5743 132 123 Gorinchem 0 635 5743
607 5733 78 75 Strijen 0 607 5733
639 5778 91 135 Maarssen 0 639 5778
699 5898 116 130 Burgum 0 699 5898
325 5839 107 116 Zuidwolde 0 325 5839
648 5792 124 112 Bussum 0 648 5792
652 5841 67 82 Bovenkarspel 0 652 5841
613 5823 62 109 Castricum 0 613 5823
345 5780 82 146 Haaksbergen 0 345 5780
315 5770 54 135 Hengelo 0 315 5770
630 5773 73 72 Woerden 0 630 5773
700 5666 120 71 Echt 0 700 5666
666 5759 102 76 Maurik 0 666 5759
356 5910 94 115 Appingedam 0 356 5910
634 5749 145 85 Hoornaar 0 634 5749
327 5903 117 138 Zuidhorn 0 327 5903
678 5879 135 116 Sneek 0 678 5879
661 5738 119 59 Kerkdriel 0 661 5738
608 5754 113 67 Capelle_aan_den_IJssel 0 608 5754
674 5864 127 52 Balk 0 674 5864
654 5719 83 61 Haaren 0 654 5719
330 5844 113 62 Hoogeveen 0 330 5844
592 5697 112 63 Hoogerheide 0 592 5697
670 5734 137 117 Geffen 0 670 5734
618 5868 86 137 Den_Helder 0 618 5868
630 5841 121 113 Opmeer 0 630 5841
644 5750 102 67 Asperen 0 644 5750
630 5723 130 119 Oosterhout 0 630 5723
683 5768 107 89 Ede 0 683 5768
562 5706 59 62 Goes 0 562 5706
305 5774 67 64 Brummen 0 305 5774
640 5818 52 110 Volendam 0 640 5818
368 5890 66 64 Winschoten 0 368 5890
293 5639 61 129 Kerkrade 0 293 5639
676 5779 132 99 Barneveld 0 676 5779
704 5761 110 147 Westervoort 0 704 5761
594 5764 51 133 Delft 0 594 5764
668 5721 63 50 Schijndel 0 668 5721
325 5915 77 84 Leens 0 325 5915
679 5797 90 71 Ermelo 0 679 5797
627 5743 125 59 Hardinxveld-Giessendam 0 627 5743
691 5698 105 122 Asten 0 691 5698
584 5710 70 77 Tholen 0 584 5710
703 5766 60 121 Rozendaal 0 703 5766
679 5683 76 130 Budel 0 679 5683
636 5753 119 56 Meerkerk 0 636 5753
328 5803 120 136 Nijverdal 0 328 5803
605 5745 83 112 Barendrecht 0 605 5745
296 5749 68 109 Millingen_aan_de_Rijn 0 296 5749
300 5756 101 150 Zevenaar 0 300 5756
639 5797 140 117 Weesp 0 639 5797
689 5886 96 68 Grou 0 689 5886
703 5633 144 79 Gulpen 0 703 5633
303 5830 114 147 Hasselt 0 303 5830
324 5893 65 74 Leek 0 324 5893
638 5813 103 85 Monnickendam 0 638 5813
551 5715 130 63 Wissenkerke 0 551 5715
534 5686 109 105 Oostburg 0 534 5686
346 5796 95 94 Borne 0 346 5796
587 5752 81 83 Maassluis 0 587 5752
709 5635 126 135 Simpelveld 0 709 5635
699 5912 138 102 Dokkum 0 699 5912
302 5791 89 93 Twello 0 302 5791
610 5760 133 60 Nieuwerkerk_aan_den_IJssel 0 610 5760
653 5773 127 148 Zeist 0 653 5773
585 5744 61 95 Abbenbroek 0 585 5744
705 5731 103 50 Gennep 0 705 5731
672 5773 54 114 Scherpenzeel 0 672 5773
633 5721 97 130 Dongen 0 633 5721
596 5745 127 126 Poortugaal 0 596 5745
353 5898 126 77 Slochteren 0 353 5898
639 5835 84 87 Hoorn 0 639 5835
679 5803 74 116 Harderwijk 0 679 5803
676 5721 87 149 Veghel 0 676 5721
672 5800 110 127 Zeewolde 0 672 5800
294 5720 73 136 Bergen 0 294 5720
706 5712 95 61 Venray 0 706 5712
653 5729 122 142 Vlijmen 0 653 5729
295 5759 90 53 Duiven 0 295 5759
654 5797 139 113 Huizen 0 654 5797
696 5740 68 138 Malden 0 696 5740
689 5744 100 78 Wijchen 0 689 5744
599 5781 116 72 Oegstgeest 0 599 5781
668 5778 92 83 Leusden 0 668 5778
634 5701 120 129 Baarle-Nassau 0 634 5701
627 5756 69 120 Schoonhoven 0 627 5756
668 5751 149 149 Tiel 0 668 5751
645 5785 91 62 Nieuw-Loosdrecht 0 645 5785
632 5717 121 73 Rijen 0 632 5717
311 5836 70 145 Staphorst 0 311 5836
300 5817 83 100 Hattem 0 300 5817
314 5807 106 139 Raalte 0 314 5807
656 5745 146 89 Neerijnen 0 656 5745
642 5725 93 72 Kaatsheuvel 0 642 5725
644 5764 98 146 Nieuwegein 0 644 5764
653 5717 119 143 Oisterwijk 0 653 5717
676 5760 122 106 Rhenen 0 676 5760
357 5889 84 119 Muntendam 0 357 5889
688 5913 97 142 Ferwert 0 688 5913
337 5883 130 82 Vries 0 337 5883
660 5760 101 114 Wijk_bij_Duurstede 0 660 5760
684 5730 121 144 Zeeland 0 684 5730
335 5804 58 141 Wierden 0 335 5804
359 5887 88 150 Veendam 0 359 5887
665 5772 78 106 Woudenberg 0 665 5772
600 5776 145 98 Voorschoten 0 600 5776
709 5650 81 130 Schinveld 0 709 5650
703 5647 50 99 Schinnen 0 703 5647
306 5852 117 148 Steenwijk 0 306 5852
625 5859 109 88 Anna_Paulowna 0 625 5859
345 5905 85 107 Ten_Boer 0 345 5905
325 5822 101 137 Ommen 0 325 5822
611 5748 64 143 Ridderkerk 0 611 5748
534 5712 74 86 Domburg 0 534 5712
620 5772 75 72 Bodegraven 0 620 5772
643 5710 113 74 Goirle 0 643 5710
674 5734 50 139 Heesch 0 674 5734
653 5758 75 90 Culemborg 0 653 5758
702 5746 61 99 Beek-Ubbergen 0 702 5746
682 5710 77 142 Beek_en_Donk 0 682 5710
696 5646 104 58 Beek 0 696 5646
702 5681 105 110 Heythuysen 0 702 5681
361 5911 145 127 Delfzijl 0 361 5911
701 5653 59 70 Sittard 0 701 5653
677 5900 74 80 Menaam 0 677 5900
620 5792 59 54 Aalsmeer 0 620 5792
699 5737 70 59 Mook 0 699 5737
360 5875 74 86 Stadskanaal 0 360 5875
358 5851 95 110 Emmen 0 358 5851
699 5908 92 127 Damwâld 0 699 5908
313 5821 118 84 Dalfsen 0 313 5821
364 5791 61 110 Losser 0 364 5791
349 5911 112 148 Loppersum 0 349 5911
673 5710 78 100 Son_en_Breugel 0 673 5710
631 5832 146 141 De_Goorn 0 631 5832
311 5929 140 70 Schiermonnikoog 0 311 5929
590 5744 117 149 Spijkenisse 0 590 5744
638 5765 74 89 IJsselstein 0 638 5765
691 5685 125 97 Nederweert 0 691 5685
694 5704 96 146 Deurne 0 694 5704
609 5805 64 97 Overveen 0 609 5805
654 5791 69 147 Eemnes 0 654 5791
670 5788 71 131 Nijkerk 0 670 5788
630 5810 72 54 Landsmeer 0 630 5810
615 5797 51 107 Hoofddorp 0 615 5797
583 5761 110 145 Naaldwijk 0 583 5761
627 5797 83 78 Amstelveen 0 627 5797
674 5772 57 98 Renswoude 0 674 5772
608 5794 105 147 Hillegom 0 608 5794
648 5705 89 137 Hilvarenbeek 0 648 5705
662 5790 88 132 Bunschoten-Spakenburg 0 662 5790
601 5792 105 121 Noordwijkerhout 0 601 5792
654 5741 92 97 Zaltbommel 0 654 5741
668 5698 92 149 Veldhoven 0 668 5698
604 5781 55 148 Leiden 0 604 5781
605 5779 100 92 Leiderdorp 0 605 5779
305 5888 117 70 Drachten 0 305 5888
678 5793 102 70 Putten 0 678 5793
684 5904 140 111 Stiens 0 684 5904
617 5744 142 80 Papendrecht 0 617 5744
623 5831 145 96 Stompetoren 0 623 5831
702 5669 85 90 Maasbracht 0 702 5669
708 5640 127 144 Heerlen 0 708 5640
613 5819 88 134 Heemskerk 0 613 5819
589 5705 135 98 Bergen_op_Zoom 0 589 5705
696 5827 71 127 Kampen 0 696 5827
663 5781 57 125 Amersfoort 0 663 5781
624 5824 106 144 De_Rijp 0 624 5824
614 5770 96 107 Boskoop 0 614 5770
620 5880 51 65 Den_Burg 0 620 5880
592 5774 80 113 Wassenaar 0 592 5774
658 5750 148 58 Geldermalsen 0 658 5750
617 5740 107 104 Dordrecht 0 617 5740
589 5764 104 115 Rijswijk 0 589 5764
330 5798 148 118 Rijssen 0 330 5798
