560
661 991 52 99 Panama_City 0 661 991
620 1034 75 75 Colón 0 620 1034
343 931 145 51 David 0 343 931
657 989 65 118 Balboa 0 657 989
503 895 100 92 Santiago 0 503 895
566 882 126 79 Puerto_Chitré 0 566 882
570 941 146 133 Penonomé 0 570 941
295 914 67 96 Puerto_Armuelles 0 295 914
579 858 52 101 Las_Tablas 0 579 858
363 1032 119 56 Bocas_del_Toro 0 363 1032
346 1027 53 124 Almirante 0 346 1027
815 930 148 58 La_Palma 0 815 930
812 832 124 94 Jaqué 0 812 832
725 1056 83 134 El_Porvenir 0 725 1056
808 980 102 101 Agua_Fría_Número_Uno 0 808 980
478 935 66 132 Paredón_Arriba 0 478 935
212 896 53 132 Unión_Chocó 0 212 896
478 835 116 105 La_Punta 0 478 835
378 918 128 81 San_Lorenzo 0 378 918
213 907 70 149 Corozal 0 213 907
541 833 97 74 Bajos_de_Güera 0 541 833
300 953 82 140 Breñón 0 300 953
416 919 52 72 Cabecera_de_Cerro_Puerco 0 416 919
408 909 111 105 El_Porvenir 0 408 909
409 909 141 131 Santa_Lucia 0 409 909
633 981 144 77 La_Chorrera 0 633 981
355 995 113 98 Norteño 0 355 995
599 950 113 82 Los_Llanitos 0 599 950
532 874 84 72 La_Trinidad 0 532 874
397 924 57 139 Quebrada_de_Loro 0 397 924
508 888 139 130 Atalaya 0 508 888
618 948 70 127 Cabuya 0 618 948
324 938 76 90 Chacarero 0 324 938
549 870 79 147 Las_Cabras 0 549 870
524 877 112 111 Ocú 0 524 877
514 856 99 56 El_Toro 0 514 856
551 862 53 140 El_Guásimo 0 551 862
486 856 51 110 Leones_Arriba 0 486 856
553 876 135 119 El_Barrero 0 553 876
679 1058 56 97 Palenque 0 679 1058
480 900 50 148 La_Mesa 0 480 900
522 925 86 81 El_Potrero 0 522 925
542 846 127 86 La_Mesa 0 542 846
609 935 150 122 Las_Uvas 0 609 935
541 891 94 104 Potuga 0 541 891
423 916 137 87 Potrero_de_Caña 0 423 916
559 819 124 129 El_Bebedero 0 559 819
771 949 60 63 Brujas 0 771 949
360 1011 96 67 Cauchero 0 360 1011
574 832 62 58 Nuario 0 574 832
476 959 67 126 Río_Luís 0 476 959
566 866 110 59 Agua_Buena 0 566 866
433 889 127 84 Puerto_Vidal 0 433 889
423 936 86 117 Buabidi 0 423 936
581 928 131 78 Antón 0 581 928
599 980 81 103 Santa_Rosa_Número_Uno 0 599 980
310 951 60 62 San_Andrés 0 310 951
610 980 59 51 Nueva_Arenosa 0 610 980
503 898 85 146 Canto_del_Llano 0 503 898
600 1003 141 87 El_Guabo 0 600 1003
574 848 132 115 El_Muñoz 0 574 848
551 860 106 88 Cedro_Arriba 0 551 860
558 863 147 51 Villa_Lourdes 0 558 863
627 1035 104 92 Cativá 0 627 1035
570 862 59 64 Guararé_Arriba 0 570 862
564 880 69 133 San_Juan_Bautista 0 564 880
607 832 127 116 Pedasí 0 607 832
570 876 56 68 Santa_Ana_Arriba 0 570 876
326 932 109 133 El_Tejar 0 326 932
548 846 136 73 Llano_de_Piedra 0 548 846
353 940 140 93 Bijagual 0 353 940
651 982 89 116 Veracruz 0 651 982
639 995 65 57 Nuevo_Emperador 0 639 995
731 1019 104 96 Cañita 0 731 1019
328 928 134 122 Alanje 0 328 928
289 966 77 132 Cañas_Gordas 0 289 966
641 980 96 67 Puerto_Caimito 0 641 980
406 923 127 106 Hato_Juli 0 406 923
599 991 116 127 Cirí_de_Los_Sotos 0 599 991
402 1014 125 150 Kusapín 0 402 1014
233 958 55 90 Puerto_Obaldía 0 233 958
632 1035 110 141 Puerto_Pilón 0 632 1035
402 923 131 119 Salto_Dupí 0 402 923
614 936 59 88 San_Carlos 0 614 936
333 941 72 94 San_Carlos 0 333 941
588 1004 110 66 La_Encantada 0 588 1004
561 954 148 107 Llano_Grande 0 561 954
585 934 114 124 Llano_Grande 0 585 934
570 866 150 69 Sabana_Grande 0 570 866
570 871 134 140 Los_Ángeles 0 570 871
318 927 53 114 Santo_Tomás 0 318 927
674 1059 116 131 Viento_Frío 0 674 1059
560 809 83 143 Ave_María 0 560 809
760 961 139 132 Chimán 0 760 961
529 921 68 130 La_Laguna 0 529 921
609 954 59 137 Sorá 0 609 954
318 945 92 72 Sortova 0 318 945
539 922 72 92 Toza 0 539 922
562 880 65 112 Chitré 0 562 880
620 967 88 60 Lídice 0 620 967
562 934 63 127 Coclé 0 562 934
548 973 85 102 Coclecito 0 548 973
547 1002 70 91 Coclé_del_Norte 0 547 1002
536 844 69 75 Pitaloza_Arriba 0 536 844
181 889 140 137 Camogantí 0 181 889
440 902 50 62 Cerro_Pelado 0 440 902
727 934 132 90 San_Miguel 0 727 934
605 1024 56 143 Piña 0 605 1024
521 885 92 82 Peñas_Chatas 0 521 885
469 907 66 142 San_Bartolo 0 469 907
667 1059 110 69 Nombre_de_Dios 0 667 1059
404 911 116 139 Las_Lajas 0 404 911
340 972 53 60 Los_Naranjos 0 340 972
736 924 53 122 La_Ensenada 0 736 924
497 898 144 52 La_Peña 0 497 898
403 912 64 126 Lajas_Adentro 0 403 912
456 888 58 132 Quebrada_de_Oro 0 456 888
584 842 118 105 El_Cañafístulo 0 584 842
595 830 56 129 Los_Asientos 0 595 830
493 883 115 132 Montijo 0 493 883
536 896 148 56 Santa_María 0 536 896
515 911 58 139 Boquerón 0 515 911
502 911 127 121 San_Francisco 0 502 911
175 877 141 104 Tucutí 0 175 877
651 1062 135 99 Cacique 0 651 1062
455 925 82 138 San_José 0 455 925
521 935 110 105 San_José 0 521 935
370 986 139 138 Rámbala 0 370 986
367 982 148 53 Pueblo_Nuevo 0 367 982
535 932 135 56 El_Copé 0 535 932
552 921 103 148 Natá 0 552 921
302 929 120 54 La_Esperanza 0 302 929
728 914 80 73 La_Esmeralda 0 728 914
630 978 147 94 Guadalupe 0 630 978
619 973 127 122 Las_Ollas_Arriba 0 619 973
546 952 91 51 El_Copé 0 546 952
536 853 57 52 Los_Cerros_de_Paja 0 536 853
190 931 100 98 Lajas_Blancas 0 190 931
514 925 103 99 Monjarás 0 514 925
539 877 116 129 El_Pedregoso 0 539 877
574 850 52 113 El_Pedregoso 0 574 850
535 867 74 144 Bahía_Honda 0 535 867
402 1009 144 117 Bahía_Azul 0 402 1009
560 851 63 63 Bahía_Honda 0 560 851
321 938 80 116 Bugaba 0 321 938
577 854 137 80 El_Carate 0 577 854
544 853 99 87 El_Calabacito 0 544 853
354 927 94 60 Chiriquí 0 354 927
403 942 146 121 Cascabel 0 403 942
556 875 143 136 Los_Olivos 0 556 875
564 881 100 50 Llano_Bonito 0 564 881
724 1018 121 134 El_Llano 0 724 1018
657 1064 146 119 Isla_Grande 0 657 1064
596 846 66 102 Pocrí 0 596 846
549 912 93 70 Pocrí 0 549 912
343 943 77 74 Los_Anastacios 0 343 943
621 1031 109 62 Arco_Iris 0 621 1031
308 946 145 118 Gómez 0 308 946
573 1000 143 150 Boca_del_Guásimo 0 573 1000
348 956 132 134 Caldera 0 348 956
409 1008 108 79 Tobobe 0 409 1008
411 907 99 127 El_Puerto 0 411 907
448 894 111 63 Lolá 0 448 894
603 838 114 126 Mariabé 0 603 838
446 943 51 138 Guayabito 0 446 943
347 942 136 119 Dos_Ríos_Abajo 0 347 942
824 917 119 60 Chepigana 0 824 917
377 989 90 87 Chiriquí_Grande 0 377 989
518 865 149 61 Cerro_Largo 0 518 865
564 860 51 83 Llano_Abajo 0 564 860
592 849 80 129 Paraíso 0 592 849
630 1023 120 81 Limón 0 630 1023
441 922 109 54 Bajo_Solis 0 441 922
512 822 133 65 La_Loma 0 512 822
452 904 73 81 El_Rincón 0 452 904
615 999 131 102 Arenosa 0 615 999
386 935 95 126 Cerro_Banco 0 386 935
501 885 75 135 La_Colorada 0 501 885
582 1012 83 109 Gobea 0 582 1012
457 879 125 108 Calidonia 0 457 879
553 941 148 100 El_Potrero 0 553 941
436 912 110 53 Cerro_Viejo 0 436 912
595 1016 81 102 Salud 0 595 1016
565 823 150 97 El_Cacao 0 565 823
591 843 149 99 Paritilla 0 591 843
582 854 57 58 La_Laja 0 582 854
498 877 122 82 La_Garceana 0 498 877
658 990 72 139 Ancón 0 658 990
595 950 146 63 El_Valle 0 595 950
411 923 72 50 Oma 0 411 923
525 890 129 52 El_Limón 0 525 890
356 943 108 118 Gualaca 0 356 943
491 940 88 98 Santa_Fé 0 491 940
812 957 128 65 Santa_Fé 0 812 957
562 941 70 138 Cañaveral 0 562 941
583 848 93 125 San_José 0 583 848
339 945 110 101 Tinajas 0 339 945
330 948 110 138 Guabal 0 330 948
527 935 121 65 Las_Huacas_del_Quije 0 527 935
478 933 147 81 Los_Valles 0 478 933
539 860 82 114 Los_Pozos 0 539 860
390 915 50 133 San_Juan 0 390 915
498 917 51 115 San_Juan 0 498 917
509 864 84 106 Limón_de_Tijeras 0 509 864
463 970 71 121 Santa_Catalina 0 463 970
601 972 135 109 Ciricito_Abajo 0 601 972
600 1019 77 141 Palmas_Bellas 0 600 1019
382 938 116 130 Soloy 0 382 938
408 909 122 125 Remedios 0 408 909
580 948 68 120 Churuquita_Chiquita 0 580 948
592 944 114 143 Cabuya 0 592 944
423 903 107 101 Lajas_de_Tolé 0 423 903
705 989 120 62 Chepillo 0 705 989
616 957 149 96 Chicá 0 616 957
415 916 78 89 Lajero_Arriba 0 415 916
198 897 104 90 El_Real 0 198 897
476 888 117 103 El_Marañón 0 476 888
314 950 112 76 Santa_Rosa 0 314 950
399 910 106 77 Santa_Cruz 0 399 910
570 847 106 84 Palmira 0 570 847
695 1055 62 62 Palmira 0 695 1055
359 935 79 113 Rincón 0 359 935
546 862 85 84 Chupá 0 546 862
390 926 78 58 Camarón_Arriba 0 390 926
512 880 141 59 La_Carrillo 0 512 880
801 948 127 104 Cucunatí 0 801 948
626 966 92 113 Cermeño 0 626 966
335 944 87 146 Guaca_Arriba 0 335 944
488 930 113 124 Los_Corotúes 0 488 930
578 856 135 71 La_Tiza 0 578 856
347 932 79 68 Las_Lomas 0 347 932
449 899 141 145 Las_Palmas 0 449 899
555 848 68 92 Las_Palmas 0 555 848
581 840 60 141 Bajo_Corral 0 581 840
500 843 68 84 Llano_de_Catival 0 500 843
315 941 145 119 La_Estrella 0 315 941
822 872 67 97 Jingurudó 0 822 872
573 835 134 77 La_Miel 0 573 835
789 891 131 117 Garachiné 0 789 891
561 949 84 87 La_Pintada 0 561 949
545 933 122 139 Nuestro_Amo 0 545 933
336 955 143 107 Potrerillos_Abajo 0 336 955
515 931 125 102 La_Yeguada 0 515 931
295 975 143 93 Río_Sereno 0 295 975
412 915 145 137 Cerro_Iglesias 0 412 915
624 990 136 106 Zangüengas 0 624 990
373 918 121 134 Horconcitos 0 373 918
530 867 140 92 Chumical 0 530 867
236 874 100 64 Paya 0 236 874
311 930 69 100 Divalá 0 311 930
376 1010 126 142 Punta_Laurel 0 376 1010
519 902 117 102 La_Raya_de_Santa_María 0 519 902
565 827 130 50 Flores 0 565 827
363 994 129 67 Miramar 0 363 994
682 1058 111 71 Miramar 0 682 1058
710 1015 103 77 Las_Margaritas 0 710 1015
469 870 97 134 La_Soledad 0 469 870
622 950 134 66 Bejuco 0 622 950
556 931 84 60 Río_Grande 0 556 931
462 852 143 51 Río_Grande 0 462 852
558 880 142 108 La_Arena 0 558 880
613 1010 80 108 Escobal 0 613 1010
326 953 127 133 Guayabal 0 326 953
608 937 144 56 El_Espino 0 608 937
626 977 54 125 El_Espino 0 626 977
576 861 91 62 La_Pasera 0 576 861
758 977 74 128 Unión_Santeña 0 758 977
564 876 146 130 Los_Santos 0 564 876
715 953 112 135 Contadora 0 715 953
508 919 103 97 El_Coclá 0 508 919
579 855 107 110 El_Cocal 0 579 855
708 930 92 82 Pedro_González 0 708 930
553 954 145 91 Piedras_Gordas 0 553 954
606 933 105 133 El_Higo 0 606 933
623 970 64 116 Villa_Rosario 0 623 970
634 971 74 137 Playa_Leona 0 634 971
542 861 147 67 Los_Cerritos 0 542 861
636 991 140 71 Río_Congo 0 636 991
321 949 79 51 Bongo_Arriba 0 321 949
615 974 85 118 Caimito 0 615 974
549 911 122 63 Aguadulce 0 549 911
589 928 129 117 El_Chirú 0 589 928
624 960 140 142 Sajalices 0 624 960
519 853 130 66 Chepo 0 519 853
341 925 94 105 Pedregal 0 341 925
386 942 102 110 Boca_de_Balsa 0 386 942
451 892 62 142 Corozal 0 451 892
460 940 103 65 Güibale 0 460 940
528 861 83 120 Las_Minas 0 528 861
785 987 85 149 Tortí 0 785 987
466 903 118 140 Boró 0 466 903
689 1014 102 140 La_Mesa 0 689 1014
297 934 136 92 Progreso 0 297 934
646 1019 140 126 Nuevo_San_Juan 0 646 1019
471 861 150 134 Guarumal 0 471 861
490 911 93 52 Calabacito 0 490 911
574 859 67 79 Perales 0 574 859
658 1008 114 116 Alcalde_Díaz 0 658 1008
649 1028 54 71 Sardinilla 0 649 1028
528 852 84 120 Quebrada_del_Rosario 0 528 852
621 963 58 79 Campana 0 621 963
540 927 73 139 Barranco_Colorado 0 540 927
687 1004 139 111 Pacora 0 687 1004
543 867 65 149 Rincón_Hondo 0 543 867
425 935 132 123 Peña_Blanca 0 425 935
505 879 135 100 El_Barrito 0 505 879
325 957 92 87 Paraíso 0 325 957
647 989 55 58 Arraiján 0 647 989
613 991 136 132 Arosemena 0 613 991
415 933 74 104 Hato_Chami 0 415 933
392 920 73 74 Hato_Corotú 0 392 920
405 936 119 139 Hato_Culantro 0 405 936
420 946 82 89 Mirones 0 420 946
437 977 107 117 Boca_del_Río_Chiriquí 0 437 977
431 930 117 108 Llano_Ñopo 0 431 930
406 983 65 130 Bisira 0 406 983
475 904 123 74 Bisvalles 0 475 904
413 958 76 55 Cuoronte 0 413 958
302 938 75 146 Aserrío_de_Gariché 0 302 938
213 895 122 100 Yape 0 213 895
202 902 138 139 Yaviza 0 202 902
600 1020 55 115 Nuevo_Chagres 0 600 1020
630 1024 110 136 Nueva_Providencia 0 630 1024
623 945 77 81 Nueva_Gorgona 0 623 945
640 986 51 123 Nuevo_Arraiján 0 640 986
561 882 79 89 Monagrillo 0 561 882
780 931 91 123 Gonzalo_Vásquez 0 780 931
589 938 53 144 Santa_Rita 0 589 938
334 934 98 64 San_Pablo_Viejo_Abajo 0 334 934
334 931 145 92 San_Pablo_Nuevo_Abajo 0 334 931
484 873 88 57 Las_Huacas 0 484 873
446 914 72 96 Alto_de_Jesús 0 446 914
542 873 108 75 Pesé 0 542 873
322 1049 77 112 Guabito 0 322 1049
441 907 143 65 El_Piro 0 441 907
404 928 64 95 Hato_Pilón 0 404 928
588 849 54 141 La_Palma 0 588 849
809 839 56 95 Puerto_Piña 0 809 839
490 899 67 148 San_Pedro_del_Espino 0 490 899
495 940 135 74 El_Alto 0 495 940
432 917 94 87 Llano_Culebra 0 432 917
582 855 122 79 Sesteadero 0 582 855
525 882 99 150 Cabuya 0 525 882
579 863 100 64 Guararé 0 579 863
293 926 63 62 Finca_Blanco 0 293 926
608 1018 56 142 Achiote 0 608 1018
531 881 127 78 Llano_Grande 0 531 881
484 892 141 95 Llano_Grande 0 484 892
623 979 89 84 Santa_Rita 0 623 979
445 921 144 88 Viguí 0 445 921
491 879 112 74 El_Pilón 0 491 879
471 926 97 108 El_Picador 0 471 926
350 940 53 149 Cochea_Abajo 0 350 940
172 978 79 134 Mortí 0 172 978
482 914 84 97 San_Marcelo 0 482 914
203 897 117 144 Pinogana 0 203 897
617 945 129 59 Las_Lajas 0 617 945
509 942 86 109 Piedras_Gordas 0 509 942
402 927 120 78 Hato_Jobo 0 402 927
580 865 112 56 La_Enea 0 580 865
642 987 56 66 Vista_Alegre 0 642 987
334 955 71 123 Rovira_Arriba 0 334 955
636 1043 63 86 María_Chiquita 0 636 1043
643 1025 121 139 Buena_Vista 0 643 1025
604 951 114 135 La_Laguna 0 604 951
627 999 117 87 La_Laguna 0 627 999
553 928 125 116 El_Caño 0 553 928
367 942 88 121 Los_Ángeles 0 367 942
677 1005 73 90 Tocumen 0 677 1005
426 910 89 76 Tolé 0 426 910
313 941 100 118 Santa_Marta 0 313 941
465 896 132 51 Rodeo_Viejo 0 465 896
668 1000 128 82 San_Miguelito 0 668 1000
404 916 118 141 San_Félix 0 404 916
299 966 140 109 Plaza_de_Caisán 0 299 966
364 957 90 134 Valle_de_La_Mina 0 364 957
549 864 56 75 La_Colorada 0 549 864
765 1044 110 136 Narganá 0 765 1044
476 919 142 97 Cañazas 0 476 919
567 871 98 128 La_Espigadilla 0 567 871
631 980 145 126 El_Coco 0 631 980
492 943 141 99 El_Pantano 0 492 943
311 940 65 90 Santo_Domingo 0 311 940
583 856 130 73 Santo_Domingo 0 583 856
502 922 124 53 El_Peñón 0 502 922
561 818 143 75 Tonosí 0 561 818
410 977 50 66 Kankintú 0 410 977
425 916 126 150 Alto_Caballero 0 425 916
327 940 131 122 Boquerón 0 327 940
539 878 89 100 Llano_de_La_Cruz 0 539 878
502 852 126 72 Tebario 0 502 852
565 849 97 84 El_Macano 0 565 849
549 889 72 97 París 0 549 889
552 883 117 88 Parita 0 552 883
684 1057 79 126 Cuango 0 684 1057
505 943 65 55 Gatú 0 505 943
628 952 144 57 El_Líbano 0 628 952
630 1032 103 132 Sabanitas 0 630 1032
331 935 125 108 Bágala 0 331 935
615 954 134 55 Buenos_Aires 0 615 954
446 930 77 97 Buenos_Aires 0 446 930
298 972 58 109 Monte_Lirio 0 298 972
437 919 143 86 Cerro_Iglesias 0 437 919
455 963 58 69 Loma_Yuca 0 455 963
569 854 86 85 Las_Trancas 0 569 854
539 871 78 60 Sabana_Grande 0 539 871
200 986 139 57 Tubualá 0 200 986
498 896 66 61 Los_Algarrobos 0 498 896
537 902 138 138 El_Roble 0 537 902
517 919 142 85 Calobre 0 517 919
515 814 110 101 Arenas 0 515 814
507 892 134 56 San_Antonio 0 507 892
342 965 72 103 Alto_Boquete 0 342 965
595 838 75 140 Lajamina 0 595 838
574 956 135 127 Toabré 0 574 956
540 820 94 71 El_Cortezo 0 540 820
517 858 147 78 Leones_Arriba 0 517 858
587 829 147 74 Oria_Arriba 0 587 829
729 988 125 94 Pásiga 0 729 988
626 996 119 142 Mendoza 0 626 996
806 881 142 123 Bayamón 0 806 881
539 853 95 110 El_Capurí 0 539 853
319 970 139 128 Volcán 0 319 970
608 968 116 60 El_Cacao 0 608 968
709 1013 73 103 Chepo 0 709 1013
395 915 61 113 Juay 0 395 915
698 1054 119 144 Santa_Isabel 0 698 1054
578 853 146 85 Peña_Blanca 0 578 853
431 907 55 67 Bella_Vista 0 431 907
502 871 88 117 Ponuga 0 502 871
542 882 66 117 Los_Castillos 0 542 882
460 923 85 108 El_Bale 0 460 923
545 821 57 73 La_Tronosa 0 545 821
541 912 79 98 El_Cristo 0 541 912
515 887 119 88 La_Montañuela 0 515 887
532 897 97 122 Los_Canelos 0 532 897
171 940 63 94 Metetí 0 171 940
588 944 83 104 Caballero 0 588 944
547 878 65 90 El_Pájaro 0 547 878
486 879 71 142 El_Pájaro 0 486 879
585 945 143 134 San_Juan_de_Dios 0 585 945
526 905 140 118 Las_Guías_Abajo 0 526 905
294 895 107 128 Limones 0 294 895
636 998 97 96 Santa_Clara 0 636 998
565 866 150 96 Tres_Quebradas 0 565 866
581 823 71 73 Cañas 0 581 823
647 1056 123 87 Portobelo 0 647 1056
544 886 70 121 Portobelillo 0 544 886
328 937 73 94 Tijeras 0 328 937
372 935 115 51 Plan_de_Chorcha 0 372 935
576 1011 140 83 Miguel_de_La_Borda 0 576 1011
435 925 112 113 Sitio_Prado 0 435 925
537 849 57 149 El_Cedro 0 537 849
577 858 76 100 Las_Palmitas 0 577 858
806 888 127 60 Sambú 0 806 888
807 887 82 131 Puerto_Indio 0 807 887
589 958 82 145 Chiguirí_Arriba 0 589 958
538 930 104 133 Olá 0 538 930
578 935 121 76 Juan_Díaz 0 578 935
327 978 71 68 Cerro_Punta 0 327 978
459 916 126 96 Cerro_de_Plata 0 459 916
440 936 108 94 Cerro_Plata 0 440 936
545 941 53 60 Guzman 0 545 941
306 955 124 68 Santa_Cruz 0 306 955
444 884 59 67 Zapotillo 0 444 884
343 1020 110 124 Valle_del_Risco 0 343 1020
390 977 130 108 Quebrada_Tula 0 390 977
524 892 99 86 Chupampa 0 524 892
556 803 110 114 Cambutal 0 556 803
417 947 117 83 Piedra_Roja 0 417 947
602 934 67 53 La_Ermita 0 602 934
826 1021 110 73 Ailigandí 0 826 1021
519 908 70 137 La_Raya_de_Calobre 0 519 908
549 854 138 150 Macaracas 0 549 854
617 943 90 65 San_José 0 617 943
568 843 123 120 Bayano 0 568 843
342 969 52 114 Bajo_Boquete 0 342 969
426 924 101 88 Chichica 0 426 924
476 881 110 79 Utirá 0 476 881
542 897 131 76 El_Rincón 0 542 897
593 937 113 123 El_Retiro 0 593 937
323 962 124 110 Cordillera 0 323 962
583 860 106 94 El_Manantial 0 583 860
563 873 66 51 Llano_Largo 0 563 873
340 966 107 80 Palmira_Centro 0 340 966
369 984 131 140 Punta_Peña 0 369 984
651 1011 127 90 Chilibre 0 651 1011
359 1016 76 110 Tierra_Oscura 0 359 1016
540 887 139 116 Cabuya 0 540 887
604 1002 50 76 Cuipo 0 604 1002
562 864 68 109 Las_Cruces 0 562 864
464 885 100 53 Soná 0 464 885
524 929 61 72 Barnizal 0 524 929
613 983 89 140 Pueblo_Nuevo 0 613 983
633 977 80 108 La_Mitra 0 633 977
331 925 62 144 Querévalo 0 331 925
419 925 62 95 Maraca 0 419 925
541 832 70 95 Altos_de_Güera 0 541 832
621 1031 139 68 Las_Margaritas 0 621 1031
608 945 91 140 Guayabito 0 608 945
561 848 122 105 El_Espino_Amarillo 0 561 848
450 887 127 137 El_María 0 450 887
323 922 61 120 Palo_Grande 0 323 922
641 955 133 103 Punta_Chame 0 641 955
571 928 83 83 El_Coco 0 571 928
318 1037 67 92 Sieyic 0 318 1037
535 948 134 105 Las_Sabanas 0 535 948
377 923 67 50 Boca_del_Monte 0 377 923
622 948 140 62 Chame 0 622 948
588 1015 94 150 Boca_de_Río_Indio 0 588 1015
568 861 101 141 El_Hato 0 568 861
425 894 60 138 Quebrada_de_Piedra 0 425 894
687 1057 120 76 Playa_Chiquita 0 687 1057
344 946 78 87 Dolega 0 344 946
559 844 64 83 Mogollón 0 559 844
432 923 63 113 Cerro_Caña 0 432 923
362 999 75 100 Punta_Róbalo 0 362 999
566 955 123 82 Las_Minas 0 566 955
819 917 60 88 Setegantí 0 819 917
468 952 87 126 Río_Grande 0 468 952
592 926 130 119 Río_Hato 0 592 926
570 842 77 148 Valle_Rico 0 570 842
575 842 145 90 Vallerriquito 0 575 842
444 910 96 55 El_Prado 0 444 910
544 856 110 116 La_Arena 0 544 856
575 869 100 98 El_Espinal 0 575 869
514 906 124 92 Los_Higos 0 514 906
448 940 132 65 Agua_de_Salud 0 448 940
727 922 77 125 La_Guinea 0 727 922
477 970 98 147 Calovébora 0 477 970
214 888 77 148 Boca_de_Cupé 0 214 888
712 953 85 62 Saboga 0 712 953
658 972 130 56 Taboga 0 658 972
367 1033 81 102 Bastimentos 0 367 1033
333 1043 93 121 Changuinola 0 333 1043
787 976 100 95 Platanilla 0 787 976
787 949 95 120 Barriales 0 787 949
624 972 90 124 Villa_Carmen 0 624 972
549 917 96 146 Capellanía 0 549 917
623 968 129 144 Capira 0 623 968
486 886 105 117 Los_Castillos 0 486 886
585 982 58 51 Las_Marias 0 585 982
354 960 142 55 Paja_de_Sombrero 0 354 960
482 881 138 147 Río_de_Jesús 0 482 881
427 909 136 108 Veladero 0 427 909
225 882 125 124 Púcuro 0 225 882
419 910 84 135 El_Nancito 0 419 910
653 951 85 147 Otoque_Occidente 0 653 951
654 951 99 50 Otoque_Oriente 0 654 951
335 960 77 77 Potrerillos_Arriba 0 335 960
555 863 88 125 Las_Guabas 0 555 863
521 874 71 117 Las_Guabas 0 521 874
570 852 69 129 Río_Hondo 0 570 852
343 972 145 92 Jaramillo_Arriba 0 343 972
331 922 136 124 Guarumal 0 331 922
366 908 53 66 Boca_Chica 0 366 908
803 901 69 53 Pueblo_Nuevo 0 803 901
436 909 118 91 Cerro_Venado 0 436 909
655 1062 115 138 Puerto_Lindo 0 655 1062
321 941 115 76 La_Concepción 0 321 941
