155
284 1618 109 105 Barilan 0 284 1618
290 1620 81 142 Quezon_City 0 290 1620
788 782 100 132 Davao 0 788 782
680 937 99 148 Cagayan_de_Oro 0 680 937
740 676 115 113 General_Santos 0 740 676
494 1179 62 77 Bacolod 0 494 1179
597 1139 127 133 Cebu_City 0 597 1139
397 763 60 144 Zamboanga_City 0 397 763
518 1509 51 102 Dinaga 0 518 1509
636 910 119 104 Iligan 0 636 910
242 1816 65 76 Baguio_City 0 242 1816
283 1527 79 97 Bulagang 0 283 1527
284 1609 121 54 Pasay_City 0 284 1609
452 1182 149 72 Bulilao 0 452 1182
579 1452 98 89 Legazpi_City 0 579 1452
240 1676 135 135 Angeles_City 0 240 1676
207 1642 69 60 Olongapo 0 207 1642
531 1210 94 111 Cadiz 0 531 1210
718 1243 142 61 Tacloban 0 718 1243
637 798 147 78 Cotabato 0 637 798
321 1553 88 101 San_Ignacio 0 321 1553
281 1713 116 58 Cabanatuan_City 0 281 1713
249 2013 119 112 Lagui 0 249 2013
779 990 90 121 Butuan 0 779 990
242 1712 100 148 Tarlac_City 0 242 1712
215 1775 68 105 Dagupan_City 0 215 1775
548 865 117 120 Pagadian 0 548 865
690 1077 92 65 Puerto_Princesa 0 690 1077
364 1948 91 149 Tuguegarao 0 364 1948
472 1280 81 54 Roxas_City 0 472 1280
593 903 74 144 Misamis 0 593 903
773 1083 69 147 Surigao 0 773 1083
672 1334 128 97 Cagbanayacao 0 672 1334
222 1944 95 149 Vigan 0 222 1944
810 824 72 65 Tagum 0 810 824
545 1158 141 135 San_Carlos 0 545 1158
730 976 121 60 Gingoog 0 730 976
239 1463 87 137 Mamburao 0 239 1463
441 846 143 74 Roseller_Lim 0 441 846
382 1534 88 60 Agdangan 0 382 1534
807 556 84 71 Bongao 0 807 556
781 1126 148 92 San_Jose 0 781 1126
753 674 74 73 Alabel 0 753 674
556 1018 85 91 Siquijor 0 556 1018
296 1619 140 150 Marikina_City 0 296 1619
303 1613 92 67 Antipolo 0 303 1613
519 1506 93 88 Naga_City 0 519 1506
284 1890 146 65 Bontoc 0 284 1890
565 1092 61 118 Argao 0 565 1092
606 1071 125 138 Sikatuna 0 606 1071
329 1540 60 123 Candelaria 0 329 1540
603 1139 101 126 Lapu-Lapu_City 0 603 1139
206 926 98 78 Hinatuan 0 206 926
452 1182 132 139 Iloilo 0 452 1182
633 1502 107 100 Virac 0 633 1502
595 1064 118 141 Dauis 0 595 1064
345 1742 122 67 Baler 0 345 1742
454 860 142 131 Ipil 0 454 860
430 1294 87 148 Kalibo 0 430 1294
318 1544 130 84 Tiaong 0 318 1544
603 1141 106 149 Mandaue_City 0 603 1141
302 1823 91 133 Bayombong 0 302 1823
280 1620 72 131 Navotas 0 280 1620
174 865 124 133 Monkayo 0 174 865
677 1382 83 100 Catarman 0 677 1382
290 1521 91 78 Batangas 0 290 1521
381 1896 61 139 Ilagan 0 381 1896
342 1826 120 112 Cabarroguis 0 342 1826
537 1082 87 148 Madridejos 0 537 1082
307 1993 64 127 Kabugao 0 307 1993
593 1067 90 87 Tagbilaran_City 0 593 1067
652 1278 50 136 Naval 0 652 1278
314 1561 71 95 Santa_Cruz 0 314 1561
760 746 63 123 Digos 0 760 746
288 1615 126 129 San_Juan 0 288 1615
288 1613 91 143 Mandaluyong_City 0 288 1613
702 1120 87 78 Maasin 0 702 1120
734 902 63 66 Malaybalay 0 734 902
282 1615 146 123 Manila 0 282 1615
543 1090 102 57 Badian 0 543 1090
287 1594 83 95 Muntinlupa_City 0 287 1594
292 1607 126 108 Taguig_City 0 292 1607
283 1603 80 99 City_of_Parañaque 0 283 1603
495 1560 60 134 Daet 0 495 1560
214 1839 121 81 San_Fernando 0 214 1839
730 775 90 54 Kidapawan 0 730 775
246 1947 68 76 Bangued 0 246 1947
371 1539 135 145 Padre_Burgos 0 371 1539
721 1110 114 113 Padre_Burgos 0 721 1110
384 1187 105 90 San_Jose 0 384 1187
234 1623 88 103 Balanga 0 234 1623
317 1925 112 82 Tabuk 0 317 1925
350 1540 137 85 Lucena 0 350 1540
192 1004 91 60 Tandag 0 192 1004
245 2013 133 109 Laoag 0 245 2013
288 1609 64 135 Makati_City 0 288 1609
248 1683 145 82 Magalang 0 248 1683
182 944 145 115 Barobo 0 182 944
818 949 86 133 Prosperidad 0 818 949
558 1079 133 67 Dalaguete 0 558 1079
455 1178 50 130 Jordan 0 455 1178
705 1302 61 140 Catbalogan 0 705 1302
580 1516 86 77 Pili 0 580 1516
291 660 80 66 Talipao 0 291 660
765 1284 85 148 Borongan 0 765 1284
264 1642 97 150 Malolos 0 264 1642
299 1858 88 150 Lagawe 0 299 1858
386 741 68 62 City_of_Isabela 0 386 741
477 1277 110 120 Panay 0 477 1277
675 1217 129 103 Ormoc 0 675 1217
788 709 111 96 Malita 0 788 709
251 1663 103 120 San_Fernando 0 251 1663
609 1434 85 81 Sorsogon 0 609 1434
294 1719 104 77 Palayan_City 0 294 1719
376 2022 114 149 Buguey 0 376 2022
588 938 60 102 Oroquieta 0 588 938
567 1367 130 105 Masbate 0 567 1367
592 1077 143 75 Maribojoc 0 592 1077
688 1022 64 117 Mambajao 0 688 1022
659 759 73 141 Shariff_Aguak 0 659 759
778 1009 95 136 Cabadbaran 0 778 1009
587 890 113 101 Tubod 0 587 890
281 1622 106 61 Malabon 0 281 1622
473 861 84 76 Kabasalan 0 473 861
677 733 56 59 Isulan 0 677 733
315 1536 72 78 San_Antonio 0 315 1536
192 769 56 104 Mati 0 192 769
269 1580 56 101 Trece_Martires_City 0 269 1580
374 1486 114 78 Boac 0 374 1486
180 955 124 52 Lianga 0 180 955
293 1610 76 140 Pasig_City 0 293 1610
526 1426 76 54 Claveria 0 526 1426
345 1845 96 52 Santiago 0 345 1845
819 1696 114 120 Iba 0 819 1696
170 770 134 120 Banaybanay 0 170 770
537 949 148 125 Dipolog 0 537 949
599 1064 68 92 Baclayon 0 599 1064
302 1483 148 113 Calapan 0 302 1483
242 1820 86 139 La_Trinidad 0 242 1820
544 1102 59 81 Alcantara 0 544 1102
533 1028 145 99 Dumaguete_City 0 533 1028
282 1620 71 55 Caloocan_City 0 282 1620
641 884 147 118 Marawi_City 0 641 884
826 841 59 148 Nabunturan 0 826 841
269 1511 53 81 Tingloy 0 269 1511
326 1529 97 133 San_Juan 0 326 1529
280 1625 79 140 Valenzuela 0 280 1625
719 690 108 128 Koronadal 0 719 690
203 1773 115 141 Lingayen 0 203 1773
600 1071 102 78 Corella 0 600 1071
392 2261 123 68 Basco 0 392 2261
420 1390 97 94 Romblon 0 420 1390
169 763 93 57 Lupon 0 169 763
278 669 109 130 Jolo 0 278 669
384 1569 94 121 Perez 0 384 1569
