336
359 5569 141 102 Katowice 0 359 5569
500 5788 83 101 Warsaw 0 500 5788
394 5734 139 51 Łódź 0 394 5734
427 5545 146 109 Kraków 0 427 5545
347 6026 125 79 Gdańsk 0 347 6026
352 5579 149 114 Bytom 0 352 5579
642 5662 80 51 Wrocław 0 642 5662
633 5809 121 76 Poznań 0 633 5809
334 5574 134 132 Gliwice 0 334 5574
473 5921 147 81 Szczecin 0 473 5921
300 5890 150 60 Bydgoszcz 0 300 5890
609 5678 133 131 Lublin 0 609 5678
341 6041 99 139 Gdynia 0 341 6041
643 5889 91 73 Białystok 0 643 5889
571 5543 132 138 Rzeszów 0 571 5543
473 5635 50 139 Kielce 0 473 5635
466 5959 86 128 Olsztyn 0 466 5959
706 5617 105 122 Opole 0 706 5617
396 6001 131 128 Elbląg 0 396 6001
534 5754 149 149 Zielona_Góra 0 534 5754
577 6005 71 150 Koszalin 0 577 6005
350 5930 91 146 Twierdza_Grudziadz 0 350 5930
315 5853 140 71 Inowrocław 0 315 5853
589 5965 100 85 Ełk 0 589 5965
674 5891 80 142 Nakło_nad_Notecią 0 674 5891
614 5476 78 104 Ustrzyki_Dolne 0 614 5476
668 5925 122 111 Sępólno_Krajeńskie 0 668 5925
511 5500 125 79 Gorlice 0 511 5500
429 5481 140 119 Nowy_Targ 0 429 5481
577 5796 105 96 Nowy_Tomyśl 0 577 5796
370 5716 140 80 Łask 0 370 5716
539 5679 63 74 Bolesławiec 0 539 5679
598 5988 100 97 Olecko 0 598 5988
645 5766 109 76 Biała_Podlaska 0 645 5766
574 5706 113 79 Polkowice 0 574 5706
581 5596 53 116 Nisko 0 581 5596
573 5505 138 84 Brzozów 0 573 5505
347 5575 128 74 Ruda_Śląska 0 347 5575
386 5691 130 83 Bełchatów 0 386 5691
393 5901 121 145 Brodnica 0 393 5901
354 5555 116 123 Tychy 0 354 5555
622 5834 105 83 Oborniki 0 622 5834
528 5891 62 81 Choszczno 0 528 5891
596 5480 126 92 Lesko 0 596 5480
367 5575 133 66 Będzin 0 367 5575
703 5632 55 81 Hrubieszów 0 703 5632
370 5976 111 119 Sztum 0 370 5976
351 5573 128 73 Świętochłowice 0 351 5573
645 5627 143 55 Strzelin 0 645 5627
540 5689 116 141 Zwoleń 0 540 5689
574 5724 119 109 Głogów 0 574 5724
474 5772 73 123 Grodzisk_Mazowiecki 0 474 5772
487 5779 145 79 Pruszków 0 487 5779
391 5658 53 122 Radomsko 0 391 5658
470 5932 86 92 Police 0 470 5932
393 5880 70 123 Rypin 0 393 5880
489 5787 117 112 Ożarów_Mazowiecki 0 489 5787
317 5542 125 79 Wodzisław_Śląski 0 317 5542
342 5575 84 82 Zabrze 0 342 5575
359 5667 83 128 Pajęczno 0 359 5667
666 5920 57 51 Sokółka 0 666 5920
703 5701 138 56 Ostrzeszów 0 703 5701
352 5538 66 76 Pszczyna 0 352 5538
671 5760 66 140 Jarocin 0 671 5760
520 5663 84 137 Lubań 0 520 5663
651 5558 87 66 Lubaczów 0 651 5558
359 5520 106 108 Bielsko-Biała 0 359 5520
485 5980 147 74 Kamień_Pomorski 0 485 5980
490 5674 66 132 Szydłowiec 0 490 5674
521 5718 132 104 Żagań 0 521 5718
329 5513 111 133 Cieszyn 0 329 5513
376 5562 133 87 Jaworzno 0 376 5562
472 5997 56 106 Lidzbark_Warmiński 0 472 5997
569 5806 127 108 Węgrów 0 569 5806
605 5862 73 51 Czarnków 0 605 5862
301 5686 95 124 Wieruszów 0 301 5686
524 5992 64 95 Kętrzyn 0 524 5992
503 5910 96 64 Stargard_Szczeciński 0 503 5910
391 5526 65 70 Wadowice 0 391 5526
677 5824 84 99 Gniezno 0 677 5824
695 5797 134 91 Słupca 0 695 5797
529 5627 122 59 Opatów 0 529 5627
321 6054 124 77 Wejherowo 0 321 6054
631 5685 78 76 Łęczna 0 631 5685
496 5721 118 55 Białobrzegi 0 496 5721
397 5570 96 129 Olkusz 0 397 5570
659 5621 126 103 Zamość 0 659 5621
377 5856 146 102 Lipno 0 377 5856
587 5546 149 83 Łańcut 0 587 5546
632 5723 133 81 Parczew 0 632 5723
458 5505 144 69 Limanowa 0 458 5505
347 5590 121 57 Tarnowskie_Góry 0 347 5590
354 5641 114 98 Kłobuck 0 354 5641
492 5888 112 65 Pyrzyce 0 492 5888
689 5941 121 148 Tuchola 0 689 5941
506 5655 59 130 Starachowice 0 506 5655
317 6024 104 99 Kartuzy 0 317 6024
611 5702 57 89 Lubartów 0 611 5702
586 5490 118 140 Sanok 0 586 5490
601 5864 69 116 Wysokie_Mazowieckie 0 601 5864
377 6008 99 105 Nowy_Dwór_Gdański 0 377 6008
480 5808 140 52 Nowy_Dwór_Mazowiecki 0 480 5808
616 5890 94 92 Piła 0 616 5890
406 5920 150 95 Nowe_Miasto_Lubawskie 0 406 5920
461 5767 142 54 Żyrardów 0 461 5767
398 5510 89 108 Sucha_Beskidzka 0 398 5510
638 5749 76 68 Gostyń 0 638 5749
673 5667 147 53 Chełm 0 673 5667
448 5787 108 144 Sochaczew 0 448 5787
601 5568 86 83 Leżajsk 0 601 5568
699 5838 82 148 Mogilno 0 699 5838
410 5856 86 110 Sierpc 0 410 5856
564 5719 119 150 Ryki 0 564 5719
300 5552 109 56 Racibórz 0 300 5552
511 5601 54 105 Staszów 0 511 5601
329 5914 146 143 Chełmno 0 329 5914
373 5576 147 85 Dąbrowa_Górnicza 0 373 5576
542 5749 58 60 Garwolin 0 542 5749
652 5650 126 85 Krasnystaw 0 652 5650
538 5714 99 89 Kozienice 0 538 5714
367 5566 135 140 Mysłowice 0 367 5566
500 5666 141 148 Zgorzelec 0 500 5666
631 6037 52 132 Słupsk 0 631 6037
328 5765 130 113 Turek 0 328 5765
682 5859 145 60 Żnin 0 682 5859
441 5757 117 63 Skierniewice 0 441 5757
653 5998 119 86 Sejny 0 653 5998
553 5942 116 125 Pisz 0 553 5942
330 5677 129 123 Wieluń 0 330 5677
330 5920 142 140 Świecie 0 330 5920
574 5600 54 56 Stalowa_Wola 0 574 5600
355 5996 76 72 Tczew 0 355 5996
611 5738 60 85 Radzyń_Podlaski 0 611 5738
618 5675 94 89 Świdnik 0 618 5675
564 5985 85 105 Białogard 0 564 5985
458 5671 68 86 Końskie 0 458 5671
390 5744 146 93 Zgierz 0 390 5744
710 5595 117 63 Krapkowice 0 710 5595
581 5673 70 125 Legnica 0 581 5673
495 5805 76 69 Legionowo 0 495 5805
487 6011 89 124 Bartoszyce 0 487 6011
386 5555 68 50 Chrzanów 0 386 5555
470 5800 128 63 Słubice 0 470 5800
535 5858 124 84 Strzelce_Krajeńskie 0 535 5858
461 5912 103 117 Nidzica 0 461 5912
701 5564 140 119 Głubczyce 0 701 5564
427 5633 55 114 Włoszczowa 0 427 5633
492 5662 72 129 Skarżysko-Kamienna 0 492 5662
299 5738 97 147 Kalisz 0 299 5738
567 5666 136 143 Opole_Lubelskie 0 567 5666
560 5828 103 91 Międzychód 0 560 5828
318 5639 132 51 Olesno 0 318 5639
444 5899 99 125 Działdowo 0 444 5899
530 5570 55 63 Mielec 0 530 5570
560 5850 53 137 Ostrów_Mazowiecka 0 560 5850
505 5839 90 93 Pułtusk 0 505 5839
586 5641 131 150 Kraśnik 0 586 5641
431 5578 136 106 Miechów 0 431 5578
312 5787 54 127 Konin 0 312 5787
606 5725 123 109 Góra 0 606 5725
334 5546 109 150 Żory 0 334 5546
474 5858 139 91 Ciechanów 0 474 5858
424 5520 88 105 Myślenice 0 424 5520
490 5863 145 64 Myślibórz 0 490 5863
583 5695 95 64 Lubin 0 583 5695
548 5602 108 70 Tarnobrzeg 0 548 5602
409 5696 138 144 Piotrków_Trybunalski 0 409 5696
513 5974 65 130 Gryfice 0 513 5974
465 5900 125 127 Gryfino 0 465 5900
616 5621 75 98 Dzierżoniów 0 616 5621
352 5928 63 82 Grudziądz 0 352 5928
411 5823 113 53 Płock 0 411 5823
492 5874 102 100 Przasnysz 0 492 5874
488 5934 74 131 Goleniów 0 488 5934
628 5606 142 145 Ząbkowice_Śląskie 0 628 5606
676 5714 135 125 Włodawa 0 676 5714
450 5691 101 141 Opoczno 0 450 5691
324 5551 127 89 Rybnik 0 324 5551
533 5510 50 120 Jasło 0 533 5510
643 5686 150 144 Trzebnica 0 643 5686
506 5857 74 107 Maków_Mazowiecki 0 506 5857
449 5560 61 119 Proszowice 0 449 5560
669 5952 61 116 Chojnice 0 669 5952
629 5515 106 131 Przemyśl 0 629 5515
342 5718 87 62 Sieradz 0 342 5718
541 5943 97 92 Łobez 0 541 5943
519 5968 82 52 Mrągowo 0 519 5968
545 5667 63 139 Lipsko 0 545 5667
450 5973 88 84 Świnoujście 0 450 5973
665 5593 56 79 Nysa 0 665 5593
675 5800 62 51 Września 0 675 5800
342 6034 130 101 Sopot 0 342 6034
363 5954 79 129 Kwidzyn 0 363 5954
538 5882 111 136 Ostrołęka 0 538 5882
673 5636 101 56 Brzeg 0 673 5636
655 5788 92 93 Środa_Wielkopolska 0 655 5788
611 5669 131 149 Środa_Śląska 0 611 5669
677 6046 82 52 Lębork 0 677 6046
550 5988 122 60 Giżycko 0 550 5988
585 5807 104 85 Sokołów_Podlaski 0 585 5807
424 5460 127 102 Zakopane 0 424 5460
427 5880 144 96 Żuromin 0 427 5880
376 5769 97 100 Łęczyca 0 376 5769
381 5603 147 66 Myszków 0 381 5603
304 5650 101 80 Kluczbork 0 304 5650
554 5565 122 86 Kolbuszowa 0 554 5565
338 5982 87 136 Starogard_Gdański 0 338 5982
674 5846 149 55 Hajnówka 0 674 5846
662 6006 104 53 Bytów 0 662 6006
521 5774 58 56 Otwock 0 521 5774
529 5544 117 141 Dębica 0 529 5544
369 5835 64 86 Włocławek 0 369 5835
371 5989 130 75 Malbork 0 371 5989
606 5546 81 110 Przeworsk 0 606 5546
614 5688 68 143 Wołów 0 614 5688
694 6001 71 143 Kościerzyna 0 694 6001
551 5638 121 70 Jelenia_Góra 0 551 5638
543 5544 64 62 Ropczyce 0 543 5544
590 5740 112 93 Wschowa 0 590 5740
539 5811 102 118 Międzyrzecz 0 539 5811
463 5568 136 143 Kazimierza_Wielka 0 463 5568
668 5730 89 87 Krotoszyn 0 668 5730
367 5628 148 85 Częstochowa 0 367 5628
395 5809 139 135 Gostynin 0 395 5809
448 5735 135 58 Rawa_Mazowiecka 0 448 5735
694 5725 62 104 Ostrów_Wielkopolski 0 694 5725
490 5745 53 141 Grójec 0 490 5745
428 5774 59 73 Łowicz 0 428 5774
551 5958 102 116 Świdwin 0 551 5958
363 5550 112 124 Bieruń 0 363 5550
587 5780 67 70 Siedlce 0 587 5780
571 5892 149 88 Łomża 0 571 5892
479 5590 90 55 Busko-Zdrój 0 479 5590
327 5534 131 132 Jastrzębie-Zdrój 0 327 5534
369 5886 120 148 Golub-Dobrzyń 0 369 5886
583 5871 60 97 Zambrów 0 583 5871
471 5535 110 129 Brzesko 0 471 5535
648 5853 138 103 Wągrowiec 0 648 5853
671 5591 138 94 Tomaszów_Lubelski 0 671 5591
431 5710 66 114 Tomaszów_Mazowiecki 0 431 5710
626 5996 115 86 Suwałki 0 626 5996
628 5719 107 58 Rawicz 0 628 5719
355 5574 99 106 Chorzów 0 355 5574
576 5774 99 73 Wolsztyn 0 576 5774
346 6015 72 145 Pruszcz_Gdański 0 346 6015
612 5952 119 106 Szczecinek 0 612 5952
596 5945 94 54 Grajewo 0 596 5945
356 5718 61 104 Zduńska_Wola 0 356 5718
590 5625 92 62 Wałbrzych 0 590 5625
457 5830 118 125 Płońsk 0 457 5830
647 5848 60 131 Bielsk_Podlaski 0 647 5848
388 5594 96 107 Zawiercie 0 388 5594
508 5810 116 102 Sulęcin 0 508 5810
630 5968 86 85 Augustów 0 630 5968
516 5799 106 75 Wołomin 0 516 5799
332 5833 124 121 Radziejów 0 332 5833
583 5656 82 73 Jawor 0 583 5656
622 5599 149 86 Biłgoraj 0 622 5599
501 5768 65 143 Piaseczno 0 501 5768
515 5843 137 102 Gorzów_Wielkopolski 0 515 5843
333 6066 55 134 Puck 0 333 6066
350 5559 62 108 Mikołów 0 350 5559
368 5570 90 52 Sosnowiec 0 368 5570
496 5539 125 56 Tarnów 0 496 5539
584 6018 73 124 Gołdap 0 584 6018
548 6007 88 111 Węgorzewo 0 548 6007
572 5626 115 106 Kamienna_Góra 0 572 5626
432 5537 63 101 Wieliczka 0 432 5537
458 5885 137 73 Mława 0 458 5885
690 5661 55 77 Namysłów 0 690 5661
360 5574 69 148 Siemianowice_Śląskie 0 360 5574
626 5810 144 59 Siemiatycze 0 626 5810
549 5739 147 144 Nowa_Sól 0 549 5739
657 5710 124 61 Milicz 0 657 5710
353 5583 63 83 Piekary_Śląskie 0 353 5583
450 5610 150 90 Jędrzejów 0 450 5610
510 5694 104 143 Radom 0 510 5694
708 5685 148 127 Kępno 0 708 5685
300 5581 118 73 Kędzierzyn-Koźle 0 300 5581
466 5596 81 62 Pińczów 0 466 5596
458 5535 87 107 Bochnia 0 458 5535
661 5645 94 147 Oława 0 661 5645
527 5643 60 138 Ostrowiec_Świętokrzyski 0 527 5643
612 5772 116 92 Kościan 0 612 5772
538 6003 134 126 Kołobrzeg 0 538 6003
608 5745 65 59 Leszno 0 608 5745
413 5739 107 96 Brzeziny 0 413 5739
683 5577 61 111 Prudnik 0 683 5577
628 5873 74 110 Chodzież 0 628 5873
373 5544 123 101 Oświęcim 0 373 5544
369 5505 122 80 Żywiec 0 369 5505
345 5861 110 64 Aleksandrów_Kujawski 0 345 5861
499 5558 138 103 Dąbrowa_Tarnowska 0 499 5558
538 5781 120 76 Mińsk_Mazowiecki 0 538 5781
567 5696 54 68 Puławy 0 567 5696
666 5675 53 84 Oleśnica 0 666 5675
431 5950 111 58 Ostróda 0 431 5950
359 5751 85 96 Poddębice 0 359 5751
609 6025 110 135 Sławno 0 609 6025
363 5905 57 51 Wąbrzeźno 0 363 5905
620 5541 111 148 Jarosław 0 620 5541
336 5615 130 128 Lubliniec 0 336 5615
594 5754 146 110 Łuków 0 594 5754
478 5496 77 118 Nowy_Sącz 0 478 5496
506 5766 127 54 Krosno_Odrzańskie 0 506 5766
691 5753 70 100 Pleszew 0 691 5753
339 5878 132 101 Toruń 0 339 5878
557 5524 71 136 Strzyżów 0 557 5524
530 5827 91 94 Wyszków 0 530 5827
607 5830 104 77 Szamotuły 0 607 5830
598 5904 69 98 Wałcz 0 598 5904
604 5633 120 71 Świdnica 0 604 5633
593 5787 110 108 Grodzisk_Wielkopolski 0 593 5787
308 5599 125 133 Strzelce_Opolskie 0 308 5599
561 5918 56 119 Kolno 0 561 5918
338 5786 132 109 Koło 0 338 5786
404 5938 149 142 Iława 0 404 5938
499 5934 74 57 Szczytno 0 499 5934
619 5918 105 112 Mońki 0 619 5918
655 5949 142 52 Człuchów 0 655 5949
536 5788 109 136 Świedbodzin 0 536 5788
638 5772 150 144 Śrem 0 638 5772
564 5663 137 69 Złotoryja 0 564 5663
552 5615 59 73 Sandomierz 0 552 5615
636 5914 115 58 Złotów 0 636 5914
540 5662 147 89 Lwówek_Śląski 0 540 5662
388 5787 63 68 Kutno 0 388 5787
423 6026 148 150 Braniewo 0 423 6026
617 5785 143 113 Łosice 0 617 5785
555 5504 112 85 Krosno 0 555 5504
385 5724 91 111 Pabianice 0 385 5724
617 5588 70 106 Kłodzko 0 617 5588
473 5689 112 143 Przysucha 0 473 5689
599 5618 88 86 Janów_Lubelski 0 599 5618
509 5720 111 150 Żary 0 509 5720
553 5931 69 118 Drawsko_Pomorskie 0 553 5931
