285
488 4285 73 69 Lisbon 0 488 4285
531 4560 62 83 Picotos 0 531 4560
548 4600 68 120 Braga 0 548 4600
321 3612 148 91 Funchal 0 321 3612
508 4264 143 131 Setúbal 0 508 4264
549 4447 77 149 Copeira 0 549 4447
617 4177 111 117 Ponta_Delgada 0 617 4177
540 4110 84 146 Portimão 0 540 4110
595 4269 122 137 Évora 0 595 4269
529 4499 143 51 Aveiro 0 529 4499
516 4399 133 147 Leiria 0 516 4399
594 4097 73 84 Faro 0 594 4097
599 4208 104 125 Beja 0 599 4208
686 4630 142 90 Bragança 0 686 4630
629 4409 143 110 Castelo_Branco 0 629 4409
646 4488 60 140 Guarda 0 646 4488
527 4342 129 108 Santarém 0 527 4342
592 4501 149 110 Viseu 0 592 4501
627 4460 70 149 Covilhã 0 627 4460
602 4573 124 88 Vila_Marim 0 602 4573
635 4350 66 145 Portalegre 0 635 4350
513 4615 82 67 Viana_do_Castelo 0 513 4615
481 4277 83 129 Angra_do_Heroísmo 0 481 4277
354 4266 130 115 Portela 0 354 4266
528 4106 139 129 Lagos 0 528 4106
536 4639 136 59 Paredes_de_Coura 0 536 4639
633 4556 98 56 São_João_da_Pesqueira 0 633 4556
542 4527 150 134 São_João_da_Madeira 0 542 4527
623 4498 98 65 Fornos_de_Algodres 0 623 4498
561 4546 55 68 Castelo_de_Paiva 0 561 4546
613 4240 66 115 Portel 0 613 4240
532 4555 96 70 Porto 0 532 4555
577 4406 131 82 Sertã 0 577 4406
507 4104 127 61 Vila_do_Bispo 0 507 4104
616 4323 50 136 Fronteira 0 616 4323
670 4578 61 99 Alfândega_da_Fé 0 670 4578
636 4499 110 108 Celorico_da_Beira 0 636 4499
635 4148 101 147 Alcoutim 0 635 4148
648 4331 105 68 Arronches 0 648 4331
576 4569 57 117 Amarante 0 576 4569
620 4552 71 142 Tabuaço 0 620 4552
619 4483 124 52 Gouveia 0 619 4483
622 4519 64 114 Aguiar_da_Beira 0 622 4519
650 4420 123 140 Idanha-a-Nova 0 650 4420
599 4597 86 92 Ribeira_de_Pena 0 599 4597
609 4474 109 57 Seia 0 609 4474
505 4354 123 86 Rio_Maior 0 505 4354
542 4440 139 83 Condeixa-a-Nova 0 542 4440
586 4378 50 141 Mação 0 586 4378
560 4569 122 122 Lousada 0 560 4569
639 4516 89 149 Trancoso 0 639 4516
536 4511 61 79 Estarreja 0 536 4511
500 4278 144 150 Moita 0 500 4278
534 4624 72 89 Ponte_de_Lima 0 534 4624
558 4588 131 78 Guimarães 0 558 4588
486 4318 131 145 Sobral_de_Monte_Agraço 0 486 4318
491 4276 93 65 Seixal 0 491 4276
533 4340 140 133 Almeirim 0 533 4340
534 4466 109 115 Cantanhede 0 534 4466
659 4305 138 130 Elvas 0 659 4305
548 4628 81 73 Ponte_da_Barca 0 548 4628
544 4361 138 72 Golegã 0 544 4361
548 4476 149 104 Anadia 0 548 4476
635 4222 77 71 Moura 0 635 4222
595 4323 144 80 Avis 0 595 4323
547 4491 67 65 Águeda 0 547 4491
541 4560 132 143 Valongo 0 541 4560
513 4635 76 98 Caminha 0 513 4635
568 4167 136 68 Ourique 0 568 4167
572 4376 81 134 Sardoal 0 572 4376
521 4578 123 99 Vila_do_Conde 0 521 4578
627 4570 104 145 Alijó 0 627 4570
539 4130 116 52 Monchique 0 539 4130
584 4596 81 63 Cabeceiras_de_Basto 0 584 4596
517 4130 113 143 Aljezur 0 517 4130
567 4428 124 132 Castanheira_de_Pêra 0 567 4428
561 4662 95 133 Melgaço 0 561 4662
591 4368 57 68 Gavião 0 591 4368
635 4323 95 106 Monforte 0 635 4323
637 4293 85 86 Vila_Viçosa 0 637 4293
583 4152 117 149 Almodôvar 0 583 4152
626 4278 63 109 Redondo 0 626 4278
521 4643 128 131 Vila_Nova_de_Cerveira 0 521 4643
471 4309 58 81 Mafra 0 471 4309
564 4440 60 111 Lousã 0 564 4440
479 4290 119 107 Amadora 0 479 4290
663 4515 132 62 Pinhel 0 663 4515
622 4300 64 135 Estremoz 0 622 4300
655 4448 56 87 Penamacor 0 655 4448
610 4503 82 69 Penalva_do_Castelo 0 610 4503
616 4349 109 50 Crato 0 616 4349
597 4487 90 89 Nelas 0 597 4487
573 4192 102 114 Aljustrel 0 573 4192
518 4598 130 76 Esposende 0 518 4598
503 4289 57 73 Alcochete 0 503 4289
553 4509 146 78 Sever_do_Vouga 0 553 4509
491 4255 51 75 Sesimbra 0 491 4255
578 4512 99 102 São_Pedro_do_Sul 0 578 4512
472 4342 105 107 Lourinhã 0 472 4342
573 4472 79 100 Santa_Comba_Dão 0 573 4472
545 4368 58 58 Entroncamento 0 545 4368
609 4551 73 146 Armamar 0 609 4551
548 4633 70 86 Arcos_de_Valdevez 0 548 4633
552 4569 83 63 Paços_de_Ferreira 0 552 4569
569 4589 130 98 Fafe 0 569 4589
585 4344 113 124 Ponte_de_Sôr 0 585 4344
616 4537 99 80 Moimenta_da_Beira 0 616 4537
600 4562 62 125 Santa_Marta_de_Penaguião 0 600 4562
629 4584 145 146 Murça 0 629 4584
626 4528 149 65 Sernancelhe 0 626 4528
605 4572 92 137 Vila_Real 0 605 4572
665 4633 54 148 Vinhais 0 665 4633
542 4247 124 146 Alcácer_do_Sal 0 542 4247
535 4388 130 62 Ourém 0 535 4388
532 4553 78 108 Vila_Nova_de_Gaia 0 532 4553
633 4363 83 133 Castelo_de_Vide 0 633 4363
548 4366 108 150 Vila_Nova_da_Barquinha 0 548 4366
587 4110 137 109 Loulé 0 587 4110
599 4550 87 114 Lamego 0 599 4550
553 4408 76 106 Alvaiázere 0 553 4408
606 4510 100 149 Sátão 0 606 4510
543 4504 70 71 Albergaria-a-Velha 0 543 4504
526 4559 134 111 Matosinhos 0 526 4559
638 4284 147 65 Alandroal 0 638 4284
592 4400 117 140 Proença-a-Nova 0 592 4400
548 4110 129 106 Lagoa 0 548 4110
502 4284 71 110 Montijo 0 502 4284
567 4579 61 80 Felgueiras 0 567 4579
494 4383 117 83 Nazaré 0 494 4383
556 4438 94 143 Miranda_do_Corvo 0 556 4438
635 4538 125 92 Penedono 0 635 4538
551 4522 57 79 Vale_de_Cambra 0 551 4522
654 4574 132 147 Vila_Flor 0 654 4574
561 4417 123 142 Figueiró_dos_Vinhos 0 561 4417
526 4207 87 103 Santiago_do_Cacém 0 526 4207
535 4574 130 69 Trofa 0 535 4574
560 4562 73 59 Penafiel 0 560 4562
561 4457 134 121 Penacova 0 561 4457
572 4419 121 109 Pedrógão_Grande 0 572 4419
592 4419 142 72 Oleiros 0 592 4419
614 4312 70 53 Sousel 0 614 4312
588 4286 59 95 Arraiolos 0 588 4286
563 4451 86 83 Poiares 0 563 4451
540 4584 148 84 Famalicão 0 540 4584
546 4610 61 99 Vila_Verde 0 546 4610
557 4618 52 134 Terras_de_Bouro 0 557 4618
623 4473 118 97 Manteigas 0 623 4473
467 4294 80 79 Sintra 0 467 4294
561 4582 114 149 Vizela 0 561 4582
611 4391 69 149 Vila_Velha_de_Ródão 0 611 4391
516 4314 121 71 Benavente 0 516 4314
531 4564 69 121 Maia 0 531 4564
543 4576 125 116 Santo_Tirso 0 543 4576
472 4282 148 128 Oeiras 0 472 4282
583 4582 82 73 Celorico_de_Basto 0 583 4582
486 4346 128 125 Bombarral 0 486 4346
493 4279 103 67 Barreiro 0 493 4279
640 4468 60 127 Belmonte 0 640 4468
526 4446 116 112 Montemor-o-Velho 0 526 4446
530 4539 101 96 Espinho 0 530 4539
596 4468 99 72 Oliveira_do_Hospital 0 596 4468
569 4509 56 91 Oliveira_de_Frades 0 569 4509
544 4521 142 125 Oliveira_de_Azemeis 0 544 4521
542 4484 70 142 Oliveira_do_Bairro 0 542 4484
587 4243 130 84 Viana_do_Alentejo 0 587 4243
641 4567 133 84 Carrazeda_de_Anciães 0 641 4567
531 4523 129 128 Ovar 0 531 4523
539 4370 83 91 Torres_Novas 0 539 4370
477 4326 117 131 Torres_Vedras 0 477 4326
518 4334 72 54 Cartaxo 0 518 4334
604 4495 76 113 Mangualde 0 604 4495
607 4523 83 67 Vila_Nova_de_Paiva 0 607 4523
556 4561 65 82 Paredes 0 556 4561
605 4229 149 113 Vidigueira 0 605 4229
544 4356 87 123 Chamusca 0 544 4356
586 4593 88 118 Trofa 0 586 4593
670 4600 132 68 Macedo_de_Cavaleiros 0 670 4600
586 4551 96 125 Resende 0 586 4551
560 4603 121 75 Póvoa_de_Lanhoso 0 560 4603
538 4530 80 145 Feira 0 538 4530
511 4324 125 130 Azambuja 0 511 4324
571 4609 146 145 Vieira_do_Minho 0 571 4609
515 4390 57 109 Batalha 0 515 4390
528 4367 109 134 Alcanena 0 528 4367
508 4268 75 145 Palmela 0 508 4268
560 4394 125 67 Ferreira_do_Zêzere 0 560 4394
563 4531 140 50 Arouca 0 563 4531
573 4392 91 132 Vila_de_Rei 0 573 4392
550 4383 84 79 Tomar 0 550 4383
577 4485 73 62 Tondela 0 577 4485
557 4368 105 54 Constância 0 557 4368
613 4595 50 122 Vila_Pouca_de_Aguiar 0 613 4595
486 4281 79 92 Almada 0 486 4281
676 4510 146 124 Almeida 0 676 4510
588 4234 91 94 Alvito 0 588 4234
531 4434 129 101 Soure 0 531 4434
499 4322 101 128 Alenquer 0 499 4322
618 4167 127 55 Mértola 0 618 4167
594 4557 59 140 Mesão_Frio 0 594 4557
644 4249 109 131 Mourão 0 644 4249
640 4607 111 78 Valpaços 0 640 4607
531 4418 118 107 Pombal 0 531 4418
691 4579 136 61 Mogadouro 0 691 4579
519 4581 71 59 Póvoa_de_Varzim 0 519 4581
580 4557 79 138 Baião 0 580 4557
565 4472 126 63 Mortágua 0 565 4472
582 4468 123 131 Tábua 0 582 4468
463 4283 143 114 Cascais 0 463 4283
532 4598 131 143 Barcelos 0 532 4598
611 4616 51 130 Boticas 0 611 4616
619 4569 130 111 Sabrosa 0 619 4569
600 4630 117 117 Montalegre 0 600 4630
539 4554 145 74 Gondomar 0 539 4554
684 4551 81 114 Freixo_de_Espada_à_Cinta 0 684 4551
572 4310 101 100 Mora 0 572 4310
547 4281 128 101 Vendas_Novas 0 547 4281
651 4549 137 66 Vila_Nova_de_Foz_Côa 0 651 4549
488 4361 81 148 Caldas_da_Rainha 0 488 4361
639 4361 62 73 Marvão 0 639 4361
706 4606 144 130 Vimioso 0 706 4606
483 4294 102 121 Odivelas 0 483 4294
531 4161 92 129 Odemira 0 531 4161
467 4356 118 129 Peniche 0 467 4356
526 4489 106 118 Vagos 0 526 4489
571 4559 104 58 Marco_de_Canavezes 0 571 4559
541 4312 59 116 Coruche 0 541 4312
549 4450 109 123 Coimbra 0 549 4450
677 4222 145 123 Barrancos 0 677 4222
568 4278 58 103 Montemor-o-Novo 0 568 4278
646 4536 57 77 Mêda 0 646 4536
486 4356 71 88 Óbidos 0 486 4356
575 4445 66 120 Góis 0 575 4445
627 4254 117 76 Reguengos_de_Monsaraz 0 627 4254
663 4559 127 146 Torre_de_Moncorvo 0 663 4559
530 4509 88 60 Murtosa 0 530 4509
501 4378 86 61 Alcobaça 0 501 4378
511 4444 85 123 Figueira_da_Foz 0 511 4444
671 4528 60 51 Figueira_de_Castelo_Rodrigo 0 671 4528
568 4368 66 88 Abrantes 0 568 4368
493 4315 120 117 Arruda_dos_Vinhos 0 493 4315
627 4444 109 58 Fundão 0 627 4444
602 4541 141 148 Tarouca 0 602 4541
528 4494 80 87 Ílhavo 0 528 4494
536 4345 63 53 Alpiarça 0 536 4345
566 4105 102 52 Albufeira 0 566 4105
552 4431 126 132 Penela 0 552 4431
529 4653 145 55 Valença 0 529 4653
554 4609 56 81 Amares 0 554 4609
598 4112 99 110 São_Brás_de_Alportel 0 598 4112
589 4433 98 63 Pampilhosa_da_Serra 0 589 4433
620 4109 95 145 Tavira 0 620 4109
616 4374 78 121 Nisa 0 616 4374
615 4339 140 61 Alter_do_Chão 0 615 4339
580 4172 65 111 Castro_Verde 0 580 4172
546 4469 56 102 Mealhada 0 546 4469
597 4224 118 127 Cuba 0 597 4224
574 4508 53 124 Vouzela 0 574 4508
500 4311 74 66 Vila_Franca_de_Xira 0 500 4311
505 4399 65 51 Marinha_Grande 0 505 4399
576 4547 67 106 Cinfães 0 576 4547
634 4296 93 133 Borba 0 634 4296
522 4475 80 122 Mira 0 522 4475
549 4116 107 84 Silves 0 549 4116
537 4225 117 93 Grândola 0 537 4225
667 4320 53 108 Campo_Maior 0 667 4320
584 4211 149 149 Ferreira_do_Alentejo 0 584 4211
727 4597 65 108 Miranda_do_Douro 0 727 4597
651 4594 67 79 Mirandela 0 651 4594
627 4622 98 129 Chaves 0 627 4622
511 4200 143 138 Sines 0 511 4200
587 4584 77 55 Mondim_de_Basto 0 587 4584
542 4658 148 101 Monção 0 542 4658
638 4120 93 72 Castro_Marim 0 638 4120
589 4528 99 85 Castro_Daire 0 589 4528
580 4452 127 124 Arganil 0 580 4452
603 4098 131 60 Olhão 0 603 4098
491 4343 99 148 Cadaval 0 491 4343
485 4297 87 94 Loures 0 485 4297
517 4319 141 62 Salvaterra_de_Magos 0 517 4319
601 4557 87 127 Peso_da_Régua 0 601 4557
623 4200 76 97 Serpa 0 623 4200
662 4468 136 119 Sabugal 0 662 4468
548 4418 51 146 Ansião 0 548 4418
640 4117 94 66 Vila_Real_de_Santo_António 0 640 4117
515 4383 99 131 Porto_de_Mós 0 515 4383
