676
413 6179 61 71 Moscow 0 413 6179
346 6642 88 84 Saint_Petersburg 0 346 6642
623 6101 74 97 Novosibirsk 0 623 6101
354 6303 88 79 Yekaterinburg 0 354 6303
438 6242 137 118 Nizhniy_Novgorod 0 438 6242
443 5894 52 60 Samara 0 443 5894
397 6095 107 93 Omsk 0 397 6095
382 6184 131 133 Kazan’ 0 382 6184
399 6113 112 149 Chelyabinsk 0 399 6113
554 5231 88 60 Rostov-na-Donu 0 554 5231
438 6071 87 68 Ufa 0 438 6071
457 6429 54 65 Perm’ 0 457 6429
463 5396 98 133 Volgograd 0 463 5396
491 6208 114 114 Krasnoyarsk 0 491 6208
512 5724 52 124 Voronezh 0 512 5724
569 5710 105 134 Saratov 0 569 5710
498 4987 83 107 Krasnodar 0 498 4987
330 6023 90 66 Ul’yanovsk 0 330 6023
634 6302 58 70 Izhevsk 0 634 6302
551 6386 89 106 Yaroslavl’ 0 551 6386
683 5915 78 102 Barnaul 0 683 5915
737 4778 112 90 Vladivostok 0 737 4778
452 5794 110 138 Irkutsk 0 452 5794
506 5369 71 51 Khabarovsk 0 506 5369
704 4761 74 62 Makhachkala 0 704 4761
368 5737 73 110 Orenburg 0 368 5737
507 5956 64 102 Novokuznetsk 0 507 5956
375 6263 69 54 Tomsk 0 375 6263
544 6053 88 51 Ryazan’ 0 544 6053
652 6337 111 147 Tyumen’ 0 652 6337
538 5828 141 87 Lipetsk 0 538 5828
500 5894 67 82 Penza 0 500 5894
272 5137 60 124 Astrakhan’ 0 272 5137
411 6006 50 81 Tula 0 411 6006
441 6132 52 107 Kemerovo 0 441 6132
584 6173 105 86 Krasnyye_Chelny 0 584 6173
422 6495 58 96 Kirov 0 422 6495
639 6223 50 120 Cheboksary 0 639 6223
468 6062 104 85 Kaliningrad 0 468 6062
591 5901 67 145 Bryansk 0 591 5901
624 6320 61 133 Afanasovo 0 624 6320
636 5920 138 87 Magnitogorsk 0 636 5920
305 5735 55 133 Kursk 0 305 5735
675 6305 100 98 Tver’ 0 675 6305
415 6791 89 121 Surgut 0 415 6791
675 6423 85 124 Nizhniy_Tagil 0 675 6423
472 4764 55 132 Vladikavkaz 0 472 4764
734 4992 85 59 Stavropol’ 0 734 4992
679 5745 80 104 Ulan-Ude 0 679 5745
574 7158 90 92 Arkhangel’sk 0 574 7158
328 5609 122 79 Belgorod 0 328 5609
647 6147 110 52 Kurgan 0 647 6147
323 6045 80 54 Kaluga 0 323 6045
303 5872 63 113 Orël 0 303 5872
557 4828 56 103 Novyy_Sochi 0 557 4828
676 6280 109 141 Yoshkar-Ola 0 676 6280
483 5403 90 89 Volzhskiy 0 483 5403
438 6070 141 103 Smolensk 0 438 6070
408 6142 127 105 Podol’sk 0 408 6142
503 7652 75 105 Murmansk 0 503 7652
586 6222 149 83 Vladimir 0 586 6222
437 6555 122 114 Cherepovets 0 437 6555
671 5767 105 87 Chita 0 671 5767
388 4817 112 149 Nal’chik 0 388 4817
511 6003 118 73 Saransk 0 511 6003
664 5845 55 104 Tambov 0 664 5845
550 6564 100 107 Vologda 0 550 6564
492 5231 116 84 Taganrog 0 492 5231
614 6404 136 147 Kostroma 0 614 6404
642 5601 89 116 Komsomol’sk-na-Amure 0 642 5601
481 5973 99 73 Prokop’yevsk 0 481 5973
430 5942 57 99 Sterlitamak 0 430 5942
571 6852 135 115 Petrozavodsk 0 571 6852
404 6234 145 143 Dzerzhinsk 0 404 6234
609 5673 52 146 Orsk 0 609 5673
662 6227 137 140 Bratsk 0 662 6227
584 6756 77 150 Nizhnevartovsk 0 584 6756
424 5821 129 114 Angarsk 0 424 5821
402 4953 122 76 Novorossiysk 0 402 4953
538 6878 144 122 Yakutsk 0 538 6878
551 6165 60 76 Nizhnekamsk 0 551 6165
489 6838 77 73 Syktyvkar 0 489 6838
465 6191 58 62 Noginsk 0 465 6191
415 7152 115 149 Noginsk 0 415 7152
419 5683 128 68 Staryy_Oskol 0 419 5683
555 4795 112 55 Groznyy 0 555 4795
363 6625 87 140 Kolpino 0 363 6625
591 5284 73 87 Shakhty 0 591 5284
396 5570 97 120 Blagoveshchensk 0 396 5570
400 6487 139 91 Velikiy_Novgorod 0 400 6487
490 6433 71 128 Rybinsk 0 490 6433
378 5822 102 100 Biysk 0 378 5822
580 6408 120 149 Pskov 0 580 6408
692 5767 115 90 Balakovo 0 692 5767
667 4983 123 88 Armavir 0 667 4983
576 5704 50 70 Engel’s 0 576 5704
539 7160 143 67 Severodvinsk 0 539 7160
668 6117 100 71 Zlatoust 0 668 6117
330 5892 143 99 Syzran’ 0 330 5892
476 5877 90 115 Petropavlovsk-Kamchatskiy 0 476 5877
434 6253 69 53 Kamensk-Ural’skiy 0 434 6253
632 5201 129 50 Yuzhno-Sakhalinsk 0 632 5201
489 6585 146 55 Berezniki 0 489 6585
285 5266 118 143 Volgodonsk 0 285 5266
315 6103 110 144 Miass 0 315 6103
396 5953 99 72 Abakan 0 396 5953
582 5252 135 117 Novocherkassk 0 582 5252
547 7694 132 75 Noril’sk 0 547 7694
517 5705 131 92 Rubtsovsk 0 517 5705
427 5915 114 133 Salavat 0 427 5915
326 4742 149 131 Nakhodka 0 326 4742
608 7515 75 149 Nakhodka 0 608 7515
587 4939 122 89 Maykop 0 587 4939
736 4854 51 143 Ussuriysk 0 736 4854
643 6248 59 123 Kovrov 0 643 6248
429 5883 125 143 Novokuybyshevsk 0 429 5883
485 6103 141 86 Kolomna 0 485 6103
344 4879 68 93 Pyatigorsk 0 344 4879
426 6139 110 62 Arzamas 0 426 6139
584 6084 65 97 Al’met’yevsk 0 584 6084
497 6184 72 141 Orekhovo-Zuyevo 0 497 6184
398 6086 119 82 Serpukhov 0 398 6086
733 4946 90 68 Nevinnomyssk 0 733 4946
679 6310 54 120 Pervoural’sk 0 679 6310
317 4864 85 77 Kislovodsk 0 317 4864
405 6012 124 54 Dimitrovgrad 0 405 6012
312 6160 150 145 Muromskiy 0 312 6160
453 5984 66 103 Novomoskovsk 0 453 5984
529 5549 94 79 Kamyshin 0 529 5549
329 6219 110 71 Neftekamsk 0 329 6219
345 6238 132 58 Achinsk 0 345 6238
595 6731 112 77 Vyborg 0 595 6731
264 4900 123 89 Cherkessk 0 264 4900
466 5830 88 147 Yelets 0 466 5830
456 6451 85 137 Tobol’sk 0 456 6451
375 6774 83 62 Nefteyugansk 0 375 6774
531 7004 143 138 Noyabr’sk 0 531 7004
557 5220 56 73 Bataysk 0 557 5220
446 6239 68 141 Sergiyev_Posad 0 446 6239
446 6056 142 118 Leninsk-Kuznetskiy 0 446 6056
600 5730 82 116 Kyzyl 0 600 5730
660 6039 128 85 Oktyabr’skiy 0 660 6039
347 6108 70 132 Obninsk 0 347 6108
416 5874 144 120 Chapayevsk 0 416 5874
442 5128 66 130 Elista 0 442 5128
474 7449 68 51 Kandalaksha 0 474 7449
592 5673 92 124 Novotroitsk 0 592 5673
275 4660 88 130 Derbent 0 275 4660
477 5982 88 82 Kiselëvsk 0 477 5982
348 6246 131 106 Velikiye_Luki 0 348 6246
633 7051 147 110 Ukhta 0 633 7051
668 6231 136 96 Kansk 0 668 6231
672 6262 87 121 Sarapul 0 672 6262
486 6610 131 138 Solikamsk 0 486 6610
597 6445 57 53 Glazov 0 597 6445
362 6431 148 96 Ust’-Ilimsk 0 362 6431
569 5290 133 52 Novoshakhtinsk 0 569 5290
506 4883 73 62 Tuapse 0 506 4883
681 6326 81 87 Votkinsk 0 681 6326
363 6609 144 103 Serov 0 363 6609
372 5712 57 53 Balashov 0 372 5712
661 5800 141 129 Zheleznogorsk 0 661 5800
607 5886 128 85 Kuznetsk 0 607 5886
375 6604 150 71 Magadan 0 375 6604
573 7330 101 106 Novyy_Urengoy 0 573 7330
603 5866 56 56 Imeni_Michurina 0 603 5866
481 4785 84 121 Nazran’ 0 481 4785
327 6369 58 90 Kineshma 0 327 6369
616 6044 74 66 Bugul’ma 0 616 6044
695 5919 145 116 Novoaltaysk 0 695 5919
337 6607 128 90 Gatchina 0 337 6607
444 6490 105 100 Kirovo-Chepetsk 0 444 6490
502 6137 122 76 Yegor’yevsk 0 502 6137
444 5172 96 143 Yeysk 0 444 5172
585 5848 89 134 Buzuluk 0 585 5848
403 5985 69 147 Shchëkino 0 403 5985
408 5845 53 119 Usol’ye-Sibirskoye 0 408 5845
367 6177 68 104 Yurga 0 367 6177
439 6215 106 136 Anzhero-Sudzhensk 0 439 6215
406 5995 132 141 Troitsk 0 406 5995
715 4751 66 135 Kaspiysk 0 715 4751
406 6319 60 91 Asbest 0 406 6319
359 6245 95 109 Klin 0 359 6245
544 7487 111 90 Vorkuta 0 544 7487
623 5032 110 62 Kropotkin 0 623 5032
539 6215 98 66 Shadrinsk 0 539 6215
347 5406 61 140 Birobidzhan 0 347 5406
593 5352 105 75 Kamensk-Shakhtinskiy 0 593 5352
673 4742 70 148 Buynaksk 0 673 4742
377 4889 74 135 Georgiyevsk 0 377 4889
547 6462 120 144 Chusovoy 0 547 6462
387 5965 103 139 Chernogorsk 0 387 5965
663 5768 123 90 Vol’sk 0 663 5768
463 5640 122 81 Belogorsk 0 463 5640
675 6054 93 121 Tuymazy 0 675 6054
297 5694 77 132 Borisoglebsk 0 297 5694
500 6763 118 150 Khanty-Mansiysk 0 500 6763
530 6218 90 67 Ishim 0 530 6218
313 5837 150 93 Oktyabr’skiy 0 313 5837
517 7494 90 126 Apatity 0 517 7494
374 6041 119 82 Aleksin 0 374 6041
497 6366 136 134 Kungur 0 497 6366
448 5845 134 78 Klintsy 0 448 5845
600 6281 67 53 Neryungri 0 600 6281
594 6051 53 128 Leninogorsk 0 594 6051
463 6461 91 66 Lesosibirsk 0 463 6461
326 6258 131 51 Polevskoy 0 326 6258
417 5847 150 68 Kumertau 0 417 5847
587 5078 132 87 Tikhoretsk 0 587 5078
440 5691 106 101 Svobodnyy 0 440 5691
582 6236 102 121 Rzhev 0 582 6236
413 6261 146 145 Novaya_Balakhna 0 413 6261
311 6000 107 124 Belebey 0 311 6000
477 6135 98 90 Chistopol’ 0 477 6135
529 6612 83 98 Tikhvin 0 529 6612
637 4943 76 121 Labinsk 0 637 4943
648 6056 75 91 Iskitim 0 648 6056
320 6133 81 66 Vyksa 0 320 6133
612 5842 130 56 Sibay 0 612 5842
695 5149 78 72 Sal’sk 0 695 5149
645 6303 72 52 Shuya 0 645 6303
305 5978 92 124 Zima 0 305 5978
588 6792 125 132 Kotlas 0 588 6792
428 5756 59 100 Gorno-Altaysk 0 428 5756
373 5546 86 105 Mikhaylovka 0 373 5546
374 6228 128 138 Solnechnogorsk 0 374 6228
362 4890 104 82 Arsen’yev 0 362 4890
553 6472 111 133 Borovichi 0 553 6472
370 5891 64 100 Cheremkhovo 0 370 5891
491 5978 107 66 Roslavl’ 0 491 5978
663 6502 150 86 Nizhnyaya_Tura 0 663 6502
392 5883 88 89 Sayanogorsk 0 392 5883
427 4934 65 138 Gelendzhik 0 427 4934
582 6118 80 102 Vyaz’ma 0 582 6118
574 5550 150 93 Krasnokamensk 0 574 5550
516 7662 67 56 Severomorsk 0 516 7662
593 6384 135 65 Vyshniy_Volochëk 0 593 6384
595 5946 135 126 Buguruslan 0 595 5946
405 5809 82 61 Livny 0 405 5809
426 6438 56 51 Krasnokamsk 0 426 6438
434 6202 149 62 Tayshetka 0 434 6202
624 6892 78 141 Nyagan’ 0 624 6892
399 6303 130 79 Kimry 0 399 6303
602 6047 51 144 Tulun 0 602 6047
346 6176 99 55 Kyshtym 0 346 6176
522 5914 92 50 Otradnyy 0 522 5914
657 6154 53 103 Kanash 0 657 6154
494 7536 73 126 Monchegorsk 0 494 7536
688 5924 77 130 Korshunovka 0 688 5924
496 5990 121 129 Ruzayevka 0 496 5990
355 6436 67 65 Verkhnyaya_Salda 0 355 6436
452 6510 147 76 Slobodskoy 0 452 6510
560 6766 82 83 Megion 0 560 6766
619 6323 70 74 Torzhok 0 619 6323
631 5338 121 85 Belaya_Kalitva 0 631 5338
338 5905 121 119 Mtsensk 0 338 5905
563 5816 149 63 Gryazi 0 563 5816
577 6248 129 111 Mozhga 0 577 6248
634 5566 67 56 Amursk 0 634 5566
513 6111 106 136 Safonovo 0 513 6111
601 6078 106 102 Alatyr’ 0 601 6078
385 7270 148 116 Nadym 0 385 7270
510 7224 86 113 Pechora 0 510 7224
325 4942 102 105 Spasskoye 0 325 4942
558 4923 108 142 Apsheronsk 0 558 4923
471 4843 109 119 Mozdok 0 471 4843
464 6631 99 52 Volkhov 0 464 6631
439 5889 56 67 Yefremov 0 439 5889
351 5587 69 98 Gorod_Shebekino 0 351 5587
552 6054 102 115 Chernyakhovsk 0 552 6054
523 7319 77 129 Usinsk 0 523 7319
641 6735 143 107 Strezhevoy 0 641 6735
433 6356 51 74 Yelkhovskiy 0 433 6356
522 5960 54 129 Kamen’-na-Obi 0 522 5960
586 5348 83 112 Akhtubinsk 0 586 5348
496 5051 109 134 Timashevsk 0 496 5051
422 6412 70 81 Alapayevsk 0 422 6412
427 5821 59 112 Novozybkov 0 427 5821
501 6084 54 113 Nizhneudinsk 0 501 6084
556 6104 135 67 Sovetsk 0 556 6104
546 6230 63 111 Mariinsk 0 546 6230
547 6273 59 110 Krasnoufimsk 0 547 6273
347 4776 120 141 Partizansk 0 347 4776
563 6591 68 96 Sokol 0 563 6591
391 6068 129 103 Yemanzhelinsk 0 391 6068
377 5037 78 59 Lesozavodsk 0 377 5037
289 5632 132 130 Uryupinsk 0 289 5632
601 5702 90 60 Gay 0 601 5702
410 4917 50 95 Zelenokumsk 0 410 4917
407 6142 137 86 Birsk 0 407 6142
403 5514 74 89 Frolovo 0 403 5514
652 6937 92 118 Mirnyy 0 652 6937
664 6514 85 63 Luga 0 664 6514
609 6094 125 51 Ob’ 0 609 6094
599 6667 109 122 Uray 0 599 6667
478 5608 99 94 Alekseyevka 0 478 5608
442 5958 148 57 Bogoroditsk 0 442 5958
634 6435 142 84 Tavda 0 634 6435
585 5991 134 53 Kirov 0 585 5991
676 6344 113 86 Vichuga 0 676 6344
517 6094 122 90 Asha 0 517 6094
430 6015 81 147 Gur’yevsk 0 430 6015
602 5419 133 114 Millerovo 0 602 5419
393 7381 144 90 Salekhard 0 393 7381
459 6376 128 71 Uglich 0 459 6376
609 6113 64 90 Tynda 0 609 6113
653 6090 123 61 Kasimov 0 653 6090
446 5812 147 118 Serdobsk 0 446 5812
562 6553 139 121 Slantsy 0 562 6553
663 6672 136 92 Severoural’sk 0 663 6672
376 4995 58 54 Blagodarnyy 0 376 4995
444 7852 116 130 Boyarka 0 444 7852
334 6282 140 59 Yalutorovsk 0 334 6282
436 5561 143 145 Valuyki 0 436 5561
530 6469 123 122 Shar’ya 0 530 6469
589 6151 131 105 Shumerlya 0 589 6151
636 5166 115 121 Korsakov 0 636 5166
363 6407 61 81 Bezhetsk 0 363 6407
565 6897 123 100 Kondopoga 0 565 6897
403 6429 98 137 Staraya_Russa 0 403 6429
341 5874 116 93 Slavgorod 0 341 5874
328 6215 134 101 Verkhniy_Ufaley 0 328 6215
606 6203 55 95 Zaozërnyy 0 606 6203
525 6338 71 51 Rostov 0 525 6338
588 5939 133 89 Dyat’kovo 0 588 5939
565 7068 146 117 Segezha 0 565 7068
571 6736 134 122 Velikiy_Ustyug 0 571 6736
669 5829 139 129 Kotovsk 0 669 5829
579 5210 149 67 Kholmsk 0 579 5210
569 6503 107 87 Omutninsk 0 569 6503
365 6543 70 131 Kudymkar 0 365 6543
332 6137 82 105 Barabinsk 0 332 6137
531 6522 128 145 Novaya_Gubakha 0 531 6522
689 6026 94 59 Sasovo 0 689 6026
668 6629 109 120 Karpinsk 0 668 6629
541 5695 88 126 Mednogorsk 0 541 5695
465 5581 70 112 Borzya 0 465 5581
600 6776 74 79 Svetogorsk 0 600 6776
447 5424 111 141 Sovetskaya_Gavan’ 0 447 5424
528 7500 138 75 Kirovsk 0 528 7500
642 7055 78 95 Sosnogorsk 0 642 7055
304 5958 109 59 Karasuk 0 304 5958
342 5880 122 68 Kartaly 0 342 5880
446 6270 149 78 Zheleznogorsk-Ilimskiy 0 446 6270
344 6466 66 128 Kotel’nich 0 344 6466
402 5087 63 73 Dal’nerechensk 0 402 5087
332 6375 99 94 Nev’yansk 0 332 6375
620 5817 84 120 Aleysk 0 620 5817
611 6465 79 139 Kolpashevo 0 611 6465
500 5746 73 138 Atkarsk 0 500 5746
359 5669 117 123 Sol’-Iletsk 0 359 5669
481 5888 69 96 Nikolayevsk-na-Amure 0 481 5888
447 6317 86 131 Asino 0 447 6317
385 5955 122 72 Zeya 0 385 5955
461 6305 126 136 Tara 0 461 6305
349 5764 50 88 Pugachev 0 349 5764
629 5939 77 72 Okha 0 629 5939
615 6089 106 69 Bakal 0 615 6089
647 6485 74 144 Buy 0 647 6485
343 6774 76 92 Vel’sk 0 343 6774
548 5652 126 147 Krasnoarmeysk 0 548 5652
394 6166 139 82 Severobaykal’sk 0 394 6166
386 6733 63 149 Lensk 0 386 6733
546 6294 95 75 Ust’-Kut 0 546 6294
485 6227 131 81 Nelidovka 0 485 6227
562 6119 140 106 Tatarsk 0 562 6119
565 6415 62 80 Bologoye 0 565 6415
412 6126 110 51 Topki 0 412 6126
639 6499 122 79 Aldan 0 639 6499
604 5682 86 93 Gusinoozërsk 0 604 5682
472 6100 147 138 Kalachinsk 0 472 6100
660 6228 75 62 Bogotol 0 660 6228
467 7699 143 145 Dudinka 0 467 7699
657 5728 86 118 L’gov 0 657 5728
370 7327 94 87 Inta 0 370 7327
560 5846 78 126 Tashtagol 0 560 5846
457 7086 75 149 Onega 0 457 7086
537 6545 64 86 Kizel 0 537 6545
333 6124 119 120 Toguchin 0 333 6124
586 7504 97 62 Nar’yan-Mar 0 586 7504
409 5762 102 122 Shimanovsk 0 409 5762
385 6664 144 139 Palatka 0 385 6664
645 6087 95 86 Isil’kul’ 0 645 6087
349 5682 97 53 Petrovsk-Zabaykal’skiy 0 349 5682
326 6473 56 69 Krasnoural’sk 0 326 6473
655 6010 78 82 Cherepanovo 0 655 6010
365 5992 73 144 Rayevskiy 0 365 5992
452 6479 93 78 Yeniseysk 0 452 6479
443 5185 117 92 Bikin 0 443 5185
359 6731 89 82 Ivdel’ 0 359 6731
679 6133 118 111 Uzhur 0 679 6133
517 7676 104 105 Polyarnyy 0 517 7676
410 5723 88 84 Slyudyanka 0 410 5723
504 4902 101 137 Kavalerovo 0 504 4902
445 5438 147 114 Vanino 0 445 5438
603 5579 60 121 Kyakhta 0 603 5579
303 5837 58 137 Abaza 0 303 5837
345 5836 124 103 Kirsanov 0 345 5836
591 6085 84 146 Kurtamysh 0 591 6085
387 6376 103 135 Sovetsk 0 387 6376
634 5545 100 84 Pallasovka 0 634 5545
357 6026 137 143 Plast 0 357 6026
566 5170 130 84 Severo-Nevel’sk 0 566 5170
652 5454 98 59 Poronaysk 0 652 5454
436 5892 50 88 Kamenka 0 436 5892
649 6026 118 82 Kupino 0 649 6026
532 5541 123 70 Nikolayevsk 0 532 5541
333 6415 146 138 Bodaybo 0 333 6415
391 7702 53 148 Nikel’ 0 391 7702
510 6505 87 57 Kodinsk 0 510 6505
532 5649 124 79 Gornyak 0 532 5649
471 5759 105 82 Nerchinsk 0 471 5759
360 5825 76 144 Kulunda 0 360 5825
562 7368 54 87 Udachnyy 0 562 7368
481 5264 51 138 Vyazemskiy 0 481 5264
360 5666 108 67 Chegdomyn 0 360 5666
483 5850 78 83 Ust’-Ordynskiy 0 483 5850
433 5744 56 111 Shilka 0 433 5744
574 7204 124 135 Kem’ 0 574 7204
461 6250 149 142 Golyshmanovo 0 461 6250
328 6408 139 117 Kirensk 0 328 6408
583 6185 75 76 Uyar 0 583 6185
577 5436 54 102 Uglegorsk 0 577 5436
682 5957 119 79 Mogocha 0 682 5957
648 6160 79 109 Nazyvayevsk 0 648 6160
584 7156 130 119 Belomorsk 0 584 7156
487 6000 121 82 Cherlak 0 487 6000
581 5639 61 101 Aleksandrovsk-Sakhalinskiy 0 581 5639
635 5243 62 73 Dolinsk 0 635 5243
686 5926 115 124 Magdagachi 0 686 5926
546 7502 79 101 Severnyy 0 546 7502
583 5668 93 129 Zmeinogorsk 0 583 5668
327 5663 90 104 Aginskoye 0 327 5663
570 6578 68 147 Kirs 0 570 6578
454 6116 144 127 Kargat 0 454 6116
462 5690 127 135 Khilok 0 462 5690
370 6246 82 64 Taksimo 0 370 6246
524 7178 91 140 Anadyr’ 0 524 7178
647 5740 120 112 Nogliki 0 647 5740
561 5982 146 150 Skovorodino 0 561 5982
649 5431 117 66 Obluch’ye 0 649 5431
432 7069 114 139 Vilyuysk 0 432 7069
507 6816 122 147 Pokrovsk 0 507 6816
426 6202 93 115 Biryusinsk 0 426 6202
679 5626 69 128 Dombarovskiy 0 679 5626
571 7007 76 51 Igrim 0 571 7007
691 6042 102 140 Shira 0 691 6042
607 7165 117 117 Ust’-Nera 0 607 7165
532 6890 62 132 Suntar 0 532 6890
399 5645 105 50 Olovyannaya 0 399 5645
545 4933 122 75 Dal’negorsk 0 545 4933
483 7483 137 65 Igarka 0 483 7483
558 6961 58 92 Susuman 0 558 6961
529 6947 100 126 Khandyga 0 529 6947
631 5387 74 115 Makarov 0 631 5387
365 7038 102 105 Verkhnevilyuysk 0 365 7038
559 7397 120 50 Umba 0 559 7397
402 7485 113 145 Tazovskiy 0 402 7485
519 5895 121 146 Mundybash 0 519 5895
560 7549 138 75 Bilibino 0 560 7549
495 7954 111 132 Tiksi 0 495 7954
630 6582 54 149 Okhotsk 0 630 6582
560 7129 143 85 Tura 0 560 7129
574 6988 144 69 Chernyshevskiy 0 574 6988
528 6022 144 140 Artëmovsk 0 528 6022
343 6233 86 91 Ust’-Kamchatsk 0 343 6233
472 7732 131 141 Pevek 0 472 7732
543 7297 142 68 Turukhansk 0 543 7297
668 6034 88 62 Bagdarin 0 668 6034
425 7089 120 61 Sangar 0 425 7089
484 7504 135 114 Batagay 0 484 7504
643 6934 125 150 Omsukchan 0 643 6934
543 6223 56 130 Novyy_Uoyan 0 543 6223
589 6590 149 125 Vitim 0 589 6590
303 5655 57 125 Teeli 0 303 5655
594 7628 84 61 Cherskiy 0 594 7628
465 7302 51 150 Mezen’ 0 465 7302
554 6549 55 103 Palana 0 554 6549
403 7291 144 111 Zyryanka 0 403 7291
484 5702 118 60 De-Kastri 0 484 5702
530 7482 66 131 Srednekolymsk 0 530 7482
494 5870 140 150 Bukachacha 0 494 5870
532 7180 144 138 Ugol’nyye_Kopi 0 532 7180
580 5363 104 67 Krasnogorsk 0 580 5363
516 7405 64 90 Zhigansk 0 516 7405
413 7987 52 121 Khatanga 0 413 7987
474 6697 107 91 Ust’-Maya 0 474 6697
399 7128 142 101 Saranpaul’ 0 399 7128
393 7146 62 91 Provideniya 0 393 7146
533 7835 78 110 Chokurdakh 0 533 7835
297 5617 61 52 Severo-Kuril’sk 0 297 5617
404 7357 103 130 Egvekinot 0 404 7357
512 6864 54 109 Evensk 0 512 6864
398 7982 122 91 Saskylakh 0 398 7982
618 6994 59 149 Beringovskiy 0 618 6994
412 7509 115 134 Novyy_Port 0 412 7509
520 7766 107 68 Ust’-Kuyga 0 520 7766
508 6738 68 50 El’dikan 0 508 6738
431 7494 86 142 Verkhoyansk 0 431 7494
520 6063 81 95 Chumikan 0 520 6063
326 6261 125 121 Ayan 0 326 6261
499 7273 120 62 Lavrentiya 0 499 7273
485 8157 85 143 Dikson 0 485 8157
614 6243 73 122 Klyuchi 0 614 6243
571 7235 93 110 Omolon 0 571 7235
554 7339 86 116 Uelen 0 554 7339
652 6695 105 118 Yerëma 0 652 6695
598 7702 50 50 Mikhalkino 0 598 7702
446 5601 94 94 Sherlovaya_Gora 0 446 5601
540 7926 90 100 Nizhneyansk 0 540 7926
556 6693 119 143 Korf 0 556 6693
431 7630 61 102 Bugrino 0 431 7630
464 7529 139 101 Shoyna 0 464 7529
614 7603 76 62 Put’_Lenina 0 614 7603
462 7426 76 80 Enurmino 0 462 7426
448 7739 119 127 Amderma 0 448 7739
398 5682 69 82 Gubkin 0 398 5682
641 6217 114 144 Kuznetsova-Vikhoreva 0 641 6217
548 5510 91 110 Progress 0 548 5510
604 7365 126 86 Mukhomornoye 0 604 7365
589 7957 131 66 Vorontsovo 0 589 7957
494 7397 129 132 Kovda 0 494 7397
320 5813 93 136 Bol’sheretsk 0 320 5813
384 7599 129 145 Yessey 0 384 7599
583 8156 103 52 Khorgo 0 583 8156
606 7198 97 127 Tunguskhaya 0 606 7198
440 6660 93 145 Chagda 0 440 6660
466 6544 148 106 Siglan 0 466 6544
407 7866 65 124 Gyda 0 407 7866
527 6393 70 62 Khakhar’ 0 527 6393
514 7541 70 150 Menkerya 0 514 7541
459 6774 83 83 Lar’yak 0 459 6774
493 8074 121 65 Starorybnoye 0 493 8074
454 6647 64 108 Il’pyrskiy 0 454 6647
613 7784 141 79 Zhilinda 0 613 7784
559 7599 56 116 Olenëk 0 559 7599
517 6928 123 56 Manily 0 517 6928
394 6676 99 56 Karamken 0 394 6676
591 8101 52 54 Ust’-Olenëk 0 591 8101
386 7736 127 107 Varnek 0 386 7736
572 8122 130 95 Shalaurova 0 572 8122
579 7929 128 91 Agapa 0 579 7929
615 7061 108 72 Numto 0 615 7061
546 6834 124 80 Omchak 0 546 6834
347 6832 100 55 Podkamennaya_Tunguska 0 347 6832
532 8310 118 72 Zemlya_Bunge 0 532 8310
416 7505 64 125 Indiga 0 416 7505
458 6861 143 123 Strelka 0 458 6861
398 6714 139 115 Pakhachi 0 398 6714
381 7140 125 115 Tiyerbes 0 381 7140
405 7870 139 58 Zvëzdnyy 0 405 7870
674 6198 107 122 Ul’kan 0 674 6198
423 8144 150 51 Sagastyr 0 423 8144
482 8130 68 90 Matochkin_Shar 0 482 8130
392 6375 100 60 Utkholok 0 392 6375
605 6983 113 149 Peregrebnoye 0 605 6983
410 6359 150 92 Tukchi 0 410 6359
404 6273 88 59 Nyukzha 0 404 6273
434 8056 99 122 Trofimovsk 0 434 8056
618 6861 101 142 Komsa 0 618 6861
483 4779 98 109 Magas 0 483 4779
373 5014 134 120 Temryuk 0 373 5014
590 5280 141 81 Kamenolomni 0 590 5280
474 4966 53 81 Severskaya 0 474 4966
429 6056 89 87 Baltiysk 0 429 6056
626 5158 53 93 Yegorlykskaya 0 626 5158
565 6029 99 94 Ozërsk 0 565 6029
632 5217 63 99 Vesëlyy 0 632 5217
561 5506 103 72 Kantemirovka 0 561 5506
515 4970 68 68 Adygeysk 0 515 4970
474 6069 150 122 Gur’yevsk 0 474 6069
543 6099 84 97 Slavsk 0 543 6099
450 6089 122 62 Pionerskiy 0 450 6089
422 4832 106 83 Mayskiy 0 422 4832
444 6058 60 150 Svetlyy 0 444 6058
473 5036 54 123 Kalininskaya 0 473 5036
315 5378 105 119 Oblivskaya 0 315 5378
433 4968 71 146 Abinsk 0 433 4968
626 4970 119 63 Kurganinsk 0 626 4970
579 4946 135 109 Gorod_Maykop 0 579 4946
633 5024 127 116 Gul’kevichi 0 633 5024
596 4984 85 78 Shovgenovskiy 0 596 4984
499 4974 116 70 Takhtamukay 0 499 4974
587 5192 137 106 Kagal’nitskaya 0 587 5192
569 4957 61 68 Belorechensk 0 569 4957
593 4929 61 52 Tul’skiy 0 593 4929
600 5398 132 117 Tarasovskiy 0 600 5398
438 5023 135 54 Krasnoarmeyskaya 0 438 5023
700 4918 116 122 Otradnaya 0 700 4918
499 5072 55 143 Bryukhovetskaya 0 499 5072
475 5164 116 107 Staroshcherbinovskaya 0 475 5164
654 5517 65 113 Kazanskaya 0 654 5517
595 6089 129 73 Krasnoznamensk 0 595 6089
403 6398 119 113 Okhansk 0 403 6398
308 5224 62 53 Zimovniki 0 308 5224
619 6318 100 66 Ivanovo 0 619 6318
545 4997 98 86 Krasnogvardeyskoye 0 545 4997
583 5470 87 108 Chertkovo 0 583 5470
637 4856 147 145 Kizlyar 0 637 4856
655 5155 88 99 Tselina 0 655 5155
457 6430 137 88 Perm’ 0 457 6430
492 5251 133 113 Pokrovskoye 0 492 5251
436 4765 122 74 Alagir 0 436 4765
657 5272 145 127 Konstantinovsk 0 657 5272
553 5273 81 104 Rodionovo-Nesvetayskaya 0 553 5273
431 5011 99 92 Slavyansk-na-Kubani 0 431 5011
580 5304 81 70 Krasnyy_Sulin 0 580 5304
517 5006 60 146 Dinskaya 0 517 5006
622 6381 75 115 Igra 0 622 6381
445 6088 74 131 Svetlogorsk 0 445 6088
642 4919 54 103 Mostovskoy 0 642 4919
504 6055 138 90 Gvardeysk 0 504 6055
551 5047 135 77 Vyselki 0 551 5047
536 5236 63 87 Chaltyr’ 0 536 5236
554 5006 96 142 Ust’-Labinsk 0 554 5006
696 5389 89 78 Milyutinskaya 0 696 5389
644 5104 64 100 Belaya_Glina 0 644 5104
529 6401 130 51 Uni 0 529 6401
708 5175 106 125 Proletarsk 0 708 5175
640 5278 115 55 Ust’-Donetskiy 0 640 5278
701 5239 75 147 Bol’shaya_Martynovka 0 701 5239
697 5501 81 111 Veshenskaya 0 697 5501
565 5234 94 69 Aksay 0 565 5234
574 5129 137 55 Krylovskaya 0 574 5129
531 5217 136 109 Azov 0 531 5217
506 6079 116 103 Polessk 0 506 6079
619 4972 141 90 Koshekhabl’ 0 619 4972
593 5024 147 66 Tbilisskaya 0 593 5024
689 5595 74 68 Grayvoron 0 689 5595
476 6026 127 107 Bagrationovsk 0 476 6026
367 4972 132 134 Anapa 0 367 4972
577 6050 76 112 Gusev 0 577 6050
646 5433 82 86 Kashary 0 646 5433
490 5267 68 60 Matveyev_Kurgan 0 490 5267
466 6090 115 52 Zelenogradsk 0 466 6090
628 4789 53 68 Khasavyurt 0 628 4789
565 6098 81 93 Neman 0 565 6098
420 4975 94 97 Krymsk 0 420 4975
667 6393 83 146 Debesy 0 667 6393
604 5242 54 70 Bagayevskaya 0 604 5242
636 5264 147 79 Semikarakorsk 0 636 5264
619 6402 115 65 Oktyabr’skiy 0 619 6402
660 6420 130 50 Kez 0 660 6420
532 7861 53 71 Logashkino 0 532 7861
689 4966 118 135 Uspenskoye 0 689 4966
415 5219 128 132 Zavetnoye 0 415 5219
496 5103 85 93 Kanevskaya 0 496 5103
401 6423 144 90 Nytva 0 401 6423
436 5099 102 69 Primorsko-Akhtarsk 0 436 5099
651 4785 137 114 Kizilyurt 0 651 4785
706 5456 104 59 Bokovskaya 0 706 5456
631 5033 131 107 Kavkazskaya 0 631 5033
282 5281 109 118 Tsimlyansk 0 282 5281
659 4997 91 77 Novokubansk 0 659 4997
709 5359 80 107 Morozovsk 0 709 5359
516 8215 143 148 Nordvik 0 516 8215
660 5117 62 77 Peschanokopskoye 0 660 5117
599 5188 73 145 Zernograd 0 599 5188
396 5157 53 51 Remontnoye 0 396 5157
331 5253 149 90 Dubovskoye 0 331 5253
631 5090 96 120 Novopokrovskaya 0 631 5090
584 4968 137 150 Giaginskaya 0 584 4968
548 5156 134 140 Kushchëvskaya 0 548 5156
601 6054 54 134 Nesterov 0 601 6054
503 5152 150 115 Starominskaya 0 503 5152
281 5178 84 94 Sovetskoye 0 281 5178
493 5295 138 85 Kuybyshevo 0 493 5295
529 5129 76 150 Leningradskaya 0 529 5129
395 7726 74 63 Ambarchik 0 395 7726
535 5035 146 102 Korenovsk 0 535 5035
619 6428 51 125 Balezino 0 619 6428
560 5109 68 80 Pavlovskaya 0 560 5109
501 6032 112 83 Pravdinsk 0 501 6032
421 4845 144 122 Prokhladnyy 0 421 4845
276 5269 112 98 Romanovskaya 0 276 5269
544 7849 103 68 Kazach’ye 0 544 7849
