31
673 2727 111 122 Riyadh 0 673 2727
520 2382 72 73 Jeddah 0 520 2382
410 2924 91 105 Ad_Dammām 0 410 2924
562 2706 74 72 Medina 0 562 2706
646 2352 134 126 Aţ_Ţā’if 0 646 2352
355 2806 129 55 Al_Hufūf 0 355 2806
689 2598 129 130 Al_Ḩillah 0 689 2598
262 3143 53 56 Tabūk 0 262 3143
397 2912 78 134 Buraydah 0 397 2912
765 3047 80 75 Ḩā’il 0 765 3047
407 1934 134 134 Najrān 0 407 1934
402 2933 86 81 Al_Qaţīf 0 402 2933
357 2811 97 89 Al_Mubarraz 0 357 2811
737 2673 70 110 Al_Kharj 0 737 2673
404 2664 112 68 Yanbu‘_al_Baḩr 0 404 2664
595 3145 113 69 Ḩafar_al_Bāţin 0 595 3145
366 2988 149 96 Al_Jubayl 0 366 2988
694 3428 61 145 ‘Ar‘ar 0 694 3428
236 2015 72 96 Abhā 0 236 2015
239 1868 124 124 Jāzān 0 239 1868
413 2909 102 112 Dhahran 0 413 2909
249 2213 101 103 Qal‘at_Bīshah 0 249 2213
356 3279 64 149 Rafḩā 0 356 3279
245 2905 134 72 Al_Wajh 0 245 2905
560 2262 63 103 As_Sulayyil 0 560 2262
584 3297 58 83 Dawmat_al_Jandal 0 584 3297
526 2660 86 125 Al_Quway‘īyah 0 526 2660
718 2116 144 128 Al_Qunfudhah 0 718 2116
616 3316 147 83 Sakākā 0 616 3316
585 2369 58 149 Mecca 0 585 2369
758 2214 71 145 Al_Bāḩah 0 758 2214
