71
657 5335 83 63 Bratislava 0 657 5335
518 5395 96 117 Košice 0 518 5395
517 5427 122 120 Prešov 0 517 5427
334 5454 64 119 Žilina 0 334 5454
364 5400 76 54 Banská_Bystrica 0 364 5400
691 5361 86 86 Trnava 0 691 5361
363 5381 95 70 Zvolen 0 363 5381
550 5415 119 80 Vranov_nad_Topľou 0 550 5415
298 5400 110 106 Bánovce_nad_Bebravou 0 298 5400
322 5455 113 64 Bytča 0 322 5455
553 5386 77 112 Trebišov 0 553 5386
300 5332 78 58 Komárno 0 300 5332
283 5419 102 75 Trenčín 0 283 5419
376 5437 128 66 Ružomberok 0 376 5437
307 5362 135 65 Zlaté_Moravce 0 307 5362
495 5411 93 98 Gelnica 0 495 5411
339 5478 150 80 Čadca 0 339 5478
567 5400 129 100 Michalovce 0 567 5400
584 5426 100 141 Snina 0 584 5426
395 5465 111 82 Tvrdošín 0 395 5465
345 5368 99 105 Banská_Štiavnica 0 345 5368
399 5406 53 70 Brezno 0 399 5406
586 5399 124 124 Sobrance 0 586 5399
458 5442 139 79 Kežmarok 0 458 5442
465 5389 108 114 Rožňava 0 465 5389
291 5382 150 124 Topoľčany 0 291 5382
377 5341 142 119 Veľký_Krtíš 0 377 5341
678 5343 150 116 Senec 0 678 5343
477 5460 148 108 Stará_Ľubovňa 0 477 5460
674 5394 140 108 Senica 0 674 5394
467 5421 88 107 Spišská_Nová_Ves 0 467 5421
284 5354 121 116 Nitra 0 284 5354
565 5458 124 117 Medzilaborce 0 565 5458
311 5444 147 55 Považská_Bystrica 0 311 5444
541 5461 132 134 Svidník 0 541 5461
668 5351 89 135 Pezinok 0 668 5351
338 5463 70 118 Kysucké_Nové_Mesto 0 338 5463
567 5420 101 127 Humenné 0 567 5420
649 5366 77 98 Malacky 0 649 5366
297 5430 61 106 Ilava 0 297 5430
401 5354 107 56 Lučenec 0 401 5354
688 5403 84 111 Myjava 0 688 5403
708 5404 128 106 Nové_Mesto_nad_Váhom 0 708 5404
288 5319 57 88 Nové_Zámky 0 288 5319
348 5436 95 113 Martin 0 348 5436
448 5434 63 124 Poprad 0 448 5434
663 5412 91 52 Skalica 0 663 5412
507 5438 140 120 Sabinov 0 507 5438
356 5357 110 92 Krupina 0 356 5357
519 5459 112 110 Bardejov 0 519 5459
435 5392 123 120 Revúca 0 435 5392
410 5364 65 112 Poltár 0 410 5364
702 5341 51 84 Galanta 0 702 5341
714 5337 80 68 Šaľa 0 714 5337
304 5444 114 127 Púchov 0 304 5444
427 5359 109 91 Rimavská_Sobota 0 427 5359
694 5319 136 147 Dunajská_Streda 0 694 5319
383 5379 85 86 Detva 0 383 5379
707 5368 81 78 Hlohovec 0 707 5368
322 5343 122 112 Levice 0 322 5343
325 5405 105 138 Prievidza 0 325 5405
547 5450 115 97 Stropkov 0 547 5450
389 5473 112 148 Námestovo 0 389 5473
343 5414 64 118 Turčianske_Teplice 0 343 5414
341 5384 127 96 Žiar_nad_Hronom 0 341 5384
470 5429 85 122 Levoča 0 470 5429
376 5452 102 132 Dolný_Kubín 0 376 5452
398 5437 76 143 Liptovský_Mikuláš 0 398 5437
331 5372 97 73 Žarnovica 0 331 5372
307 5389 126 127 Partizánske 0 307 5389
708 5386 112 140 Piešťany 0 708 5386
