33
537 226 55 85 Mogadishu 0 537 226
226 9960 82 81 Kismaayo 0 226 9960
249 7 68 149 Jamaame 0 249 7
555 307 142 66 Jawhar 0 555 307
522 523 103 89 Beledweyne 0 522 523
768 748 65 60 Gaalkacyo 0 768 748
301 1248 64 93 Boosaaso 0 301 1248
227 419 57 94 Luuq 0 227 419
397 309 95 77 Buurhakaba 0 397 309
369 882 112 87 Eyl 0 369 882
479 1049 61 150 Bandarbeyla 0 479 1049
191 368 75 150 Garbahaarrey 0 191 368
815 9865 94 88 Buur_Gaabo 0 815 9865
222 930 52 66 Garoowe 0 222 930
474 189 68 95 Marka 0 474 189
376 455 130 52 Xuddur 0 376 455
231 119 87 110 Bu’aale 0 231 119
289 1051 86 56 Qardho 0 289 1051
755 416 85 144 Mereeg 0 755 416
473 1322 57 121 Caluula 0 473 1322
514 1167 144 121 Hurdiyo 0 514 1167
447 197 87 134 Qoryooley 0 447 197
759 937 91 99 Laascaanood 0 759 937
759 1174 119 102 Ceerigaabo 0 759 1174
349 344 76 80 Baidoa 0 349 344
653 612 88 150 Dhuusamarreeb 0 653 612
513 236 111 55 Afgooye 0 513 236
558 1052 104 55 Burco 0 558 1052
225 591 61 102 Hobyo 0 225 591
193 1235 135 94 Laasqoray 0 193 1235
322 1093 119 101 Baki 0 322 1093
397 1056 52 84 Hargeysa 0 397 1056
384 1181 65 101 Lughaye 0 384 1181
