63
439 4473 84 108 Madrid 0 439 4473
430 4583 50 106 Barcelona 0 430 4583
236 4141 56 136 Sevilla 0 236 4141
504 4789 134 73 Bilbao 0 504 4789
726 4371 69 51 Valencia 0 726 4371
676 4612 137 108 Zaragoza 0 676 4612
371 4065 51 108 Málaga 0 371 4065
664 4206 150 147 Murcia 0 664 4206
446 4114 75 52 Granada 0 446 4114
522 4675 141 67 Vigo 0 522 4675
470 4380 150 125 Palma 0 470 4380
548 4801 115 121 A_Coruña 0 548 4801
375 3149 104 96 Santa_María_de_Gracia 0 375 3149
284 4823 107 73 Gijón 0 284 4823
356 4612 70 64 Valladolid 0 356 4612
344 4195 52 121 Córdoba 0 344 4195
719 4247 130 137 Alicante 0 719 4247
743 4044 113 102 Cádiz 0 743 4044
611 4741 102 116 Pamplona 0 611 4741
268 4805 67 128 Oviedo 0 268 4805
522 4743 53 141 Zuazo_de_Vitoria 0 522 4743
434 4812 104 118 Santander 0 434 4812
677 4163 148 148 Cartagena 0 677 4163
331 4042 82 56 Marbella 0 331 4042
453 4599 139 120 Mataró 0 453 4599
549 4076 79 64 Almería 0 549 4076
444 4688 141 133 Burgos 0 444 4688
276 4538 98 88 Salamanca 0 276 4538
598 4316 118 98 Albacete 0 598 4316
682 4126 121 54 Huelva 0 682 4126
545 4701 118 97 Logroño 0 545 4701
676 4305 81 108 Badajoz 0 676 4305
289 4719 144 130 León 0 289 4719
353 4553 66 123 Tarragona 0 353 4553
593 4687 88 137 Ourense 0 593 4687
430 4180 81 92 Jaén 0 430 4180
279 4001 121 56 Algeciras 0 279 4001
537 4747 74 88 Santiago_de_Compostela 0 537 4747
614 4170 133 138 Lorca 0 614 4170
411 4413 81 149 Toledo 0 411 4413
486 4497 149 81 Guadalajara 0 486 4497
444 4216 145 54 Linares 0 444 4216
641 3205 76 102 Arrecife 0 641 3205
730 4310 61 103 Mérida 0 730 4310
459 3108 116 74 Las_Palmas_de_Gran_Canaria 0 459 3108
527 4744 56 146 Vitoria-Gasteiz 0 527 4744
752 4430 130 143 Castellón_de_la_Plana 0 752 4430
373 4651 139 98 Palencia 0 373 4651
301 4609 133 97 Lleida 0 301 4609
725 4373 126 124 Cáceres 0 725 4373
405 4533 143 146 Segovia 0 405 4533
530 4697 75 117 Pontevedra 0 530 4697
374 3148 54 120 Santa_Cruz_de_Tenerife 0 374 3148
544 4623 63 136 Soria 0 544 4623
714 4668 150 130 Huesca 0 714 4668
582 4796 96 59 Donostia 0 582 4796
573 4435 80 82 Cuenca 0 573 4435
485 4647 105 55 Girona 0 485 4647
356 4502 119 130 Ávila 0 356 4502
419 4315 92 105 Ciudad_Real 0 419 4315
270 4598 107 57 Zamora 0 270 4598
617 4763 81 62 Lugo 0 617 4763
661 4467 84 73 Teruel 0 661 4467
