32
450 1723 124 127 Khartoum 0 450 1723
439 1728 119 142 Omdurman 0 439 1728
311 2169 110 54 Port_Sudan 0 311 2169
219 1710 73 80 Kassala 0 219 1710
198 1458 149 105 El_Obeid 0 198 1458
269 1332 87 71 Nyala 0 269 1332
463 1455 110 101 Kūstī 0 463 1455
556 1591 67 54 Wad_Medani 0 556 1591
322 1505 92 90 El_Fasher 0 322 1505
757 1552 74 143 Gedaref 0 757 1552
546 1845 94 60 Shendi 0 546 1845
647 1304 70 110 Ed_Damazin 0 647 1304
797 1218 98 147 Kadugli 0 797 1218
604 1956 124 50 Madent_Atbara 0 604 1956
656 1486 77 144 El_Geneina 0 656 1486
498 1574 86 70 Al_Manāqil 0 498 1574
568 1498 119 58 Sannār 0 568 1498
655 1404 124 68 An_Nuhūd 0 655 1404
603 1946 85 70 Ed_Damer 0 603 1946
425 1547 128 150 Ad_Diwem 0 425 1547
365 2037 58 64 Tokār 0 365 2037
306 1427 125 128 Umm_Ruwaba 0 306 1427
604 1992 79 139 Berber 0 604 1992
234 2122 135 99 Dongola 0 234 2122
223 2029 90 148 Haya 0 223 2029
587 1252 133 61 Babanūsah 0 587 1252
329 2411 78 93 Wādī_Ḩalfā’ 0 329 2411
472 1457 57 125 Rabak 0 472 1457
405 1267 132 116 Ed_Daein 0 405 1267
646 1295 67 77 El_Fula 0 646 1295
768 1428 111 108 Zalingei 0 768 1428
600 1453 101 68 Singa 0 600 1453
