294
332 6580 60 109 Stockholm 0 332 6580
674 6404 125 101 Glöstorp 0 674 6404
373 6163 142 94 Malmö 0 373 6163
647 6637 80 69 Uppsala 0 647 6637
587 6609 82 124 Västerås 0 587 6609
512 6571 90 148 Örebro 0 512 6571
536 6475 85 140 Linköping 0 536 6475
356 6214 118 138 Helsingborg 0 356 6214
451 6404 91 107 Jönköping 0 451 6404
568 6496 78 65 Norrköping 0 568 6496
463 7078 146 132 Umeå 0 463 7078
417 6578 147 105 Bärstad 0 417 6578
622 6922 98 111 Tunadal 0 622 6922
618 6727 98 133 Gävle 0 618 6727
375 6399 84 75 Borås 0 375 6399
488 6304 137 130 Växjö 0 488 6304
368 6282 108 73 Halmstad 0 368 6282
553 7273 123 90 Luleå 0 553 7273
482 7006 116 65 Östersund 0 482 7006
341 6461 148 121 Trollhättan 0 341 6461
522 6705 111 73 Borlänge 0 522 6705
534 6718 103 126 Falun 0 534 6718
583 6281 121 120 Kalmar 0 583 6281
445 6210 108 136 Kristianstad 0 445 6210
497 7182 61 108 Skellefteå 0 497 7182
385 7021 60 98 Örnsköldsvik 0 385 7021
615 6513 108 136 Nyköping 0 615 6513
338 6391 126 141 Visby 0 338 6391
343 6472 118 72 Vänersborg 0 343 6472
466 7522 146 94 Kirunavaara 0 466 7522
647 6946 91 122 Fröland 0 647 6946
431 6507 93 133 Mariestad 0 431 6507
573 6802 61 95 Bollnäs 0 573 6802
500 7282 100 64 Älvsbyn 0 500 7282
413 6600 84 125 Forshaga 0 413 6600
379 6172 137 106 Lomma 0 379 6172
657 6457 149 117 Henån 0 657 6457
499 6636 121 130 Kopparberg 0 499 6636
451 6475 113 72 Tibro 0 451 6475
438 6449 78 119 Tidaholm 0 438 6449
443 6234 148 70 Broby 0 443 6234
649 6565 63 80 Södertälje 0 649 6565
638 6691 122 103 Tierp 0 638 6691
568 6997 53 140 Hammarstrand 0 568 6997
502 6489 54 82 Motala 0 502 6489
424 6655 114 91 Hagfors 0 424 6655
453 6620 63 142 Filipstad 0 453 6620
506 6547 129 82 Hallsberg 0 506 6547
630 7328 62 102 Arjeplog 0 630 7328
362 6616 146 144 Arvika 0 362 6616
634 6512 80 112 Tanumshede 0 634 6512
597 7304 89 137 Kalix 0 597 7304
554 6683 117 150 Hedemora 0 554 6683
365 6451 70 104 Nossebro 0 365 6451
568 6609 126 111 Hallstahammar 0 568 6609
405 6147 115 125 Skurup 0 405 6147
504 6365 133 146 Vetlanda 0 504 6365
518 6228 68 103 Ronneby 0 518 6228
561 6586 137 77 Kungsör 0 561 6586
452 6525 62 148 Hova 0 452 6525
497 6391 146 61 Eksjö 0 497 6391
395 6188 129 133 Eslöv 0 395 6188
348 6231 86 68 Höganäs 0 348 6231
471 6211 95 79 Sölvesborg 0 471 6211
428 7200 150 145 Norsjö 0 428 7200
348 6587 120 81 Vaxholm 0 348 6587
399 6222 98 63 Perstorp 0 399 6222
500 6733 67 99 Leksand 0 500 6733
510 6668 114 134 Ludvika 0 510 6668
578 7166 66 72 Vilhelmina 0 578 7166
472 6306 122 56 Alvesta 0 472 6306
594 6452 72 69 Valdemarsvik 0 594 6452
444 6365 80 81 Skillingaryd 0 444 6365
327 6425 143 76 Alafors 0 327 6425
499 6434 137 140 Tranås 0 499 6434
639 6563 60 127 Nykvarn 0 639 6563
664 6601 89 58 Upplands_Väsby 0 664 6601
412 7090 87 66 Bjurholm 0 412 7090
467 6566 149 55 Degerfors 0 467 6566
618 6919 58 59 Sundsvall 0 618 6919
425 6141 115 121 Ystad 0 425 6141
660 6589 147 134 Jakobsberg 0 660 6589
657 6623 117 78 Knivsta 0 657 6623
335 6603 64 140 Vallentuna 0 335 6603
615 6584 113 67 Strängnäs 0 615 6584
354 6684 103 121 Östhammar 0 354 6684
570 6713 113 132 Hofors 0 570 6713
321 6393 123 129 Mölndal 0 321 6393
457 6156 121 100 Simrishamn 0 457 6156
521 6957 70 69 Bräcke 0 521 6957
456 6709 129 63 Vansbro 0 456 6709
337 6406 121 71 Lerum 0 337 6406
411 6489 141 90 Götene 0 411 6489
614 7006 94 121 Sollefteå 0 614 7006
531 7301 74 98 Boden 0 531 7301
667 6534 111 138 Ed 0 667 6534
324 6374 95 57 Kungsbacka 0 324 6374
372 6222 90 131 Åstorp 0 372 6222
651 6431 110 134 Skärhamn 0 651 6431
536 6224 62 105 Karlskrona 0 536 6224
585 6264 97 125 Mörbylånga 0 585 6264
433 6156 122 59 Tomelilla 0 433 6156
549 6544 125 111 Vingåker 0 549 6544
642 6462 98 54 Lysekil 0 642 6462
379 6556 95 104 Säffle 0 379 6556
551 6659 97 120 Norberg 0 551 6659
538 6633 127 126 Skinnskatteberg 0 538 6633
347 6308 127 60 Falkenberg 0 347 6308
575 6483 119 74 Söderköping 0 575 6483
568 6620 97 132 Surahammar 0 568 6620
417 6633 134 133 Munkfors 0 417 6633
353 6394 85 106 Bollebygd 0 353 6394
503 6716 64 52 Gagnef 0 503 6716
392 6318 91 116 Hyltebruk 0 392 6318
479 6454 65 87 Ödeshög 0 479 6454
561 6251 118 139 Torsås 0 561 6251
669 6533 147 135 Nynäshamn 0 669 6533
334 6588 90 52 Djursholm 0 334 6588
502 6450 88 73 Boxholm 0 502 6450
340 6547 90 66 Bengtsfors 0 340 6547
366 6256 111 119 Båstad 0 366 6256
515 6410 117 79 Österbymo 0 515 6410
655 6597 53 67 Kungsängen 0 655 6597
675 6417 86 91 Kungälv 0 675 6417
446 6267 122 64 Älmhult 0 446 6267
617 7270 62 108 Sorsele 0 617 7270
523 6666 73 139 Smedjebacken 0 523 6666
671 6473 130 65 Uddevalla 0 671 6473
621 6504 111 143 Oxelösund 0 621 6504
582 7356 60 87 Överkalix 0 582 7356
378 6265 71 121 Laholm 0 378 6265
381 6198 62 111 Svalöv 0 381 6198
596 6721 110 95 Sandviken 0 596 6721
338 6576 93 112 Nacka 0 338 6576
616 6612 128 87 Enköping 0 616 6612
448 6789 96 132 Älvdalen 0 448 6789
568 6540 129 92 Katrineholm 0 568 6540
505 6749 102 51 Rättvik 0 505 6749
410 6578 147 58 Skoghall 0 410 6578
396 6634 127 77 Sunne 0 396 6634
411 6351 81 57 Gislaved 0 411 6351
660 6565 109 105 Tumba 0 660 6565
405 6405 120 100 Ulricehamn 0 405 6405
437 6247 87 109 Osby 0 437 6247
562 6336 127 93 Högsby 0 562 6336
656 6485 128 78 Munkedal 0 656 6485
424 7025 101 137 Järpen 0 424 7025
388 7165 142 129 Lycksele 0 388 7165
434 6299 110 103 Ljungby 0 434 6299
379 6460 102 122 Vara 0 379 6460
441 6338 141 90 Värnamo 0 441 6338
532 6276 100 106 Emmaboda 0 532 6276
481 6389 99 72 Nässjö 0 481 6389
369 7303 100 92 Haparanda 0 369 7303
333 6556 61 143 Västerhaninge 0 333 6556
384 6439 150 113 Herrljunga 0 384 6439
401 6372 150 143 Tranemo 0 401 6372
477 6538 120 87 Laxå 0 477 6538
328 6393 89 83 Mölnlycke 0 328 6393
598 7221 112 137 Storuman 0 598 7221
407 6470 68 101 Skara 0 407 6470
611 6846 91 89 Hudiksvall 0 611 6846
557 6856 141 133 Ljusdal 0 557 6856
670 6569 75 115 Huddinge 0 670 6569
449 6508 53 129 Töreboda 0 449 6508
387 6374 147 61 Svenljunga 0 387 6374
337 6584 73 71 Lidingö 0 337 6584
330 6584 109 60 Solna 0 330 6584
345 6569 126 118 Tyresö 0 345 6569
438 7088 56 103 Vännäs 0 438 7088
393 6238 105 92 Örkelljunga 0 393 6238
404 6598 55 119 Kil 0 404 6598
543 6651 61 58 Fagersta 0 543 6651
613 7117 53 112 Åsele 0 613 7117
520 6335 141 61 Åseda 0 520 6335
387 6166 135 72 Staffanstorp 0 387 6166
655 6572 130 81 Ekerö 0 655 6572
370 6627 87 87 Norrtälje 0 370 6627
660 6612 125 76 Märsta 0 660 6612
413 6255 130 114 Markaryd 0 413 6255
471 6627 54 139 Hällefors 0 471 6627
550 6391 125 53 Vimmerby 0 550 6391
586 6322 144 141 Mönsterås 0 586 6322
492 6558 121 137 Fjugesta 0 492 6558
558 6451 70 59 Åtvidaberg 0 558 6451
449 6577 115 50 Kristinehamn 0 449 6577
547 6584 79 114 Arboga 0 547 6584
352 6423 108 66 Alingsås 0 352 6423
423 6223 90 118 Hässleholm 0 423 6223
543 6805 88 111 Edsbyn 0 543 6805
625 6534 98 88 Strömstad 0 625 6534
528 7080 117 108 Strömsund 0 528 7080
458 6599 84 64 Storfors 0 458 6599
337 6586 61 126 Årjäng 0 337 6586
471 6488 79 51 Karlsborg 0 471 6488
656 6565 87 110 Rönninge 0 656 6565
676 6401 77 79 Göteborg 0 676 6401
494 6478 85 97 Vadstena 0 494 6478
608 6874 107 50 Bergsjö 0 608 6874
472 6577 146 83 Karlskoga 0 472 6577
664 6595 123 139 Sollentuna 0 664 6595
541 6690 89 144 Säter 0 541 6690
423 6358 69 64 Gnosjö 0 423 6358
631 6547 100 104 Gnesta 0 631 6547
466 6213 59 64 Bromölla 0 466 6213
501 6597 129 61 Nora 0 501 6597
486 7446 113 100 Gällivare 0 486 7446
334 6332 105 116 Varberg 0 334 6332
593 6751 72 83 Ockelbo 0 593 6751
657 6399 135 142 Öckerö 0 657 6399
367 6235 73 75 Ängelholm 0 367 6235
438 7119 126 139 Vindeln 0 438 7119
618 6929 97 118 Timrå 0 618 6929
415 6190 107 75 Hörby 0 415 6190
408 6199 119 146 Höör 0 408 6199
668 6584 146 54 Sundbyberg 0 668 6584
370 6434 136 140 Vårgårda 0 370 6434
369 6217 58 119 Bjuv 0 369 6217
388 6151 97 60 Svedala 0 388 6151
479 6775 59 125 Orsa 0 479 6775
523 7245 97 141 Piteå 0 523 7245
415 7274 70 72 Arvidsjaur 0 415 7274
488 6410 135 93 Aneby 0 488 6410
414 6448 142 51 Falköping 0 414 6448
385 6174 145 135 Lund 0 385 6174
469 6235 147 57 Olofström 0 469 6235
444 6419 116 149 Habo 0 444 6419
602 7455 52 50 Pajala 0 602 7455
632 6724 112 144 Skutskär 0 632 6724
333 6599 74 72 Täby 0 333 6599
380 6185 73 149 Kävlinge 0 380 6185
549 6371 87 65 Hultsfred 0 549 6371
566 6668 69 92 Avesta 0 566 6668
531 6931 134 138 Ånge 0 531 6931
394 7230 62 82 Malå 0 394 7230
545 6508 102 149 Finspång 0 545 6508
600 6305 119 81 Borgholm 0 600 6305
351 6578 54 113 Gustavsberg 0 351 6578
433 6419 53 59 Mullsjö 0 433 6419
364 6468 106 79 Grästorp 0 364 6468
368 6547 149 127 Åmål 0 368 6547
514 6605 121 83 Lindesberg 0 514 6605
361 6375 98 89 Kinna 0 361 6375
465 6878 131 128 Sveg 0 465 6878
585 6581 150 85 Eskilstuna 0 585 6581
507 6554 89 110 Kumla 0 507 6554
556 6598 87 115 Köping 0 556 6598
383 6137 70 97 Trelleborg 0 383 6137
391 6576 120 135 Grums 0 391 6576
353 6509 81 80 Mellerud 0 353 6509
589 6643 113 72 Sala 0 589 6643
328 6402 113 99 Partille 0 328 6402
641 6981 50 96 Kramfors 0 641 6981
479 6361 148 111 Sävsjö 0 479 6361
650 6948 104 92 Härnösand 0 650 6948
432 6473 131 103 Skövde 0 432 6473
448 7387 138 77 Jokkmokk 0 448 7387
494 6527 80 55 Askersund 0 494 6527
492 7117 78 81 Robertsfors 0 492 7117
467 7526 134 92 Kiruna 0 467 7526
666 6441 91 66 Stenungsund 0 666 6441
641 6607 125 62 Bålsta 0 641 6607
498 6265 56 121 Tingsryd 0 498 6265
347 6641 117 146 Charlottenberg 0 347 6641
393 6485 51 111 Lidköping 0 393 6485
631 6469 51 144 Kungshamn 0 631 6469
605 6645 79 111 Heby 0 605 6645
325 6495 86 54 Färgelanda 0 325 6495
507 6463 131 68 Mjölby 0 507 6463
347 6596 123 120 Åkersberga 0 347 6596
331 6447 137 53 Lilla_Edet 0 331 6447
414 6581 127 63 Karlstad 0 414 6581
516 6289 133 104 Lessebo 0 516 6289
590 6548 67 80 Flen 0 590 6548
567 7127 140 143 Dorotea 0 567 7127
475 6762 89 124 Mora 0 475 6762
378 6166 122 59 Arlöv 0 378 6166
472 7022 87 121 Krokom 0 472 7022
471 6959 50 75 Svenstavik 0 471 6959
428 6726 109 55 Malung 0 428 6726
418 6166 66 128 Sjöbo 0 418 6166
364 6193 140 120 Landskrona 0 364 6193
425 7049 55 148 Nordmaling 0 425 7049
597 6402 121 114 Västervik 0 597 6402
618 7365 116 134 Övertorneå 0 618 7365
555 6289 56 78 Nybro 0 555 6289
609 6797 129 143 Söderhamn 0 609 6797
536 6427 66 145 Kisa 0 536 6427
457 6462 117 55 Hjo 0 457 6462
586 6347 81 92 Oskarshamn 0 586 6347
388 6667 132 56 Torsby 0 388 6667
374 6148 60 136 Vellinge 0 374 6148
383 6222 69 88 Klippan 0 383 6222
646 6531 56 52 Trosa 0 646 6531
