273
334 4007 135 150 Aleppo 0 334 4007
247 3711 71 129 Damascus 0 247 3711
291 3845 91 113 Homs 0 291 3845
748 3939 88 72 Al_Kuraydīyah 0 748 3939
258 3717 92 95 Dūmā 0 258 3717
295 3889 127 113 Ḩamāh 0 295 3889
603 3910 112 70 Dayr_az_Zawr 0 603 3910
500 3978 70 115 Ar_Raqqah 0 500 3978
763 3864 111 120 Ţarţūs 0 763 3864
228 3612 130 60 Dar‘ā 0 228 3612
286 3978 131 134 Idlib 0 286 3978
656 4041 149 148 Al_Ḩasakah 0 656 4041
406 4043 76 62 Manbij 0 406 4043
698 4102 122 94 Al_Qāmishlī 0 698 4102
459 3965 50 54 Ath_Thawrah 0 459 3965
676 3813 65 55 Ālbū_Kamāl 0 676 3813
272 3621 52 150 As_Suwaydā’ 0 272 3621
434 3824 68 82 Tadmur 0 434 3824
290 3767 117 94 An_Nabk 0 290 3767
325 4050 53 131 I‘zāz 0 325 4050
763 3668 150 72 Al_Qunayţirah 0 763 3668
324 3984 73 89 Al_Ḩāḑir 0 324 3984
756 3680 121 70 Mas‘adah 0 756 3680
279 3943 65 98 Kafr_Nubl 0 279 3943
266 3899 86 141 Jubb_Ramlah 0 266 3899
632 3876 126 76 Al_Mayādīn 0 632 3876
346 3855 145 109 Jubb_al_Jarrāḩ 0 346 3855
656 3991 126 126 Ash_Shaddādah 0 656 3991
276 3842 79 133 Khirbat_Tīn_Nūr 0 276 3842
245 3943 56 110 Şlinfah 0 245 3943
255 3716 122 83 Ḩarastā 0 255 3716
304 4001 62 84 Al_Atārib 0 304 4001
229 3865 96 73 Ḩimmīn 0 229 3865
768 3897 144 111 Bāniyās 0 768 3897
241 3878 63 56 Brummānat_al_Mashāyikh 0 241 3878
671 4108 89 76 ‘Āmūdā 0 671 4108
629 3891 108 94 Al_Buşayrah 0 629 3891
230 3720 116 74 Ad_Dīmās 0 230 3720
495 4061 139 127 Tall_Abyaḑ 0 495 4061
223 3643 142 142 Nawá 0 223 3643
251 3706 147 77 Babīlā 0 251 3706
726 4101 75 115 Al_Qaḩţānīyah 0 726 4101
346 3982 59 63 Banān 0 346 3982
284 3642 125 98 Shaqqā 0 284 3642
769 3675 134 62 Khān_Arnabah 0 769 3675
364 3960 87 95 Khanāşir 0 364 3960
511 4050 148 93 Sulūk 0 511 4050
286 3936 57 146 Hīsh 0 286 3936
761 3860 146 123 Arwād 0 761 3860
236 3744 115 145 Sirghāyā 0 236 3744
750 4097 125 78 Al_Jawādīyah 0 750 4097
246 3857 128 142 Al_Bāriqīyah 0 246 3857
282 3868 133 69 Ḩarbinafsah 0 282 3868
265 3986 67 55 Darkūsh 0 265 3986
361 4052 78 75 Ar_Rā‘ī 0 361 4052
243 3931 50 131 Jawbat_Burghāl 0 243 3931
368 4023 119 148 Tādif 0 368 4023
412 4010 56 134 Al_Khafsah 0 412 4010
752 3935 105 135 Latakia 0 752 3935
679 3823 92 52 As_Sūsah 0 679 3823
650 3930 97 130 Aş_Şuwar 0 650 3930
437 4049 110 125 Şirrīn_ash_Shamālīyah 0 437 4049
255 3713 82 112 ‘Irbīn 0 255 3713
646 4104 87 63 Ad_Darbāsīyah 0 646 4104
242 3705 76 129 Dārayyā 0 242 3705
337 3789 68 62 Al_Qaryatayn 0 337 3789
300 3986 89 145 Taftanāz 0 300 3986
253 3708 98 137 Jaramānā 0 253 3708
243 3694 95 69 Al_Kiswah 0 243 3694
274 3603 121 61 Al_Qurayyā 0 274 3603
233 3876 85 105 Ash_Shaykh_Badr 0 233 3876
291 3624 138 136 Al_Mushannaf 0 291 3624
292 3867 79 62 Ar_Rastan 0 292 3867
321 3790 142 74 Mahīn 0 321 3790
222 3686 113 98 Sa‘sa‘ 0 222 3686
342 3964 138 64 Tall_aḑ_Ḑamān 0 342 3964
305 4071 112 103 Bulbul 0 305 4071
714 4070 111 101 Tall_Ḩamīs 0 714 4070
286 3924 119 116 Khān_Shaykhūn 0 286 3924
319 4027 55 120 Nubl 0 319 4027
667 3840 83 116 Hajīn 0 667 3840
324 3831 123 122 Al_Furqlus 0 324 3831
769 3629 80 148 Ash_Shajarah 0 769 3629
294 3774 56 107 Dayr_‘Aţīyah 0 294 3774
681 4063 64 123 Bi’r_al_Ḩulw_al_Wardīyah 0 681 4063
353 3993 140 89 As_Safīrah 0 353 3993
237 3662 60 110 Aş_Şanamayn 0 237 3662
275 3996 92 125 Armanāz 0 275 3996
284 3965 72 92 Arīḩā 0 284 3965
309 3798 148 120 Şadad 0 309 3798
523 3963 148 92 As_Sabkhah 0 523 3963
352 3903 101 106 As_Si‘in 0 352 3903
301 3971 83 135 Sarāqib 0 301 3971
761 3949 62 80 ‘Ayn_al_Bayḑā 0 761 3949
323 3956 55 101 Abū_az̧_Z̧uhūr 0 323 3956
228 3932 123 61 Al_Fākhūrah 0 228 3932
250 3932 150 117 Shaţḩah 0 250 3932
260 3750 66 56 ‘Assāl_al_Ward 0 260 3750
291 4061 93 90 Rājū 0 291 4061
234 3935 96 89 Al_Muzayri‘ah 0 234 3935
368 4003 71 149 Kuwayris_Sharqī 0 368 4003
248 3862 69 58 Mashtá_al_Ḩulw 0 248 3862
263 3916 133 71 As_Suqaylibīyah 0 263 3916
290 3987 77 110 Ma‘arratmişrīn 0 290 3987
238 3625 128 136 Khirbat_Ghazālah 0 238 3625
238 3852 125 61 As_Sīsnīyah 0 238 3852
228 3909 135 150 Al_Quţaylibīyah 0 228 3909
247 3626 109 103 Al_Ḩarāk 0 247 3626
249 3705 139 52 Al_Ḩajar_al_Aswad 0 249 3705
777 3636 50 111 Tasīl 0 777 3636
329 4038 128 113 Tall_Rif‘at 0 329 4038
262 3904 84 128 Tall_Salḩab 0 262 3904
285 4001 65 86 Qūrqīnā 0 285 4001
262 3865 67 95 ‘Awaj 0 262 3865
258 3738 140 137 Rankūs 0 258 3738
554 3956 102 65 Ma‘dān 0 554 3956
267 3858 79 111 Al_Qabw 0 267 3858
768 3874 113 103 As_Sawdā 0 768 3874
769 3845 93 83 Al_Ḩamīdīyah 0 769 3845
256 3708 73 56 Al_Mulayḩah 0 256 3708
241 3715 66 127 Qadsayyā 0 241 3715
279 3903 58 99 Muḩradah 0 279 3903
659 4011 51 101 ‘Arīshah 0 659 4011
386 4058 144 147 Al_Ghandūrah 0 386 4058
286 3725 65 115 Aḑ_Ḑumayr 0 286 3725
617 3907 81 123 Khushām 0 617 3907
319 3940 57 135 Sinjār 0 319 3940
290 3743 123 104 Jayrūd 0 290 3743
256 3668 62 117 Mismīyah 0 256 3668
264 3851 148 86 Shīn 0 264 3851
413 3979 113 105 Maskanah 0 413 3979
250 3722 126 63 At_Tall 0 250 3722
295 3926 58 120 At_Tamāni‘ah 0 295 3926
325 3854 87 87 Mukharram_al_Fawqānī 0 325 3854
234 3635 77 122 Ash_Shaykh_Miskīn 0 234 3635
279 3586 52 119 Al_Ghāriyah 0 279 3586
276 3999 93 100 Kafr_Takhārīm 0 276 3999
574 3941 147 97 At_Tibnī 0 574 3941
247 3606 98 86 Al_Jīzah 0 247 3606
278 3637 100 128 Shahbā 0 278 3637
622 4057 63 109 Tall_Tamr 0 622 4057
297 4048 148 59 Al_Ma‘baţlī 0 297 4048
277 4010 91 91 Ḩārim 0 277 4010
766 3968 128 131 Qasţal_Ma‘āf 0 766 3968
243 3640 133 92 Izra‘ 0 243 3640
277 3735 131 128 Al_Quţayfah 0 277 3735
257 3883 122 147 Maşyāf 0 257 3883
238 3865 68 122 Ad_Duraykīsh 0 238 3865
273 3703 131 103 Ḩarrān_al_‘Awāmīd 0 273 3703
232 3898 52 75 Al_‘Annāzah 0 232 3898
272 3747 104 54 Ma‘lūlā 0 272 3747
266 3710 76 97 An_Nashābīyah 0 266 3710
246 3966 97 62 Bdāmā 0 246 3966
294 3810 97 97 Ḩisyā’ 0 294 3810
476 3966 150 67 Al_Manşūrah 0 476 3966
642 3865 90 92 Al_‘Ashārah 0 642 3865
385 4037 140 79 Al_‘Arīmah 0 385 4037
256 3731 81 130 Şaydnāyā 0 256 3731
270 4002 122 97 Salqīn 0 270 4002
225 3654 138 111 Jāsim 0 225 3654
237 3939 52 71 ‘Ayn_at_Tīnah 0 237 3939
254 3849 84 149 Al_Ḩawāsh 0 254 3849
366 4026 68 82 Al_Bāb 0 366 4026
247 3865 125 86 Sabbah 0 247 3865
242 3701 51 105 Şaḩnāyā 0 242 3701
287 3736 78 132 Ar_Ruḩaybah 0 287 3736
293 3981 89 62 Binnish 0 293 3981
307 4017 91 58 Dārat_‘Izzah 0 307 4017
241 3887 147 117 Al_Qadmūs 0 241 3887
243 3876 118 119 Wādī_al_‘Uyūn 0 243 3876
310 3857 73 136 ‘Ayn_an_Nasr 0 310 3857
255 3711 67 57 Kafr_Baţnā 0 255 3711
488 3860 108 66 As_Sukhnah 0 488 3860
273 3862 136 105 Talldaww 0 273 3862
233 3927 74 70 Al_Qardāḩah 0 233 3927
278 3955 104 92 Iḩsim 0 278 3955
227 3880 98 82 Al_Qamşīyah 0 227 3880
243 3959 78 147 Kinnsibbā 0 243 3959
338 4038 58 65 Māri‘ 0 338 4038
285 4042 141 55 Shaykh_al_Ḩadīd 0 285 4042
359 3878 66 51 ‘Uqayribāt 0 359 3878
769 3979 126 64 Kassab 0 769 3979
271 3591 106 75 Dhībīn 0 271 3591
637 3875 68 140 Dhībān 0 637 3875
234 3885 118 96 Ḩammām_Wāşil 0 234 3885
315 4055 140 58 Sharān 0 315 4055
237 3868 124 142 Junaynat_Raslān 0 237 3868
292 4030 56 56 Jindayris 0 292 4030
336 3891 76 136 Şabbūrah 0 336 3891
421 4032 59 94 Abū_Qalqal 0 421 4032
692 4029 75 112 Al_Ḩawl 0 692 4029
309 4042 114 135 ‘Afrīn 0 309 4042
246 4118 122 106 Al_Mālikīyah 0 246 4118
768 3947 81 139 Al_Bahlūlīyah 0 768 3947
583 3936 89 96 Al_Kasrah 0 583 3936
525 3969 85 57 Al_Karāmah 0 525 3969
294 3975 69 141 Sarmīn 0 294 3975
251 3852 79 128 An_Nāşirah 0 251 3852
762 3654 83 73 Al_Khushnīyah 0 762 3654
760 3933 87 89 Al_Hinādī 0 760 3933
595 4078 110 105 Ra’s_al_‘Ayn 0 595 4078
264 3641 74 104 ‘Arīqah 0 264 3641
318 3993 68 129 Az_Zarbah 0 318 3993
340 4048 138 90 Şūrān 0 340 4048
295 3907 53 118 Şūrān 0 295 3907
746 3644 94 141 Al_Buţayḩah 0 746 3644
230 3847 53 103 Aş_Şafşāfah 0 230 3847
221 3622 98 150 Al_Muzayrīb 0 221 3622
238 3723 67 69 ‘Ayn_al_Fījah 0 238 3723
248 3839 62 128 Tallkalakh 0 248 3839
231 3735 64 105 Az_Zabadānī 0 231 3735
242 3871 106 132 Duwayr_Raslān 0 242 3871
263 3630 92 142 Al_Mazra‘ah 0 263 3630
230 3857 57 125 Ra’s_al_Khashūfah 0 230 3857
232 3840 59 111 Al_Karīmah 0 232 3840
752 3630 86 107 Fīq 0 752 3630
271 3963 118 106 Muḩambal 0 271 3963
231 3627 96 91 Dā‘il 0 231 3627
289 3947 149 67 Ma‘arrat_an_Nu‘mān 0 289 3947
326 3909 147 120 Al_Ḩamrā’ 0 326 3909
619 3899 135 101 Mūḩ_Ḩasan 0 619 3899
378 3738 56 94 As_Sab‘_Biyār 0 378 3738
411 4075 59 129 Jarābulus 0 411 4075
350 4041 83 138 Akhtarīn 0 350 4041
283 3761 68 54 Yabrūd 0 283 3761
230 3943 135 115 Al_Ḩaffah 0 230 3943
355 3970 51 69 Al_Ḩājib 0 355 3970
335 3872 98 138 Barrī_ash_Sharqī 0 335 3872
237 3911 137 129 Bayt_Yāshūţ 0 237 3911
417 4067 132 140 Shuyūkh_Taḩtānī 0 417 4067
237 4077 116 59 Al_Ya‘rubīyah 0 237 4077
432 4003 61 150 Al_Jarnīyah 0 432 4003
271 3919 67 53 Kurnāz 0 271 3919
263 3698 150 95 Al_Ghizlānīyah 0 263 3698
487 4026 60 63 ‘Ayn_‘Īsá 0 487 4026
442 4082 148 107 ‘Ayn_al_‘Arab 0 442 4082
292 3857 86 135 Tallbīsah 0 292 3857
229 3893 97 142 Tālīn 0 229 3893
263 3600 122 52 Buşrá_ash_Shām 0 263 3600
261 3839 120 135 Ḩadīdah 0 261 3839
298 3598 84 105 Malaḩ 0 298 3598
771 3691 86 143 Mazra‘at_Bayt_Jinn 0 771 3691
236 3856 143 139 Şāfītā 0 236 3856
282 3917 110 145 Kafr_Zaytā 0 282 3917
239 3919 72 73 Ḩarf_al_Musaytirah 0 239 3919
277 3821 64 84 Al_Quşayr 0 277 3821
658 3957 133 114 Markadah 0 658 3957
246 3890 109 63 Aţ_Ţawāḩīn 0 246 3890
257 3966 125 127 Jisr_ash_Shughūr 0 257 3966
668 3833 83 89 Al_Jalā’ 0 668 3833
299 4009 84 82 Ad_Dānā 0 299 4009
240 3902 63 58 Ad_Dālīyah 0 240 3902
241 3674 115 96 Ghabāghib 0 241 3674
230 3920 103 69 ‘Ayn_Shiqāq 0 230 3920
284 3597 75 109 Şalkhad 0 284 3597
328 4017 127 108 Ḩuraytān 0 328 4017
228 3703 112 63 Qaţanā 0 228 3703
236 3913 142 96 ‘Ayn_ash_Sharqīyah 0 236 3913
250 3613 52 116 Al_Musayfirah 0 250 3613
225 3855 103 145 Khirbat_al_Ma‘azzah 0 225 3855
255 3869 130 126 ‘Ayn_Ḩalāqīm 0 255 3869
383 4002 97 92 Dayr_Ḩāfir 0 383 4002
255 3974 131 129 Al_Jānūdīyah 0 255 3974
322 3876 129 91 As_Salamīyah 0 322 3876
766 3917 114 139 Jablah 0 766 3917
259 3952 82 137 Az_Ziyārah 0 259 3952
231 3731 90 139 Maḑāyā 0 231 3731
765 3884 111 150 Ar_Rawḑah 0 765 3884
273 3657 148 139 Aş_Şūrah_aş_Şaghīrah 0 273 3657
309 3823 50 143 Ar_Riqāmā 0 309 3823
232 3964 87 107 Rabī‘ah 0 232 3964
384 4011 145 51 Rasm_al_Ḩarmal 0 384 4011
263 3922 138 115 Qal‘at_al_Maḑīq 0 263 3922
