32
356 2771 53 82 Tanmei 0 356 2771
223 2503 52 74 Kaohsiung 0 223 2503
268 2670 114 130 Taiping 0 268 2670
214 2545 101 52 Tainan 0 214 2545
321 2762 52 64 Zhongcuo 0 321 2762
244 2662 106 135 Shangzhuwei 0 244 2662
294 2744 56 131 Hsinchu 0 294 2744
241 2509 124 110 Pingtung 0 241 2509
239 2598 61 85 Chiayi 0 239 2598
373 2779 117 64 Keelung 0 373 2779
330 2764 78 112 Taoyuan 0 330 2764
358 2652 129 52 Hualien 0 358 2652
318 2757 79 61 Pingzhen 0 318 2757
298 2748 66 96 Zhubei 0 298 2748
309 2518 53 52 Taitung 0 309 2518
312 2754 108 78 Xiaoyangmei 0 312 2754
326 2758 110 98 Bade 0 326 2758
265 2648 60 73 Zhuangtou 0 265 2648
279 2723 53 62 Xiaoji 0 279 2723
373 2738 145 113 Yilan 0 373 2738
249 2624 144 67 Douliu 0 249 2624
762 2608 62 100 Magong 0 762 2608
218 2597 124 80 Pozi 0 218 2597
227 2596 52 59 Taibao 0 227 2596
264 2645 87 100 Nantou 0 264 2645
793 2895 57 51 Nangan 0 793 2895
351 2771 69 82 Taipei 0 351 2771
279 2718 78 79 Miaoli 0 279 2718
345 2767 107 132 Banqiao 0 345 2767
249 2664 96 110 Changhua 0 249 2664
264 2672 128 52 Taichung 0 264 2672
633 2702 98 126 Jincheng 0 633 2702
