61
480 4267 135 66 Dushanbe 0 480 4267
552 4459 53 91 Khŭjand 0 552 4459
480 4187 140 78 Qŭrghonteppa 0 480 4187
621 4461 124 106 Konibodom 0 621 4461
568 4196 109 113 Kŭlob 0 568 4196
725 4152 69 52 Khorugh 0 725 4152
733 4067 104 78 Ishqoshim 0 733 4067
482 4179 150 127 Ismoili_Somoní 0 482 4179
501 4267 70 62 Vahdat 0 501 4267
442 4269 90 110 Shahrinav 0 442 4269
483 4402 121 78 Shahriston 0 483 4402
542 4446 91 81 Proletar 0 542 4446
500 4418 74 81 Istaravshan 0 500 4418
564 4283 132 98 Roghun 0 564 4283
511 4423 58 109 Ghonchí 0 511 4423
585 4244 74 121 Khovaling 0 585 4244
508 4121 134 95 Panj 0 508 4121
659 4332 64 149 Tajikobod 0 659 4332
524 4363 139 101 Mehron 0 524 4363
470 4133 80 118 Dŭstí 0 470 4133
592 4188 56 142 Shŭrobod 0 592 4188
428 4140 138 54 Qubodiyon 0 428 4140
527 4266 141 125 Fayzobod 0 527 4266
486 4447 132 130 Zafarobod 0 486 4447
559 4240 93 138 Baljuvon 0 559 4240
689 4343 69 147 Jirghatol 0 689 4343
470 4223 55 117 Obikiik 0 470 4223
535 4149 81 64 Farkhor 0 535 4149
555 4168 105 58 Moskva 0 555 4168
485 4174 79 84 Vakhsh 0 485 4174
551 4211 132 106 Sovet 0 551 4211
493 4191 115 112 Sarband 0 493 4191
460 4360 79 106 Ayní 0 460 4360
638 4443 109 57 Isfara 0 638 4443
583 4302 83 80 Darband 0 583 4302
531 4444 140 146 Nov 0 531 4444
614 4502 132 78 Shaydon 0 614 4502
433 4262 91 121 Tursunzoda 0 433 4262
380 4372 149 136 Panjakent 0 380 4372
484 4291 66 86 Varzob 0 484 4291
483 4199 90 85 Abdurahmoni_Jomí 0 483 4199
714 4249 88 141 Vanj 0 714 4249
528 4485 139 150 Bŭston 0 528 4485
529 4216 69 132 Danghara 0 529 4216
411 4139 51 108 Bahorí 0 411 4139
458 4149 92 141 Jilikŭl 0 458 4149
480 4254 118 123 Somoniyon 0 480 4254
409 4225 117 142 Murghob 0 409 4225
528 4249 63 127 Norak 0 528 4249
460 4264 148 51 Hisor 0 460 4264
656 4257 140 131 Qalaikhumb 0 656 4257
724 4202 80 94 Rŭshon 0 724 4202
750 4127 128 111 Roshtqal’a 0 750 4127
556 4184 50 77 Vose’ 0 556 4184
629 4284 110 63 Tavildara 0 629 4284
618 4320 89 85 Rasht 0 618 4320
469 4160 55 142 Kolkhozobod 0 469 4160
423 4124 75 116 Shahritus 0 423 4124
590 4218 101 124 Mŭ’minobod 0 590 4218
503 4240 96 131 Yovon 0 503 4240
562 4451 96 141 Ghafurov 0 562 4451
