60
531 9248 130 112 Dar_es_Salaam 0 531 9248
314 9629 140 91 Moshi 0 314 9629
488 9721 144 140 Mwanza 0 488 9721
520 9318 78 50 Zanzibar 0 520 9318
242 9627 145 87 Arusha 0 242 9627
549 9016 70 112 Mbeya 0 549 9016
352 9246 98 109 Morogoro 0 352 9246
511 9439 115 95 Tanga 0 511 9439
804 9315 53 71 Dodoma 0 804 9315
791 9460 128 107 Kigoma 0 791 9460
477 9445 87 60 Tabora 0 477 9445
588 9834 75 146 Musoma 0 588 9834
571 8977 80 107 Tukuyu 0 571 8977
789 8817 127 133 Songea 0 789 8817
797 9140 56 115 Iringa 0 797 9140
548 9594 109 56 Shinyanga 0 548 9594
367 9852 73 145 Bukoba 0 367 9852
629 8864 100 114 Mtwara 0 629 8864
277 9244 120 56 Kilosa 0 277 9244
347 9119 68 50 Sumbawanga 0 347 9119
488 9288 60 73 Bagamoyo 0 488 9288
210 9435 101 139 Uvinza 0 210 9435
283 9295 63 64 Mpanda 0 283 9295
694 9467 125 147 Singida 0 694 9467
442 9430 137 94 Korogwe 0 442 9430
584 9419 88 134 Chake_Chake 0 584 9419
244 9100 80 105 Ifakara 0 244 9100
694 8967 138 123 Njombe 0 694 8967
578 8894 108 70 Lindi 0 578 8894
178 9493 85 62 Kasulu 0 178 9493
474 8971 57 80 Tunduma 0 474 8971
478 8815 137 143 Masasi 0 478 8815
455 9576 103 97 Kahama 0 455 9576
805 9533 68 119 Babati 0 805 9533
311 9708 140 64 Biharamulo 0 311 9708
493 9146 52 139 Kibiti 0 493 9146
474 9377 128 88 Sikonge 0 474 9377
520 9533 82 105 Nzega 0 520 9533
579 9439 61 135 Wete 0 579 9439
273 9636 85 62 Kakonko 0 273 9636
490 9252 87 126 Kibaha 0 490 9252
221 9297 99 148 Mpwapwa 0 221 9297
664 9369 108 124 Itigi 0 664 9369
359 9550 89 105 Same 0 359 9550
239 9722 125 75 Ngara 0 239 9722
277 9181 63 102 Mikumi 0 277 9181
216 9245 65 50 Karema 0 216 9245
561 9736 126 56 Nyahanga 0 561 9736
781 9574 59 71 Mbulu 0 781 9574
573 9125 139 58 Kilindoni 0 573 9125
779 9640 99 138 Ngorongoro 0 779 9640
692 8752 149 114 Mbamba_Bay 0 692 8752
783 9629 108 140 Oldeani 0 783 9629
527 9351 76 148 Mkokotoni 0 527 9351
407 9683 56 127 Geita 0 407 9683
235 9177 59 96 Kipili 0 235 9177
319 8776 78 107 Tunduru 0 319 8776
703 9364 132 81 Manyoni 0 703 9364
196 9506 93 85 Kanyato 0 196 9506
531 9322 108 145 Koani 0 531 9322
