933
664 1518 98 81 Bang_Rak 0 664 1518
498 2077 67 132 Chiang_Mai 0 498 2077
672 1504 76 82 Samut_Prakan 0 672 1504
186 1657 82 101 Nakhon_Ratchasima 0 186 1657
663 774 98 147 Hat_Yai 0 663 774
483 1684 108 107 Ubon_Ratchathani 0 483 1684
663 1533 119 136 Nonthaburi 0 663 1533
268 1819 142 80 Khon_Kaen 0 268 1819
264 1926 64 115 Udon_Thani 0 264 1926
606 932 91 90 Nakhon_Si_Thammarat 0 606 932
714 1478 73 84 Chon_Buri 0 714 1478
552 2022 59 113 Lampang 0 552 2022
709 1457 95 79 Si_Racha 0 709 1457
634 1860 140 66 Phitsanulok 0 634 1860
536 1010 91 50 Surat_Thani 0 536 1010
665 1549 69 88 Pathum_Thani 0 665 1549
749 760 89 121 Pattani 0 749 760
752 723 55 109 Yala 0 752 723
567 835 85 133 Trang 0 567 835
432 865 116 125 Phuket 0 432 865
612 1528 55 111 Nakhon_Pathom 0 612 1528
586 2197 63 99 Ban_Wiang_Wai 0 586 2197
621 1736 109 90 Nakhon_Sawan 0 621 1736
588 1496 65 66 Ratchaburi 0 588 1496
260 1974 107 58 Ban_Nong_Kham 0 260 1974
185 1395 120 83 Chanthaburi 0 185 1395
602 1449 72 89 Phetchaburi 0 602 1449
519 1160 93 97 Chumphon 0 519 1160
687 2077 88 130 Nan 0 687 2077
755 1554 118 139 Prachin_Buri 0 755 1554
616 1949 101 61 Uttaradit 0 616 1949
409 1897 107 137 Sakon_Nakhon 0 409 1897
705 1606 96 50 Sara_Buri 0 705 1606
812 711 76 50 Narathiwat 0 812 711
559 1548 103 108 Kanchanaburi 0 559 1548
637 1498 58 99 Samut_Sakhon 0 637 1498
337 1645 89 95 Surin 0 337 1645
555 1822 67 149 Kamphaeng_Phet 0 555 1822
181 1750 53 147 Chaiyaphum 0 181 1750
678 1636 54 81 Lop_Buri 0 678 1636
476 1925 80 124 Nakhon_Phanom 0 476 1925
340 1817 61 90 Kalasin 0 340 1817
620 1600 149 133 Suphan_Buri 0 620 1600
318 1790 65 96 Maha_Sarakham 0 318 1790
729 1819 57 91 Phetchabun 0 729 1819
604 1389 64 94 Hua_Hin 0 604 1389
724 1514 66 89 Chachoengsao 0 724 1514
676 796 141 97 Songkhla 0 676 796
296 1658 64 139 Buriram 0 296 1658
453 1848 81 107 Mae_Sot 0 453 1848
427 1671 85 111 Si_Sa_Ket 0 427 1671
618 842 56 116 Phatthalung 0 618 842
356 1775 137 95 Roi_Et 0 356 1775
620 2006 104 78 Phrae 0 620 2006
747 1401 70 97 Rayong 0 747 1401
643 1818 142 83 Phichit 0 643 1818
789 1935 81 108 Loei 0 789 1935
608 1483 102 84 Samut_Songkhram 0 608 1483
617 732 132 134 Satun 0 617 732
586 1305 77 120 Prachuap_Khiri_Khan 0 586 1305
513 1865 92 74 Tak 0 513 1865
490 892 87 97 Krabi 0 490 892
574 902 87 54 Thung_Song 0 574 902
459 1101 114 97 Ranong 0 459 1101
229 1515 57 68 Aranyaprathet 0 229 1515
609 1700 134 112 Uthai_Thani 0 609 1700
408 1746 122 142 Yasothon 0 408 1746
229 1354 55 124 Trat 0 229 1354
738 1571 55 89 Nakhon_Nayok 0 738 1571
592 2122 52 87 Phayao 0 592 2122
651 1646 138 55 Sing_Buri 0 651 1646
223 1724 76 70 Bua_Yai 0 223 1724
620 1679 104 138 Chai_Nat 0 620 1679
500 2054 112 99 Lamphun 0 500 2054
656 1613 118 60 Ang_Thong 0 656 1613
587 1880 100 123 Sukhothai 0 587 1880
448 934 50 70 Phangnga 0 448 934
391 2135 149 53 Mae_Hong_Son 0 391 2135
594 904 69 96 Ron_Phibun 0 594 904
683 1517 82 91 Prawet 0 683 1517
462 1618 149 129 Kantharalak 0 462 1618
556 818 51 80 Kantang 0 556 818
454 1669 139 145 Kanthararom 0 454 1669
641 1566 125 78 Lat_Bua_Luang 0 641 1566
663 1521 100 145 Pom_Prap_Sattru_Phai 0 663 1521
201 1915 50 78 Na_Klang 0 201 1915
559 1728 56 143 Chum_Ta_Bong 0 559 1728
555 1744 92 65 Mae_Wong 0 555 1744
575 1029 121 76 Don_Sak 0 575 1029
805 1722 111 83 Chatturat 0 805 1722
345 1752 60 144 Chaturaphak_Phiman 0 345 1752
670 1910 67 59 Chat_Trakan 0 670 1910
604 1874 140 114 Kong_Krailat 0 604 1874
396 1676 111 81 Mueang_Chan 0 396 1676
615 1752 135 134 Kao_Liao 0 615 1752
208 1763 146 67 Khon_Sawan 0 208 1763
811 1838 60 126 Khon_San 0 811 1838
601 2131 137 73 Phu_Kam_Yao 0 601 2131
422 2158 73 123 Sop_Pong 0 422 2158
570 1426 85 74 Kaeng_Krachan 0 570 1426
565 913 74 53 Na_Bon 0 565 913
338 1769 140 64 Si_Somdet 0 338 1769
526 1605 101 75 Na_Chaluai 0 526 1605
289 1747 100 150 Na_Chueak 0 289 1747
644 1524 71 71 Thawi_Watthana 0 644 1524
663 1507 112 136 Thung_Khru 0 663 1507
267 1662 62 84 Lam_Plai_Mat 0 267 1662
315 1932 109 144 Thung_Fon 0 315 1932
345 1944 126 102 Charoen_Sin 0 345 1944
452 1810 84 140 Nikhom_Kham_Soi 0 452 1810
363 1900 102 127 Nikhom_Nam_Un 0 363 1900
641 1545 139 113 Sai_Noi 0 641 1545
594 1820 145 57 Sai_Ngam 0 594 1820
706 1400 117 63 Sattahip 0 706 1400
592 1723 77 70 Sawang_Arom 0 592 1723
660 1512 110 68 Chom_Thong 0 660 1512
668 1529 79 57 Chatuchak 0 668 1529
678 2141 108 145 Song_Khwae 0 678 2141
642 1659 100 118 In_Buri 0 642 1659
552 2075 114 123 Mueang_Pan 0 552 2075
559 1915 144 126 Thung_Saliam 0 559 1915
391 2023 121 66 Bung_Khla 0 391 2023
367 2010 59 141 Si_Wilai 0 367 2010
406 1608 88 136 Phu_Sing 0 406 1608
750 693 121 131 Ban_Nang_Sata 0 750 693
249 1806 123 105 Phra_Yuen 0 249 1806
417 1652 148 118 Wang_Hin 0 417 1652
295 1829 71 101 Sam_Sung 0 295 1829
305 1831 85 91 Chuen_Chom 0 305 1831
303 1899 136 123 Ku_Kaeo 0 303 1899
656 1602 112 85 Pa_Mok 0 656 1602
383 1841 133 149 Huai_Phueng 0 383 1841
438 1616 94 116 Khun_Han 0 438 1616
552 1779 115 96 Pang_Sila_Thong 0 552 1779
537 1838 132 99 Kosamphi_Nakhon 0 537 1838
550 1731 94 75 Mae_Poen 0 550 1731
435 1016 55 127 Khura_Buri 0 435 1016
698 1503 138 82 Bang_Sao_Thong 0 698 1503
404 1733 126 62 Phanom_Phrai 0 404 1733
575 1562 121 139 Phanom_Thuan 0 575 1562
754 1521 147 57 Phanom_Sarakham 0 754 1521
666 1527 108 121 Bang_Sue 0 666 1527
607 750 86 52 Tha_Phae 0 607 750
494 998 62 146 Khiri_Ratthanikhom 0 494 998
585 1861 71 103 Khiri_Mat 0 585 1861
788 1715 147 94 Bamnet_Narong 0 788 1715
566 946 136 114 Phipun 0 566 946
670 1504 149 110 Phra_Samut_Chedi 0 670 1504
655 783 97 143 Bang_Klam 0 655 783
669 1619 140 57 Ban_Phraek 0 669 1619
603 1484 103 57 Amphawa 0 603 1484
197 1378 81 118 Khlung 0 197 1378
197 1981 77 122 Na_Yung 0 197 1981
464 1635 109 81 Siao 0 464 1635
698 1609 133 110 Sao_Hai 0 698 1609
780 1730 83 82 Sap_Yai 0 780 1730
749 1414 96 96 Ban_Khai 0 749 1414
698 1790 115 72 Chon_Daen 0 698 1790
493 2048 136 81 Pa_Sang 0 493 2048
514 2041 107 114 Mae_Tha 0 514 2041
554 2005 54 130 Mae_Tha 0 554 2005
235 1705 66 150 Non_Daeng 0 235 1705
276 1610 92 73 Chaloem_Phra_Kiat 0 276 1610
276 1698 65 136 Lam_Thamen_Chai 0 276 1698
247 1853 144 110 Khuean_Ubonrat 0 247 1853
185 1682 138 75 Non_Thai 0 185 1682
494 2090 61 60 Mae_Rim 0 494 2090
448 1877 134 136 Mae_Ramat 0 448 1877
591 2259 76 79 Mae_Sai 0 591 2259
794 1914 60 96 Wang_Saphung 0 794 1914
640 1636 115 68 Khai_Bang_Rachan 0 640 1636
462 2162 87 81 Wiang_Haeng 0 462 2162
553 2139 127 50 Wiang_Pa_Pao 0 553 2139
540 954 128 55 Wiang_Sa 0 540 954
683 2057 109 114 Wiang_Sa 0 683 2057
676 1725 106 124 Phai_Sali 0 676 1725
548 1224 117 77 Bang_Saphan_Noi 0 548 1224
701 1586 123 109 Nong_Khae 0 701 1586
588 1803 112 73 Thung_Sai 0 588 1803
592 1335 131 137 Kui_Buri 0 592 1335
575 1640 127 134 Dan_Chang 0 575 1640
521 2141 111 139 Phrao 0 521 2141
715 731 78 50 Saba_Yoi 0 715 731
502 1700 141 122 Don_Mot_Daeng 0 502 1700
521 977 80 69 Khian_Sa 0 521 977
583 785 107 63 Thung_Wa 0 583 785
432 1968 91 80 Om_Koi 0 432 1968
470 1829 92 135 Mukdahan 0 470 1829
313 1873 97 75 Tha_Khantho 0 313 1873
753 747 88 58 Yarang 0 753 747
674 1524 59 137 Wang_Thonglang 0 674 1524
470 1715 149 73 Muang_Sam_Sip 0 470 1715
626 903 62 141 Chian_Yai 0 626 903
807 1868 147 85 Phu_Kradueng 0 807 1868
646 842 114 107 Krasae_Sin 0 646 842
317 1650 88 99 Krasang 0 317 1650
664 1519 136 100 Pathum_Wan 0 664 1519
269 1302 69 57 Khlong_Yai 0 269 1302
452 1791 123 117 Loeng_Nok_Tha 0 452 1791
471 2084 115 66 Samoeng 0 471 2084
413 1626 122 96 Khu_Khan 0 413 1626
392 1712 146 124 Phon_Sai 0 392 1712
443 1930 52 114 Phon_Sawan 0 443 1930
390 1802 88 110 Waeng 0 390 1802
665 1521 86 57 Ratchathewi 0 665 1521
677 1539 149 116 Sai_Mai 0 677 1539
682 1522 98 83 Saphan_Sung 0 682 1522
245 1780 73 83 Chonnabot 0 245 1780
536 2026 70 68 Hang_Chat 0 536 2026
491 2066 132 89 Hang_Dong 0 491 2066
280 1730 133 70 Na_Pho 0 280 1730
681 2027 92 76 Na_Noi 0 681 2027
427 980 61 55 Takua_Pa 0 427 980
439 927 122 148 Takua_Thung 0 439 927
654 1538 116 146 Bang_Bua_Thong 0 654 1538
604 2119 135 106 Dok_Kham_Tai 0 604 2119
430 1822 51 85 Nong_Sung 0 430 1822
787 1414 65 102 Klaeng 0 787 1414
713 1643 77 109 Phatthana_Nikhom 0 713 1643
626 1550 88 61 Bang_Len 0 626 1550
799 1779 110 52 Nong_Bua_Daeng 0 799 1779
465 1885 61 60 Renu_Nakhon 0 465 1885
183 1889 112 86 Pha_Khao 0 183 1889
476 2058 61 150 Mae_Wang 0 476 2058
686 1616 130 59 Ban_Mo 0 686 1616
686 1598 54 96 Phachi 0 686 1598
395 1664 117 134 Huai_Thap_Than 0 395 1664
425 1730 53 54 Kham_Khuean_Kaeo 0 425 1730
232 1391 117 55 Bo_Rai 0 232 1391
298 1774 60 95 Borabue 0 298 1774
735 716 145 96 Yaha 0 735 716
302 1629 146 145 Phlapphla_Chai 0 302 1629
261 1955 145 103 Sa_Khrai 0 261 1955
449 1899 118 91 Pla_Pak 0 449 1899
589 2227 148 136 Mae_Chan 0 589 2227
432 2045 136 99 Mae_Chaem 0 432 2045
392 1726 129 82 Nong_Hi 0 392 1726
566 1690 68 135 Huai_Khot 0 566 1690
677 1686 103 88 Nong_Muang 0 677 1686
440 1776 90 108 Thai_Charoen 0 440 1776
619 750 84 137 Khuan_Don 0 619 750
451 1701 127 50 Khueang_Nai 0 451 1701
685 1611 84 110 Tha_Ruea 0 685 1611
347 1806 136 144 Kamalasai 0 347 1806
641 1877 118 104 Wat_Bot 0 641 1877
179 1690 135 55 Phra_Thong_Kham 0 179 1690
798 674 74 131 Chanae 0 798 674
594 1356 147 108 Sam_Roi_Yot 0 594 1356
605 1762 83 58 Banphot_Phisai 0 605 1762
731 744 71 146 Khok_Pho 0 731 744
573 816 116 130 Yan_Ta_Khao 0 573 816
689 2072 71 50 Phu_Phiang 0 689 2072
671 1538 70 82 Don_Mueang 0 671 1538
327 1772 51 90 Kae_Dam 0 327 1772
237 1765 108 71 Waeng_Yai 0 237 1765
223 1748 127 50 Waeng_Noi 0 223 1748
544 1484 80 125 Ban_Kha 0 544 1484
604 2156 90 68 Pa_Daet 0 604 2156
809 1842 59 144 Phu_Pha_Man 0 809 1842
525 1007 51 116 Phunphin 0 525 1007
803 1649 89 97 Sung_Noen 0 803 1649
778 707 103 128 Rueso 0 778 707
181 1381 106 93 Laem_Sing 0 181 1381
540 972 97 120 Ban_Na_San 0 540 972
441 2142 56 133 Wiang_Nuea 0 441 2142
598 1634 65 100 Nong_Yasai 0 598 1634
692 764 130 58 Chana 0 692 764
604 818 98 97 Kong_Ra 0 604 818
205 1743 67 50 Kaeng_Sanam_Nang 0 205 1743
531 1757 141 65 Na_Tan 0 531 1757
411 1879 119 65 Tao_Ngoi 0 411 1879
655 1510 62 67 Bang_Khun_Thian 0 655 1510
415 1763 60 104 Sai_Mun 0 415 1763
658 826 67 62 Sathing_Phra 0 658 826
680 1524 87 138 Bueng_Kum 0 680 1524
184 1511 62 138 Khao_Chakan 0 184 1511
509 1117 73 144 Thung_Tako 0 509 1117
540 917 58 75 Thung_Yai 0 540 917
254 1597 105 136 Pakham 0 254 1597
250 1642 115 144 Nong_Hong 0 250 1642
729 1682 99 137 Chai_Badan 0 729 1682
508 935 124 144 Chai_Buri 0 508 935
288 1719 98 68 Phutthaisong 0 288 1719
220 1842 122 128 Phu_Wiang 0 220 1842
663 1518 57 95 Khlong_San 0 663 1518
293 1941 107 143 Phibun_Rak 0 293 1941
775 759 145 96 Panare 0 775 759
460 941 118 134 Thap_Put 0 460 941
445 1735 60 77 Hua_Taphan 0 445 1735
338 1917 140 126 Song_Dao 0 338 1917
583 1613 133 69 Lao_Khwan 0 583 1613
183 1529 146 63 Sa_Kaeo 0 183 1529
670 1787 103 115 Thap_Khlo 0 670 1787
684 1504 74 98 Bang_Phli 0 684 1504
583 2241 116 127 Mae_Fa_Luang 0 583 2241
609 1656 134 71 Hankha 0 609 1656
669 1516 68 55 Khlong_Toei 0 669 1516
230 1684 130 139 Phimai 0 230 1684
687 1527 146 55 Min_Buri 0 687 1527
763 1703 99 80 Thep_Sathit 0 763 1703
695 1701 80 104 Khok_Charoen 0 695 1701
615 1911 106 103 Phichai 0 615 1911
524 1685 142 103 Phibun_Mangsahan 0 524 1685
366 1681 137 55 Sanom 0 366 1681
489 2059 93 91 San_Pa_Tong 0 489 2059
260 1978 57 63 Nong_Khai 0 260 1978
409 1696 121 85 Rasi_Salai 0 409 1696
791 1435 105 85 Khao_Chamao 0 791 1435
808 1595 66 51 Wang_Nam_Khiao 0 808 1595
782 1487 112 113 Tha_Takiap 0 782 1487
697 2144 94 137 Thung_Chang 0 697 2144
502 1725 65 91 Trakan_Phut_Phon 0 502 1725
773 1431 104 66 Wang_Chan 0 773 1431
556 2173 88 141 Mae_Suai 0 556 2173
387 2008 119 139 Mae_Sariang 0 387 2008
366 1847 71 98 Somdet 0 366 1847
634 2117 109 98 Pong 0 634 2117
241 1613 62 124 Non_Suwan 0 241 1613
670 1535 95 112 Lak_Si 0 670 1535
500 1794 146 139 Chanuman 0 500 1794
728 1472 146 70 Ban_Bueng 0 728 1472
293 1797 118 55 Kosum_Phisai 0 293 1797
651 1552 51 104 Lat_Lum_Kaeo 0 651 1552
333 1875 114 123 Wang_Sam_Mo 0 333 1875
305 1654 146 96 Huai_Rat 0 305 1654
585 2139 81 52 Mae_Chai 0 585 2139
262 1549 135 138 Ta_Phraya 0 262 1549
514 2181 92 126 Chai_Prakan 0 514 2181
723 1407 109 148 Ban_Chang 0 723 1407
555 1239 96 97 Bang_Saphan 0 555 1239
374 1889 122 50 Kut_Bak 0 374 1889
503 2069 58 94 Saraphi 0 503 2069
243 1531 121 130 Khok_Sung 0 243 1531
287 1780 79 142 Kut_Rang 0 287 1780
671 800 70 121 Singhanakhon 0 671 800
657 734 113 81 Sadao 0 657 734
489 1757 77 135 Pathum_Ratchawongsa 0 489 1757
624 1663 143 150 Sankhaburi 0 624 1663
512 2072 93 104 San_Kamphaeng 0 512 2072
728 1641 124 98 Wang_Muang 0 728 1641
296 1815 133 96 Chiang_Yuen 0 296 1815
295 1848 149 62 Kranuan 0 295 1848
192 1727 78 140 Ban_Lueam 0 192 1727
543 930 150 132 Tham_Phannara 0 543 930
216 1859 76 103 Nong_Na_Kham 0 216 1859
649 795 87 86 Khuan_Niang 0 649 795
618 756 51 123 Khuan_Kalong 0 618 756
611 855 145 148 Khuan_Khanun 0 611 855
363 1923 114 134 Phang_Khon 0 363 1923
620 1788 119 69 Bueng_Na_Rang 0 620 1788
326 1752 150 116 Wapi_Pathum 0 326 1752
485 1679 116 148 Warin_Chamrap 0 485 1679
355 1912 67 138 Warichaphum 0 355 1912
657 1825 50 63 Sak_Lek 0 657 1825
815 1934 135 100 Na_Duang 0 815 1934
534 981 70 95 Ban_Na_Doem 0 534 981
450 1859 102 93 Dong_Luang 0 450 1859
609 1618 140 105 Don_Chedi 0 609 1618
811 688 110 102 Cho-airong 0 811 688
697 1563 126 143 Nong_Suea 0 697 1563
263 1740 72 115 Nong_Song_Hong 0 263 1740
425 2104 55 125 Chaem_Luang 0 425 2104
306 1716 60 67 Phayakkhaphum_Phisai 0 306 1716
662 1514 97 111 Bang_Kho_Laem 0 662 1514
599 1443 84 111 Ban_Lat 0 599 1443
216 1631 147 71 Nong_Bun_Nak 0 216 1631
796 1743 93 130 Nong_Bua_Rawe 0 796 1743
227 1903 56 112 Nong_Bua_Lamphu 0 227 1903
590 1701 86 60 Nong_Chang 0 590 1701
544 1631 90 109 Buntharik 0 544 1631
665 1663 121 51 Ban_Mi 0 665 1663
523 1773 91 51 Khemarat 0 523 1773
562 1842 134 103 Phran_Kratai 0 562 1842
420 1949 119 82 Si_Songkhram 0 420 1949
310 1877 75 53 Si_That 0 310 1877
721 1709 50 55 Si_Thep 0 721 1709
335 1798 75 98 Khong_Chai 0 335 1798
680 1588 128 113 Uthai 0 680 1588
484 943 126 148 Plai_Phraya 0 484 943
711 2069 69 148 Mae_Charim 0 711 2069
555 1667 93 82 Ban_Rai 0 555 1667
662 1522 76 143 Phra_Nakhon 0 662 1522
658 1729 81 66 Tha_Tako 0 658 1729
378 1632 141 91 Si_Narong 0 378 1632
260 1791 81 79 Ban_Haet 0 260 1791
678 1522 88 150 Bang_Kapi 0 678 1522
619 1502 80 90 Ban_Phaeo 0 619 1502
595 1487 124 86 Wat_Phleng 0 595 1487
651 1622 115 131 Pho_Thong 0 651 1622
661 1571 118 149 Bang_Sai 0 661 1571
640 1585 103 67 Bang_Sai 0 640 1585
715 1842 54 103 Khao_Kho 0 715 1842
379 1751 121 111 At_Samat 0 379 1751
429 1772 83 53 Kut_Chum 0 429 1772
241 1928 103 126 Kut_Chap 0 241 1928
499 1746 145 147 Kut_Khaopun 0 499 1746
410 1812 119 149 Moeiwadi 0 410 1812
493 2113 72 137 Mae_Taeng 0 493 2113
531 2214 66 55 Mae_Ai 0 531 2214
386 1606 73 75 Bua_Chet 0 386 1606
203 1607 95 72 Khon_Buri 0 203 1607
342 1848 89 115 Sahatsakhan 0 342 1848
715 1613 54 60 Kaeng_Khoi 0 715 1613
206 1782 80 143 Kaeng_Khro 0 206 1782
272 1865 128 135 Khao_Suan_Kwang 0 272 1865
756 1950 77 64 Tha_Li 0 756 1950
617 1996 71 52 Sung_Men 0 617 1996
828 667 62 121 Su-ngai_Kolok 0 828 667
551 1013 126 115 Kanchanadit 0 551 1013
739 1856 134 108 Lom_Sak 0 739 1856
371 1725 60 63 Suwannaphum 0 371 1725
211 1943 51 51 Suwannakhuha 0 211 1943
273 1705 132 132 Mueang_Yang 0 273 1705
483 1733 124 123 Phana 0 483 1733
577 2162 104 140 Phan 0 577 2162
385 1661 72 57 Samrong_Thap 0 385 1661
435 961 63 70 Kapong 0 435 961
455 1059 92 144 Kapoe 0 455 1059
701 2121 67 111 Pua 0 701 2121
275 1755 126 69 Pueai_Noi 0 275 1755
494 1968 120 62 Li 0 494 1968
194 1494 86 130 Wang_Nam_Yen 0 194 1494
685 1573 104 63 Wang_Noi 0 685 1573
565 2117 113 126 Wang_Nuea 0 565 2117
516 1693 126 118 Tan_Sum 0 516 1693
628 1825 77 63 Sam_Ngam 0 628 1825
430 1699 68 70 Kho_Wang 0 430 1699
502 1990 109 67 Thung_Hua_Chang 0 502 1990
726 2118 137 87 Bo_Kluea 0 726 2118
549 1615 136 126 Nong_Prue 0 549 1615
569 1543 124 144 Tha_Muang 0 569 1543
746 1524 95 138 Ratchasan 0 746 1524
650 1510 122 118 Bang_Bon 0 650 1510
651 1793 97 118 Taphan_Hin 0 651 1793
659 1521 51 71 Bangkok_Noi 0 659 1521
659 1517 53 140 Bangkok_Yai 0 659 1517
320 1992 79 115 Fao_Rai 0 320 1992
491 1803 70 73 Don_Tan 0 491 1803
727 709 85 85 Ka_Bang 0 727 709
688 1540 148 118 Lam_Luk_Ka 0 688 1540
771 1556 93 70 Prachantakham 0 771 1556
510 1079 141 60 Lamae 0 510 1079
563 800 57 126 Hat_Samran 0 563 800
598 1369 82 109 Pran_Buri 0 598 1369
593 1689 117 72 Nong_Mamong 0 593 1689
661 1538 124 99 Pak_Kret 0 661 1538
576 1792 132 119 Khlong_Khlung 0 576 1792
534 1791 118 93 Khlong_Lan 0 534 1791
806 1994 62 78 Pak_Chom 0 806 1994
475 1150 103 97 Kra_Buri 0 475 1150
561 925 107 64 Chang_Klang 0 561 925
595 892 60 81 Chulabhorn 0 595 892
599 921 98 109 Phra_Phrom 0 599 921
576 835 56 139 Na_Yong 0 576 835
569 881 150 87 Ratsada 0 569 881
247 1820 67 149 Ban_Fang 0 247 1820
675 2011 54 66 Na_Muen 0 675 2011
491 1612 102 96 Nam_Khun 0 491 1612
424 1904 101 125 Phon_Na_Kaeo 0 424 1904
441 1885 110 63 Wang_Yang 0 441 1885
630 821 62 145 Bang_Kaeo 0 630 821
587 761 65 133 La-ngu 0 587 761
815 1439 143 142 Kaeng_Hang_Maeo 0 815 1439
317 1597 79 86 Phanom_Dong_Rak 0 317 1597
522 2202 108 133 Fang 0 522 2202
801 696 64 107 Ra-ngae 0 801 696
600 1653 66 119 Noen_Kham 0 600 1653
588 925 150 110 Lan_Saka 0 588 925
771 1545 137 123 Si_Maha_Phot 0 771 1545
476 2041 99 126 Doi_Lo 0 476 2041
391 1945 146 76 Akat_Amnuai 0 391 1945
719 1934 82 57 Na_Haeo 0 719 1934
437 1032 61 150 Suk_Samran 0 437 1032
715 1498 117 73 Bang_Pakong 0 715 1498
670 1573 104 105 Bang_Pa-in 0 670 1573
666 1599 122 59 Bang_Pahan 0 666 1599
603 2074 54 93 Ngao 0 603 2074
293 1616 96 71 Prakhon_Chai 0 293 1616
636 1509 131 119 Krathum_Baen 0 636 1509
633 1674 82 57 Sapphaya 0 633 1674
504 2084 79 122 San_Sai 0 504 2084
704 2092 50 61 Santi_Suk 0 704 2092
662 1513 79 70 Rat_Burana 0 662 1513
759 1759 57 125 Phakdi_Chumphon 0 759 1759
257 1698 55 138 Chum_Phuang 0 257 1698
660 1697 84 68 Tak_Fa 0 660 1697
664 1812 90 130 Wang_Sai_Phun 0 664 1812
602 1054 93 61 Ko_Samui 0 602 1054
348 1974 146 132 Ban_Muang 0 348 1974
418 1717 113 88 Maha_Chana_Chai 0 418 1717
639 2028 89 55 Rong_Kwang 0 639 2028
366 1799 126 98 Rong_Kham 0 366 1799
239 1720 119 75 Sida 0 239 1720
538 836 81 94 Sikao 0 538 836
757 1455 86 142 Nong_Yai 0 757 1455
673 1599 146 70 Nakhon_Luang 0 673 1599
610 880 106 100 Cha-uat 0 610 880
555 931 50 89 Chawang 0 555 931
455 896 64 125 Ko_Yao 0 455 896
348 1731 92 52 Kaset_Wisai 0 348 1731
815 1802 82 71 Kaset_Sombun 0 815 1802
472 1118 143 149 La-Un 0 472 1118
543 855 74 101 Wang_Wiset 0 543 855
213 1709 119 74 Khong 0 213 1709
614 903 114 77 Chaloem_Phra_Kiat 0 614 903
552 887 61 149 Bang_Khan 0 552 887
664 1523 130 86 Dusit 0 664 1523
739 1548 64 77 Ban_Sang 0 739 1548
354 1872 145 65 Kham_Muang 0 354 1872
462 1735 148 143 Lue_Amnat 0 462 1735
288 1892 75 112 Kumphawapi 0 288 1892
389 1982 113 66 Seka 0 389 1982
310 1738 112 137 Na_Dun 0 310 1738
610 2213 51 99 Wiang_Chiang_Rung 0 610 2213
614 2224 142 128 Doi_Luang 0 614 2224
658 2224 67 101 Wiang_Kaen 0 658 2224
728 1911 103 92 Dan_Sai 0 728 1911
797 1683 55 59 Dan_Khun_Thot 0 797 1683
269 1594 106 98 Lahan_Sai 0 269 1594
625 2019 66 101 Nong_Muang_Khai 0 625 2019
753 1693 79 79 Lam_Sonthi 0 753 1693
532 892 120 138 Lam_Thap 0 532 892
390 1879 141 100 Phu_Phan 0 390 1879
350 1784 96 122 Changhan 0 350 1784
811 1746 54 72 Ban_Khwao 0 811 1746
716 1562 59 146 Ongkharak 0 716 1562
536 1497 106 57 Suan_Phueng 0 536 1497
209 1877 70 65 Si_Bun_Rueang 0 209 1877
637 2089 56 109 Chiang_Muan 0 637 2089
651 2084 56 94 Ban_Luang 0 651 2084
751 709 106 87 Krong_Pi_Nang 0 751 709
631 1517 136 85 Sam_Phran 0 631 1517
663 1518 119 72 Samphanthawong 0 663 1518
479 978 117 75 Phanom 0 479 978
472 1848 121 109 Wan_Yai 0 472 1848
367 1950 66 105 Wanon_Niwat 0 367 1950
705 1616 58 77 Chaloem_Phra_Kiat 0 705 1616
241 1899 99 97 Nong_Wua_So 0 241 1899
800 1562 89 63 Na_Di 0 800 1562
594 1017 93 93 Khanom 0 594 1017
598 991 77 131 Sichon 0 598 991
647 1772 124 129 Bang_Mun_Nak 0 647 1772
715 1746 136 50 Bueng_Sam_Phan 0 715 1746
399 1986 129 62 Bueng_Khong_Long 0 399 1986
740 756 130 119 Nong_Chik 0 740 756
701 1532 71 104 Nong_Chok 0 701 1532
638 788 146 81 Rattaphum 0 638 788
376 1693 64 144 Rattanaburi 0 376 1693
610 1572 139 87 Song_Phi_Nong 0 610 1572
645 1967 111 104 Tha_Pla 0 645 1967
620 2195 136 82 Phaya_Mengrai 0 620 2195
664 1607 142 139 Maha_Rat 0 664 1607
747 736 95 120 Mae_Lan 0 747 736
226 1596 87 117 Soeng_Sang 0 226 1596
763 1511 133 96 Sanam_Chai_Khet 0 763 1511
396 1642 81 86 Prang_Ku 0 396 1642
572 1584 121 63 Huai_Krachao 0 572 1584
407 1670 79 111 Uthumphon_Phisai 0 407 1670
596 1589 133 101 U_Thong 0 596 1589
216 1815 135 66 Ban_Thaen 0 216 1815
582 964 128 108 Nopphitam 0 582 964
649 1632 124 126 Tha_Chang 0 649 1632
521 1024 62 74 Tha_Chang 0 521 1024
518 1058 120 111 Tha_Chana 0 518 1058
666 1523 98 70 Phaya_Thai 0 666 1523
417 1904 96 122 Tha_Song_Yang 0 417 1904
651 1534 82 135 Bang_Yai 0 651 1534
416 1986 53 135 Ban_Phaeng 0 416 1986
606 1547 142 127 Kamphaeng_Saen 0 606 1547
725 1732 145 104 Wichian_Buri 0 725 1732
714 1586 85 106 Wihan_Daeng 0 714 1586
327 1697 112 111 Chumphon_Buri 0 327 1697
764 1469 116 122 Bo_Thong 0 764 1469
505 913 148 135 Khao_Phanom 0 505 913
766 743 96 76 Mayo 0 766 743
414 1803 52 66 Nong_Phok 0 414 1803
720 1768 105 93 Nong_Phai 0 720 1768
442 1635 126 101 Si_Rattana 0 442 1635
236 1784 66 129 Mancha_Khiri 0 236 1784
522 1947 56 117 Thoen 0 522 1947
625 2177 103 99 Thoeng 0 625 2177
604 1918 52 127 Si_Nakhon 0 604 1918
529 1712 79 104 Si_Mueang_Mai 0 529 1712
561 1708 111 126 Lan_Sak 0 561 1708
590 1835 114 101 Lan_Krabue 0 590 1835
325 1813 145 147 Yang_Talat 0 325 1813
675 1613 109 56 Don_Phut 0 675 1613
760 1627 82 145 Pak_Chong 0 760 1627
426 887 69 122 Thalang 0 426 887
670 1587 50 52 Phra_Nakhon_Si_Ayutthaya 0 670 1587
793 721 140 112 Bacho 0 793 721
677 1771 110 107 Dong_Charoen 0 677 1771
692 1517 131 139 Lat_Krabang 0 692 1517
320 2024 76 76 Pak_Khat 0 320 2024
587 1998 57 138 Long 0 587 1998
446 1873 75 112 Na_Kae 0 446 1873
564 1505 51 106 Chom_Bueng 0 564 1505
677 1555 103 100 Khlong_Luang 0 677 1555
296 1993 61 62 Phon_Phisai 0 296 1993
695 1455 129 78 Ko_Si_Chang 0 695 1455
677 1511 101 115 Bang_Na 0 677 1511
295 1595 118 50 Ban_Kruat 0 295 1595
356 1628 59 57 Lamduan 0 356 1628
589 1463 63 128 Khao_Yoi 0 589 1463
403 1846 55 69 Khao_Wong 0 403 1846
193 1812 98 102 Phu_Khiao 0 193 1812
789 741 107 108 Sai_Buri 0 789 741
594 1527 115 130 Ban_Pong 0 594 1527
558 2069 97 118 Chae_Hom 0 558 2069
500 1601 138 108 Nam_Yuen 0 500 1601
527 947 80 55 Phrasaeng 0 527 947
806 657 104 99 Sukhirin 0 806 657
619 2138 87 133 Chun 0 619 2138
397 1695 123 142 Bueng_Bun 0 397 1695
499 892 101 139 Nuea_Khlong 0 499 892
403 1966 113 115 Na_Thom 0 403 1966
643 889 77 66 Hua_Sai 0 643 889
265 1635 107 60 Chamni 0 265 1635
699 1991 94 112 Fak_Tha 0 699 1991
768 716 113 90 Raman 0 768 716
600 1513 84 149 Bang_Phae 0 600 1513
773 1694 141 126 Thepharak 0 773 1694
316 1691 82 84 Satuek 0 316 1691
643 1630 145 125 Sawaeng_Ha 0 643 1630
202 1428 111 108 Pong_Nam_Ron 0 202 1428
497 1021 69 112 Wiphawadi 0 497 1021
442 2138 61 117 Mae_Hi 0 442 2138
623 1616 61 72 Si_Prachan 0 623 1616
363 1994 79 102 Phon_Charoen 0 363 1994
799 708 91 59 Yi-ngo 0 799 708
718 1994 80 50 Ban_Khok 0 718 1994
717 755 74 149 Thepha 0 717 755
819 656 75 97 Waeng 0 819 656
460 1753 120 128 Amnat_Charoen 0 460 1753
747 1502 143 136 Plaeng_Yao 0 747 1502
307 2014 137 94 Rattanawapi 0 307 2014
590 942 60 143 Phrom_Khiri 0 590 942
627 1883 101 100 Phrom_Phiram 0 627 1883
604 836 84 51 Srinagarindra 0 604 836
231 1733 75 131 Bua_Lai 0 231 1733
296 1734 135 63 Yang_Si_Surat 0 296 1734
653 762 65 107 Khlong_Hoi_Khong 0 653 762
506 1665 135 113 Na_Yia 0 506 1665
584 1741 123 65 Lat_Yao 0 584 1741
652 1860 71 118 Wang_Thong 0 652 1860
553 1693 95 127 Khong_Chiam 0 553 1693
687 1550 132 69 Thanyaburi 0 687 1550
221 1661 134 104 Chakkarat 0 221 1661
601 1489 62 130 Bang_Khon_Thi 0 601 1489
794 731 106 141 Mai_Kaen 0 794 731
196 1697 87 75 Kham_Sakae_Saeng 0 196 1697
368 1974 150 141 Kham_Ta_Kla 0 368 1974
817 1656 65 52 Kham_Thale_So 0 817 1656
793 1544 150 132 Kabin_Buri 0 793 1544
674 1832 86 80 Noen_Maprang 0 674 1832
515 1560 98 96 Sai_Yok 0 515 1560
511 1131 130 63 Sawi 0 511 1131
670 1523 84 89 Huai_Khwang 0 670 1523
729 638 58 106 Betong 0 729 638
665 1510 124 111 Phra_Pradaeng 0 665 1510
686 745 139 83 Na_Thawi 0 686 745
234 1625 137 89 Nong_Ki 0 234 1625
776 689 145 147 Si_Sakhon 0 776 689
591 1897 124 125 Si_Samrong 0 591 1897
378 1768 66 82 Thung_Khao_Luang 0 378 1768
348 1659 140 138 Khwao_Sinarin 0 348 1659
383 1684 55 126 Non_Narai 0 383 1684
363 1749 68 120 Mueang_Suang 0 363 1749
515 877 76 126 Khlong_Thom 0 515 877
435 1687 112 70 Yang_Chum_Noi 0 435 1687
348 1600 83 106 Kap_Choeng 0 348 1600
179 1629 59 110 Pak_Thong_Chai 0 179 1629
590 1478 61 75 Pak_Tho 0 590 1478
206 1660 126 144 Chaloem_Phra_Kiat 0 206 1660
818 673 123 76 Su-ngai_Padi 0 818 673
737 1868 111 108 Lom_Kao 0 737 1868
581 1937 134 65 Si_Satchanalai 0 581 1937
609 1074 121 74 Ko_Pha-Ngan 0 609 1074
387 1986 120 116 Sop_Moei 0 387 1986
377 1918 70 136 Phanna_Nikhom 0 377 1918
569 861 125 95 Huai_Yot 0 569 861
672 1534 144 52 Bang_Khen 0 672 1534
250 1767 75 73 Non_Sila 0 250 1767
610 1952 113 103 Lap_Lae 0 610 1952
262 1619 93 122 Nang_Rong 0 262 1619
645 1515 106 94 Nong_Khaem 0 645 1515
555 1583 91 111 Bo_Phloi 0 555 1583
780 725 122 92 Kapho 0 780 725
684 1624 56 52 Nong_Don 0 684 1624
466 1984 137 124 Doi_Tao 0 466 1984
357 2030 79 66 Bueng_Kan 0 357 2030
621 1709 99 132 Phayuha_Khiri 0 621 1709
632 923 123 60 Pak_Phanang 0 632 923
186 1417 147 144 Khao_Khitchakut 0 186 1417
195 1478 69 79 Wang_Sombun 0 195 1478
197 1453 84 115 Soi_Dao 0 197 1453
592 1775 109 85 Khanu_Woralaksaburi 0 592 1775
628 1526 102 92 Nakhon_Chai_Si 0 628 1526
434 1750 63 116 Pa_Tio 0 434 1750
525 1997 62 54 Soem_Ngam 0 525 1997
476 1659 120 50 Samrong 0 476 1659
224 1978 108 68 Pho_Tak 0 224 1978
189 1917 67 138 Na_Wang 0 189 1917
221 1779 66 135 Khok_Pho_Chai 0 221 1779
178 1722 82 112 Noen_Sa-nga 0 178 1722
651 1584 117 68 Sena 0 651 1584
464 1773 137 86 Senangkhanikhom 0 464 1773
386 1772 72 120 Selaphum 0 386 1772
190 1831 76 126 Chum_Phae 0 190 1831
740 1434 94 75 Pluak_Daeng 0 740 1434
528 1843 105 131 Wang_Chao 0 528 1843
563 1978 135 76 Wang_Chin 0 563 1978
487 984 65 92 Ban_Takhun 0 487 984
370 1833 105 71 Na_Mon 0 370 1833
678 1960 150 57 Nam_Pat 0 678 1960
784 1855 110 82 Nam_Nao 0 784 1855
271 1847 76 149 Nam_Phong 0 271 1847
664 1555 113 136 Sam_Khok 0 664 1555
631 1615 82 131 Sam_Ko 0 631 1615
640 1757 61 50 Chumsaeng 0 640 1757
622 1827 142 138 Wachira_Barami 0 622 1827
695 1891 77 71 Nakhon_Thai 0 695 1891
696 1682 137 124 Sa_Bot 0 696 1682
644 1613 129 147 Wiset_Chaichan 0 644 1613
647 1598 68 70 Phak_Hai 0 647 1598
660 1517 51 95 Thon_Buri 0 660 1517
221 1366 110 82 Khao_Saming 0 221 1366
244 1987 149 70 Si_Chiang_Mai 0 244 1987
199 1859 66 60 Si_Chomphu 0 199 1859
475 1082 144 83 Phato 0 475 1082
216 1346 150 126 Laem_Ngop 0 216 1346
490 1628 109 62 Thung_Si_Udom 0 490 1628
666 1514 123 89 Yan_Nawa 0 666 1514
441 2140 90 91 Pai 0 441 2140
646 2241 75 57 Chiang_Khong 0 646 2241
695 2134 64 102 Chiang_Klang 0 695 2134
587 2201 70 105 Chiang_Rai 0 587 2201
642 1526 147 90 Salaya 0 642 1526
350 1671 139 136 Chom_Phra 0 350 1671
360 1819 139 145 Don_Chan 0 360 1819
690 2115 118 87 Tha_Wang_Pha 0 690 2115
365 1773 143 91 Thawat_Buri 0 365 1773
242 1750 142 136 Phon 0 242 1750
509 1685 114 52 Sawang_Wirawong 0 509 1685
541 2011 121 109 Ko_Kha 0 541 2011
544 1531 60 117 Dan_Makham_Tia 0 544 1531
561 1880 99 51 Ban_Dan_Lan_Hoi 0 561 1880
434 1648 60 148 Phayu 0 434 1648
659 1526 70 103 Bang_Kruai 0 659 1526
638 1833 98 65 Bang_Krathum 0 638 1833
618 1933 73 97 Tron 0 618 1933
396 1853 121 58 Na_Khu 0 396 1853
662 1521 147 141 Bangkok 0 662 1521
655 1516 55 66 Phasi_Charoen 0 655 1516
328 1619 74 58 Prasat 0 328 1619
255 1718 146 52 Prathai 0 255 1718
535 1976 126 86 Sop_Prap 0 535 1976
335 1999 136 107 So_Phisai 0 335 1999
232 1957 54 139 Ban_Phue 0 232 1957
267 1722 135 143 Ban_Mai_Chaiyaphot 0 267 1722
194 1630 134 132 Chok_Chai 0 194 1630
645 811 80 59 Pak_Phayun 0 645 811
744 1566 88 56 Pak_Phli 0 744 1566
624 2042 107 104 Song 0 624 2042
418 928 148 56 Thai_Mueang 0 418 928
568 2020 96 56 Mae_Mo 0 568 2020
385 2034 113 126 Mae_La_Noi 0 385 2034
804 1895 56 119 Nong_Hin 0 804 1895
315 1957 60 110 Ban_Dung 0 315 1957
567 1271 59 115 Thap_Sakae 0 567 1271
595 1709 71 110 Thap_Than 0 595 1709
644 1687 117 117 Takhli 0 644 1687
575 1455 59 112 Nong_Ya_Plong 0 575 1455
288 1907 116 130 Ban_Na_Muang 0 288 1907
210 1521 100 93 Watthana_Nakhon 0 210 1521
611 1687 84 78 Wat_Sing 0 611 1687
673 1515 122 123 Phra_Khanong 0 673 1515
431 1630 58 124 Phrai_Bueng 0 431 1630
662 1525 82 120 Bang_Phlat 0 662 1525
624 1591 74 148 Bang_Pla_Ma 0 624 1591
687 1530 85 75 Khlong_Sam_Wa 0 687 1530
318 1842 57 79 Nong_Kung_Si 0 318 1842
768 732 123 70 Thung_Yang_Daeng 0 768 732
613 2242 143 72 Chiang_Saen 0 613 2242
631 2193 78 81 Khun_Tan 0 631 2193
638 2167 150 99 Phu_Sang 0 638 2167
783 1896 71 128 Phu_Luang 0 783 1896
460 1629 63 90 Thong_Pha_Phum 0 460 1629
645 859 67 53 Ranot 0 645 859
759 1536 111 100 Si_Mahosot 0 759 1536
521 1037 74 111 Chaiya 0 521 1037
312 1912 69 92 Chaiwan 0 312 1912
426 874 73 110 Kathu 0 426 874
625 824 144 138 Khao_Chaison 0 625 824
174 1397 127 54 Tha_Mai 0 174 1397
656 1635 69 106 Phrom_Buri 0 656 1635
428 1916 131 147 Kusuman 0 428 1916
542 1680 82 62 Sirindhorn 0 542 1680
299 1695 54 103 Khaen_Dong 0 299 1695
210 1846 111 63 Wiang_Kao 0 210 1846
243 1975 50 75 Tha_Bo 0 243 1975
368 1805 130 108 Pho_Chai 0 368 1805
806 1414 124 125 Na_Yai_Am 0 806 1414
318 1805 148 146 Kantharawichai 0 318 1805
473 2036 68 59 Wiang_Nong_Long 0 473 2036
604 1789 143 122 Bueng_Samakkhi 0 604 1789
573 2188 62 96 Mae_Lao 0 573 2188
738 1518 74 141 Bang_Khla 0 738 1518
725 1504 77 84 Ban_Pho 0 725 1504
438 1832 142 98 Khamcha-i 0 438 1832
336 1932 137 115 Sawang_Daen_Din 0 336 1932
588 1914 142 64 Sawankhalok 0 588 1914
582 1539 127 88 Tha_Maka 0 582 1539
508 1647 66 58 Det_Udom 0 508 1647
611 1988 70 128 Den_Chai 0 611 1988
512 1614 139 94 Si_Sawat 0 512 1614
400 1710 93 109 Sila_Lat 0 400 1710
400 1683 137 98 Pho_Si_Suwan 0 400 1683
599 1698 139 150 Nong_Kha_Yang 0 599 1698
691 1807 100 100 Wang_Pong 0 691 1807
575 792 131 106 Palian 0 575 792
247 1659 106 52 Huai_Thalaeng 0 247 1659
387 2082 110 100 Khun_Yuam 0 387 2082
526 2076 147 128 Mae_On 0 526 2076
512 2060 93 144 Ban_Thi 0 512 2060
601 866 117 51 Pa_Phayom 0 601 866
601 773 56 122 Manang 0 601 773
660 1589 120 80 Bang_Ban 0 660 1589
698 1501 100 148 Bang_Bo 0 698 1501
726 1489 53 114 Phan_Thong 0 726 1489
366 1787 61 101 Chiang_Khwan 0 366 1787
508 1884 103 115 Ban_Tak 0 508 1884
657 1523 80 99 Taling_Chan 0 657 1523
508 1099 94 107 Lang_Suan 0 508 1099
606 1459 71 70 Ban_Laem 0 606 1459
721 1531 99 112 Bang_Nam_Priao 0 721 1531
741 682 128 91 Than_To 0 741 682
595 1434 86 60 Tha_Yang 0 595 1434
661 1637 131 127 Tha_Wung 0 661 1637
278 1957 96 51 Phen 0 278 1957
491 1704 138 60 Lao_Suea_Kok 0 491 1704
298 1920 139 133 Nong_Han 0 298 1920
814 1915 121 93 Erawan 0 814 1915
211 1339 95 127 Ko_Chang 0 211 1339
322 1729 65 115 Pathum_Rat 0 322 1729
534 1183 87 92 Pathio 0 534 1183
257 1583 141 71 Non_Din_Daeng 0 257 1583
232 1289 150 72 Ko_Kut 0 232 1289
240 1866 148 112 Non_Sang 0 240 1866
275 1878 92 148 Non_Sa-at 0 275 1878
470 1649 101 123 Non_Kho 0 470 1649
205 1680 74 137 Non_Sung 0 205 1680
512 1928 123 72 Mae_Phrik 0 512 1928
458 2011 149 148 Hot 0 458 2011
201 1967 145 113 Nam_Som 0 201 1967
617 1631 114 102 Sam_Chuk 0 617 1631
641 1932 129 69 Thong_Saen_Khan 0 641 1932
652 1514 88 86 Bang_Khae 0 652 1514
257 1776 89 139 Ban_Phai 0 257 1776
597 2198 137 52 Wiang_Chai 0 597 2198
634 1779 85 66 Pho_Thale 0 634 1779
591 1513 86 130 Photharam 0 591 1513
641 1646 54 101 Bang_Racham 0 641 1646
619 1853 91 70 Bang_Rakam 0 619 1853
597 853 121 116 Si_Banphot 0 597 853
616 1692 124 54 Manorom 0 616 1692
469 926 103 66 Ao_Luek 0 469 926
603 1494 109 146 Damnoen_Saduak 0 603 1494
344 1864 138 119 Samran 0 344 1864
671 769 116 142 Na_Mom 0 671 769
781 1980 117 81 Chiang_Khan 0 781 1980
636 2159 133 140 Chiang_Kham 0 636 2159
496 2141 53 134 Chiang_Dao 0 496 2141
673 1526 65 58 Lat_Phrao 0 673 1526
502 1906 85 146 Sam_Ngao 0 502 1906
285 1689 52 122 Khu_Mueang 0 285 1689
465 2036 136 105 Chom_Thong 0 465 2036
736 1487 91 59 Phanat_Nikhom 0 736 1487
357 1694 130 135 Tha_Tum 0 357 1694
469 1872 144 101 That_Phanom 0 469 1872
457 1943 76 89 Tha_Uthen 0 457 1943
527 1749 150 65 Pho_Sai 0 527 1749
636 1803 54 120 Pho_Prathap_Chang 0 636 1803
466 1811 133 145 Phop_Phra 0 466 1811
370 1652 143 71 Si_Khoraphum 0 370 1652
793 1648 117 86 Sikhio 0 793 1648
504 846 82 56 Ko_Lanta 0 504 846
678 1518 135 54 Suan_Luang 0 678 1518
665 1516 111 140 Sathon 0 665 1516
616 1543 104 120 Don_Tum 0 616 1543
480 2026 115 109 Ban_Hong 0 480 2026
404 1933 52 91 Na_Wa 0 404 1933
723 1577 142 143 Ban_Na 0 723 1577
618 1640 93 101 Doembang_Nangbuat 0 618 1640
514 2086 123 65 Doi_Saket 0 514 2086
195 1402 75 98 Makham 0 195 1402
671 1518 106 139 Watthana 0 671 1518
707 1435 135 76 Bang_Lamung 0 707 1435
398 1829 119 70 Kuchinarai 0 398 1829
669 1754 122 126 Nong_Bua 0 669 1754
604 1415 149 129 Cha-am 0 604 1415
447 1650 109 134 Nam_Kliang 0 447 1650
693 1628 115 95 Phra_Phutthabat 0 693 1628
518 1178 111 109 Tha_Sae 0 518 1178
376 1618 70 69 Sangkha 0 376 1618
441 1675 93 81 Sangkhla_Buri 0 441 1675
211 1999 106 104 Sangkhom 0 211 1999
297 1972 139 141 Sang_Khom 0 297 1972
207 1488 147 98 Khlong_Hat 0 207 1488
667 1522 123 105 Din_Daeng 0 667 1522
485 1770 51 147 Umphang 0 485 1770
311 1834 112 59 Huai_Mek 0 311 1834
622 811 99 131 Tamot 0 622 811
733 1525 95 82 Khlong_Khuean 0 733 1525
602 958 78 125 Tha_Sala 0 602 958
174 692 120 89 Tak_Bai 0 174 692
739 1419 147 140 Nikhom_Phattana 0 739 1419
681 1529 106 148 Khan_Na_Yao 0 681 1529
226 1825 138 147 Nong_Ruea 0 226 1825
263 1899 75 82 Nong_Saeng 0 263 1899
692 1602 52 57 Nong_Saeng 0 692 1602
659 1619 57 105 Chaiyo 0 659 1619
718 2166 68 89 Chaloem_Phra_Kiat 0 718 2166
629 803 120 96 Pa_Bon 0 629 803
685 1666 52 106 Khok_Samrong 0 685 1666
422 1884 91 126 Khok_Si_Suphan 0 422 1884
614 1720 145 84 Krok_Phra 0 614 1720
761 759 64 106 Yaring 0 761 759
303 1671 74 120 Ban_Dan 0 303 1671
752 1484 90 117 Ko_Chan 0 752 1484
736 1621 149 147 Muak_Lek 0 736 1621
750 1931 120 105 Phu_Ruea 0 750 1931
725 1667 69 118 Tha_Luang 0 725 1667
