231
701 5711 138 94 London 0 701 5711
573 5813 116 52 Birmingham 0 573 5813
551 5928 115 116 Manchester 0 551 5928
593 5962 78 139 Leeds 0 593 5962
599 5914 61 128 Sheffield 0 599 5914
421 6188 51 101 Glasgow 0 421 6188
588 6094 87 52 Newcastle_upon_Tyne 0 588 6094
623 5870 89 62 Nottingham 0 623 5870
500 5918 91 88 Liverpool 0 500 5918
340 5711 136 52 Southend-on-Sea 0 340 5711
528 5699 77 116 Bristol 0 528 5699
487 6200 111 145 Edinburgh 0 487 6200
700 5635 78 146 Brighton 0 700 5635
582 5960 102 137 Bradford 0 582 5960
626 5833 68 108 Leicester 0 626 5833
603 6086 105 124 Sunderland 0 603 6086
310 6054 108 103 Belfast 0 310 6054
635 5625 59 123 Portsmouth 0 635 5625
578 5618 92 108 Bournemouth 0 578 5618
618 6048 141 74 Middlesbrough 0 618 6048
598 5808 78 141 Coventry 0 598 5808
612 5639 105 64 Southampton 0 612 5639
639 5699 58 50 Reading 0 639 5699
676 5962 128 73 Sutton_on_Hull 0 676 5962
496 5963 125 67 Blackpool 0 496 5963
419 5583 98 55 Plymouth 0 419 5583
677 5751 72 93 Luton 0 677 5751
620 5734 150 136 Oxford 0 620 5734
384 5832 75 131 Norwich 0 384 5832
554 6336 97 117 Old_Aberdeen 0 554 6336
625 5981 94 137 York 0 625 5981
502 6261 138 89 Dundee 0 502 6261
374 5771 83 91 Ipswich 0 374 5771
686 5829 91 63 Peterborough 0 686 5829
302 5787 122 130 Cambridge 0 302 5787
465 5614 101 114 Exminster 0 465 5614
544 5692 91 101 Bath 0 544 5692
505 5894 149 140 Chester 0 505 5894
390 6200 67 117 Greenock 0 390 6200
504 6081 86 111 Carlisle 0 504 6081
668 6018 66 101 Scarborough 0 668 6018
397 6146 55 93 Ayr 0 397 6146
426 6370 53 67 Inverness 0 426 6370
473 6250 109 63 Perth 0 473 6250
378 5666 121 74 River 0 378 5666
464 6102 56 76 Dumfries 0 464 6102
610 6051 68 83 Omagh 0 610 6051
317 5554 93 148 Penzance 0 317 5554
370 6298 113 88 Fort_William 0 370 6298
502 6536 133 119 Kirkwall 0 502 6536
495 6476 68 79 Wick 0 495 6476
602 6669 57 61 Lerwick 0 602 6669
296 5716 111 70 Ilford 0 296 5716
326 5734 104 109 Chelmsford 0 326 5734
502 5688 85 118 Weston-super-Mare 0 502 5688
411 5902 146 73 Llangefni 0 411 5902
500 5946 66 115 Southport 0 500 5946
652 6024 58 135 Armagh 0 652 6024
327 5695 122 129 Rochester 0 327 5695
556 5941 99 84 Rochdale 0 556 5941
437 6182 107 72 Motherwell 0 437 6182
467 5719 100 85 Clydach_Vale 0 467 5719
427 6197 93 101 Kirkintilloch 0 427 6197
440 6219 124 129 Stirling 0 440 6219
700 5709 131 133 Lambeth 0 700 5709
644 6041 92 90 Dungannon 0 644 6041
580 5945 87 60 Huddersfield 0 580 5945
545 5922 114 54 Stretford 0 545 5922
518 5957 62 75 Preston 0 518 5957
617 5695 52 52 Newbury 0 617 5695
479 5885 50 137 Rhuthun 0 479 5885
534 5955 143 54 Blackburn 0 534 5955
699 5720 129 137 Wood_Green 0 699 5720
560 5850 122 132 Stafford 0 560 5850
551 5742 106 68 Gloucester 0 551 5742
488 6228 61 65 Glenrothes 0 488 6228
619 6048 67 64 South_Bank 0 619 6048
496 5727 108 88 Pont-y-pŵl 0 496 5727
592 6069 106 133 Durham 0 592 6069
674 5778 101 125 Bedford 0 674 5778
492 5652 81 58 Taunton 0 492 5652
517 5911 107 71 Widnes 0 517 5911
674 5713 71 97 Uxbridge 0 674 5713
480 6389 93 129 Elgin 0 480 6389
698 5635 145 60 Hove 0 698 5635
709 5639 67 68 Lewes 0 709 5639
326 5682 102 117 Maidstone 0 326 5682
473 5787 73 83 Llandrindod_Wells 0 473 5787
675 5955 53 141 Kingston_upon_Hull 0 675 5955
688 5699 95 89 Kingston_upon_Thames 0 688 5699
481 5695 121 55 Barri 0 481 5695
419 6184 83 82 Giffnock 0 419 6184
684 5705 126 95 Hounslow 0 684 5705
608 6095 81 139 Derry 0 608 6095
312 6061 145 116 Newtownabbey 0 312 6061
507 6278 76 54 Forfar 0 507 6278
464 5588 61 88 Torquay 0 464 5588
295 5713 98 143 East_Ham 0 295 5713
582 5808 94 65 Solihull 0 582 5808
707 5709 150 73 Poplar 0 707 5709
491 5890 80 67 Mold 0 491 5890
596 5793 119 62 Warwick 0 596 5793
509 5922 98 98 Knowsley 0 509 5922
364 5740 127 118 Hwlffordd 0 364 5740
609 5921 139 115 Rotherham 0 609 5921
415 5889 109 77 Caernarfon 0 415 5889
583 6114 109 104 Morpeth 0 583 6114
394 6162 111 83 Irvine 0 394 6162
498 5722 120 142 Cwmbran 0 498 5722
654 6455 67 123 Stornoway 0 654 6455
592 6043 117 60 Darlington 0 592 6043
704 5715 95 54 Hackney 0 704 5715
555 5685 85 142 Trowbridge 0 555 5685
473 5733 81 87 Merthyr_Tudful 0 473 5733
702 5742 87 120 Hertford 0 702 5742
673 6006 60 52 Newry 0 673 6006
311 6053 96 120 Belfast 0 311 6053
701 5706 133 148 Camberwell 0 701 5706
409 5746 57 74 Caerfyrddin 0 409 5746
645 6057 107 110 Cookstown 0 645 6057
540 5618 143 72 Dorchester 0 540 5618
445 5716 73 117 Port_Talbot 0 445 5716
679 6066 50 69 Antrim 0 679 6066
588 6089 84 87 Gateshead 0 588 6089
694 5703 102 119 Wandsworth 0 694 5703
462 5616 103 88 Exeter 0 462 5616
698 5714 58 92 Camden_Town 0 698 5714
450 6219 64 74 Alloa 0 450 6219
680 5768 114 100 Chicksands 0 680 5768
677 6026 133 100 Banbridge 0 677 6026
705 5720 148 143 Walthamstow 0 705 5720
410 6188 51 76 Paisley 0 410 6188
656 5633 91 134 Chichester 0 656 5633
670 6036 55 127 Craigavon 0 670 6036
305 5705 78 63 Woolwich 0 305 5705
601 6021 82 103 Northallerton 0 601 6021
306 5718 78 125 Romford 0 306 5718
567 5828 117 138 Walsall 0 567 5828
655 5939 99 98 Scunthorpe 0 655 5939
701 5713 59 70 Islington 0 701 5713
566 5817 61 102 Oldbury 0 566 5817
323 6023 136 111 Downpatrick 0 323 6023
466 6193 58 80 Livingston 0 466 6193
559 5928 70 114 Ashton-under-Lyne 0 559 5928
618 5653 98 77 Winchester 0 618 5653
542 5887 148 92 Sandbach 0 542 5887
600 5865 123 63 Derby 0 600 5865
686 5701 66 74 Twickenham 0 686 5701
517 5922 88 126 Saint_Helens 0 517 5922
546 5939 88 122 Bury 0 546 5939
659 5709 79 127 Maidenhead 0 659 5709
688 5714 126 128 Wembley 0 688 5714
615 6061 115 84 Hartlepool 0 615 6061
692 5532 131 55 Hugh_Town 0 692 5532
558 5933 57 59 Oldham 0 558 5933
301 5703 72 70 Bexleyheath 0 301 5703
486 5736 127 74 Ebbw_Vale 0 486 5736
653 6070 60 119 Magherafelt 0 653 6070
525 5931 129 89 Wigan 0 525 5931
674 6082 110 115 Ballymena 0 674 6082
575 5952 127 117 Halifax 0 575 5952
556 5917 62 67 Stockport 0 556 5917
602 6049 139 121 Stockton-on-Tees 0 602 6049
644 5790 66 53 Northampton 0 644 5790
314 5706 139 85 Grays 0 314 5706
483 5721 128 53 Ystrad_Mynach 0 483 5721
414 5789 127 77 Aberaeron 0 414 5789
519 6159 108 79 Newtown_Saint_Boswells 0 519 6159
702 5728 131 64 Enfield 0 702 5728
554 5872 102 64 Stoke-on-Trent 0 554 5872
694 5692 142 102 Sutton 0 694 5692
562 5817 76 134 Dudley 0 562 5817
500 5877 71 105 Wrecsam 0 500 5877
554 6332 117 117 Aberdeen 0 554 6332
537 5937 92 76 Bolton 0 537 5937
526 5914 107 60 Warrington 0 526 5914
548 5926 135 139 Salford 0 548 5926
694 5709 67 62 Kensington 0 694 5709
624 5933 112 140 Doncaster 0 624 5933
584 5707 124 88 Swindon 0 584 5707
459 5706 121 78 Pen-y-Bont_ar_Ogwr 0 459 5706
707 5704 106 50 Catford 0 707 5704
648 6112 65 112 Coleraine 0 648 6112
600 5934 123 122 Barnsley 0 600 5934
486 5705 138 84 Caerdydd 0 486 5705
570 5618 72 146 Poole 0 570 5618
656 5698 146 72 Bracknell 0 656 5698
600 5951 139 111 Wakefield 0 600 5951
533 5717 146 110 Thornbury 0 533 5717
650 5698 118 107 Wokingham 0 650 5698
452 6206 102 59 Falkirk 0 452 6206
514 6198 58 147 Haddington 0 514 6198
433 5720 83 75 Abertawe 0 433 5720
669 5968 82 132 Beverley 0 669 5968
701 5696 138 74 Croydon 0 701 5696
601 6094 83 126 South_Shields 0 601 6094
694 5697 90 75 Morden 0 694 5697
349 6212 142 74 Lochgilphead 0 349 6212
554 5783 77 91 Worcester 0 554 5783
598 5888 123 89 Matlock 0 598 5888
518 5840 103 139 Shrewsbury 0 518 5840
354 5569 116 138 Truro 0 354 5569
519 5766 149 54 Hereford 0 519 5766
501 5714 118 131 Newport 0 501 5714
653 5837 99 104 Oakham 0 653 5837
657 5767 91 133 Milton_Keynes 0 657 5767
303 5714 78 133 Dagenham 0 303 5714
444 5904 77 56 Conwy 0 444 5904
495 6191 148 104 Dalkeith 0 495 6191
588 6022 74 60 Enniskillen 0 588 6022
435 6180 71 145 Hamilton 0 435 6180
692 5720 144 67 Hendon 0 692 5720
692 5709 93 51 Hammersmith 0 692 5709
294 5698 148 70 Bromley 0 294 5698
533 5831 67 147 Telford 0 533 5831
685 5718 56 70 Harrow 0 685 5718
687 5707 105 76 Ealing 0 687 5707
667 5708 95 122 Slough 0 667 5708
558 5826 87 116 Wolverhampton 0 558 5826
402 6201 102 57 Dumbarton 0 402 6201
328 6060 80 77 Bangor 0 328 6060
592 6094 130 113 Wallsend 0 592 6094
598 6076 131 104 Strabane 0 598 6076
700 5709 70 67 City_of_Westminster 0 700 5709
664 5901 129 127 Lincoln 0 664 5901
620 5617 104 114 Newport 0 620 5617
691 6044 70 150 Lisburn 0 691 6044
651 5742 127 72 Aylesbury 0 651 5742
495 5920 94 53 Wallasey 0 495 5920
695 5935 90 61 Grimsby 0 695 5935
403 6166 70 83 Kilmarnock 0 403 6166
