51
725 1161 58 100 Nueva_Caracas 0 725 1161
214 1180 51 91 Maracaibo 0 214 1180
608 1123 123 118 Valencia 0 608 1123
464 1113 57 137 Barquisimeto 0 464 1113
654 1131 107 148 Maracay 0 654 1131
539 923 132 108 Ciudad_Guayana 0 539 923
315 1120 112 65 Barcelona 0 315 1120
232 1149 74 132 Cabimas 0 232 1149
806 859 117 74 San_Cristóbal 0 806 859
481 1077 77 64 Maturín 0 481 1077
440 898 50 60 Ciudad_Bolívar 0 440 898
371 1156 58 147 Cumaná 0 371 1156
723 1172 148 109 Maiquetía 0 723 1172
714 1144 69 101 Los_Teques 0 714 1144
365 950 119 114 Alto_Barinas 0 365 950
478 1056 75 61 Acarigua 0 478 1056
369 1293 67 63 Punto_Fijo 0 369 1293
363 982 113 137 El_Tigre 0 363 982
407 1211 135 84 Porlamar 0 407 1211
426 1260 93 99 Coro 0 426 1260
323 1030 78 55 Valera 0 323 1030
743 1119 86 58 Ocumare_del_Tuy 0 743 1119
418 999 68 89 Guanare 0 418 999
381 1125 88 88 Carora 0 381 1125
476 1176 93 60 Carúpano_Arriba 0 476 1176
668 872 125 126 San_Fernando 0 668 872
338 1042 135 95 Anaco 0 338 1042
672 986 107 65 Calabozo 0 672 986
179 996 81 117 San_Carlos_del_Zulia 0 179 996
828 1020 103 115 Valle_de_La_Pascua 0 828 1020
680 1096 130 148 San_Juan_de_los_Morros 0 680 1096
545 1067 65 119 San_Carlos 0 545 1067
528 1143 87 112 San_Felipe 0 528 1143
769 1113 110 124 Machiques 0 769 1113
566 885 70 70 Upata 0 566 885
655 624 97 83 Puerto_Ayacucho 0 655 624
604 1001 116 121 Tucupita 0 604 1001
342 1035 50 117 Trujillo 0 342 1035
244 1034 65 97 Zaraza 0 244 1034
787 1091 147 73 Altagracia_de_Orituco 0 787 1091
405 1219 82 90 La_Asunción 0 405 1219
224 1166 127 71 Santa_Rita 0 224 1166
308 800 62 58 Guasdalito 0 308 800
417 1018 52 82 Chaguarama 0 417 1018
651 744 135 80 El_Dorado 0 651 744
550 812 101 133 El_Manteco 0 550 812
216 350 74 66 Esmeralda 0 216 350
726 1172 91 84 La_Guaira 0 726 1172
367 953 108 119 Barinas 0 367 953
732 1160 142 108 Caracas 0 732 1160
262 950 137 61 Mérida 0 262 950
