624
685 1191 62 138 Ho_Chi_Minh_City 0 685 1191
588 2325 63 149 Hanoi 0 588 2325
675 2308 108 132 Haiphong 0 675 2308
586 1109 114 103 Cần_Thơ 0 586 1109
202 1779 72 50 Đà_Nẵng 0 202 1779
777 1821 109 147 Huế 0 777 1821
308 1522 76 51 Quy_Nhơn 0 308 1522
700 1209 133 144 Hiệp_Hòa 0 700 1209
573 2069 135 132 Phú_Vinh 0 573 2069
587 2388 51 63 Thành_Phố_Thái_Nguyên 0 587 2388
303 1354 77 113 Nha_Trang 0 303 1354
516 1014 106 97 Cà_Mau 0 516 1014
541 2357 62 150 Việt_Trì 0 541 2357
547 1148 57 138 Long_Xuyên 0 547 1148
178 1402 106 149 Buôn_Ma_Thuột 0 178 1402
183 1209 140 100 Phan_Thiết 0 183 1209
507 1109 86 144 Xóm_Rạch_Giồng 0 507 1109
606 1061 96 95 Sóc_Trăng 0 606 1061
221 1320 101 52 Đà_Lạt 0 221 1320
262 1672 104 105 Quảng_Ngãi 0 262 1672
726 1144 100 144 Vũng_Tàu 0 726 1144
680 1214 78 143 Thủ_Dầu_Một 0 680 1214
622 2259 84 115 Thành_Phố_Nam_Định 0 622 2259
579 1027 92 59 Thành_phố_Bạc_Liêu 0 579 1027
639 2261 58 66 Thành_Phố_Thái_Bình 0 639 2261
582 2189 104 108 Tinh_Xa 0 582 2189
555 2335 105 51 Sơn_Vi 0 555 2335
673 1935 89 137 Động_Hỏi 0 673 1935
280 1279 76 88 Phan_Rang-Tháp_Chàm 0 280 1279
595 2028 64 50 Hà_Tĩnh 0 595 2028
569 1156 141 117 Cao_Lãnh 0 569 1156
681 2417 97 117 Thành_Phố_Lạng_Sơn 0 681 2417
305 1316 83 52 Cam_Ranh 0 305 1316
179 1544 60 97 Plei_Khưn 0 179 1544
654 1165 135 71 Tân_An 0 654 1165
739 2325 138 74 Cẩm_Phả_Mines 0 739 2325
647 1099 65 91 Trà_Vinh 0 647 1099
602 2240 113 132 Thành_Phố_Ninh_Bình 0 602 2240
619 1250 138 144 Tây_Ninh 0 619 1250
651 1147 86 79 Mỹ_Hòa 0 651 1147
821 1592 58 150 Kon_Tum 0 821 1592
535 2301 68 117 Thành_Phố_Hòa_Bình 0 535 2301
603 1137 98 127 An_Long 0 603 1137
490 2402 57 121 Yên_Bái 0 490 2402
734 1853 64 120 Quảng_Trị 0 734 1853
514 1184 89 87 Châu_Phong 0 514 1184
317 1448 129 95 Tuy_Hòa 0 317 1448
394 2486 54 84 Lào_Cai 0 394 2486
636 2317 79 113 Hàn_Thượng 0 636 2317
623 2352 74 126 Bắc_Giang 0 623 2352
628 2505 141 77 Nà_Hoàng 0 628 2505
498 2523 53 145 Thành_Phố_Hà_Giang 0 498 2523
522 2413 91 129 Thành_Phố_Tuyên_Quang 0 522 2413
586 2449 131 117 Bắc_Kạn 0 586 2449
385 2359 110 54 Bản_Lân 0 385 2359
723 1860 116 82 Đông_Hà 0 723 1860
325 2404 86 128 Luân_Châu 0 325 2404
773 1326 93 120 Kiến_Đức 0 773 1326
619 2312 107 130 Kẻ_Sặt 0 619 2312
698 2407 51 98 Lộc_Bình 0 698 2407
820 1560 130 91 Phú_Hòa 0 820 1560
577 2287 83 83 Đại_Nghĩa 0 577 2287
605 2018 106 86 Cẩm_Xuyên 0 605 2018
629 2344 139 139 Neo 0 629 2344
635 2525 105 120 Thị_Trấn_Hùng_Quốc 0 635 2525
563 2365 110 122 Tam_Đảo 0 563 2365
614 1172 81 117 Tân_Thạnh 0 614 1172
619 2339 103 93 Phố_Mới 0 619 2339
613 2221 127 75 Phát_Diệm 0 613 2221
629 1116 135 103 Vũng_Liêm 0 629 1116
563 2191 133 123 Triệu_Sơn 0 563 2191
182 1418 132 55 Quảng_Phú 0 182 1418
576 2191 84 83 Rừng_Thông 0 576 2191
237 2456 50 68 Mường_Nhé 0 237 2456
801 1595 57 142 Sa_Thầy 0 801 1595
762 1208 58 96 Gia_Ray 0 762 1208
538 2221 61 73 Ngọc_Lặc 0 538 2221
771 1273 77 118 Đạ_Tẻh 0 771 1273
536 2309 104 134 Kỳ_Sơn 0 536 2309
528 2448 104 83 Thị_Trấn_Vĩnh_Lộc 0 528 2448
276 1328 101 110 Tô_Hạp 0 276 1328
685 1839 82 67 Khe_Sanh 0 685 1839
501 988 137 100 Cái_Nước 0 501 988
272 1358 113 88 Khánh_Vĩnh 0 272 1358
579 2326 144 70 Cầu_Diễn 0 579 2326
599 2344 105 133 Chờ 0 599 2344
661 2292 51 62 Tiên_Lãng 0 661 2292
530 1075 113 84 Gò_Quao 0 530 1075
385 1129 84 93 Phú_Quốc 0 385 1129
602 2480 82 85 Vân_Tùng 0 602 2480
693 1198 95 133 Quận_Chín 0 693 1198
674 1110 59 139 Ba_Tri 0 674 1110
601 1101 109 83 Trà_Ôn 0 601 1101
601 2304 83 100 Khoái_Châu 0 601 2304
500 1174 115 62 Nhà_Bàng 0 500 1174
742 1159 105 73 Thị_Trấn_Long_Điền 0 742 1159
508 2093 68 104 Anh_Sơn 0 508 2093
549 1057 90 71 Thị_Trấn_Ngan_Dừa 0 549 1057
659 2418 56 54 Văn_Quan 0 659 2418
218 1328 134 150 Lạc_Dương 0 218 1328
306 1471 56 118 Chí_Thạnh 0 306 1471
586 2324 94 109 Đống_Đa 0 586 2324
584 2326 123 147 Ba_Đình 0 584 2326
664 1162 134 134 Tân_Trụ 0 664 1162
650 1132 75 62 Bến_Tre 0 650 1132
558 1135 71 61 Thốt_Nốt 0 558 1135
615 1091 56 97 Cầu_Kè 0 615 1091
566 2117 142 55 Cầu_Giát 0 566 2117
558 1077 86 80 Nàng_Mau 0 558 1077
547 2528 66 74 Tân_Việt 0 547 2528
550 2524 103 89 Pác_Miầu 0 550 2524
523 2366 122 98 Phú_Thọ 0 523 2366
351 2416 70 125 Mường_Chiên 0 351 2416
566 2422 135 128 Chợ_Chu 0 566 2422
592 2202 87 78 Hậu_Lộc 0 592 2202
549 2100 129 118 Yên_Thành 0 549 2100
299 1333 75 123 Cam_Lâm 0 299 1333
635 2308 54 109 Gia_Lộc 0 635 2308
581 1042 92 109 Phú_Lộc 0 581 1042
673 1309 114 61 Lộc_Ninh 0 673 1309
721 1872 92 62 Gio_Linh 0 721 1872
315 2356 61 109 Điện_Biên_Đông 0 315 2356
595 2229 136 132 Tam_Điệp 0 595 2229
280 1638 147 71 Đức_Phổ 0 280 1638
744 1306 120 149 Đức_Phong 0 744 1306
272 1654 115 90 Mộ_Đức 0 272 1654
622 2248 75 138 Nam_Giang 0 622 2248
532 2089 141 71 Đô_Lương 0 532 2089
634 2260 126 64 Vũ_Thư 0 634 2260
476 2445 143 102 Thị_Trấn_Yên_Thế 0 476 2445
197 1461 126 99 Ea_Drăng 0 197 1461
590 1113 81 145 Bình_Minh 0 590 1113
509 1195 102 99 An_Phú 0 509 1195
272 1616 143 137 An_Lão 0 272 1616
608 1977 129 136 Đồng_Lê 0 608 1977
524 2541 82 118 Lũng_Hồ 0 524 2541
514 2556 93 121 Thị_Trấn_Yên_Minh 0 514 2556
748 1160 128 145 Thị_Trấn_Đất_Đỏ 0 748 1160
814 1393 101 65 Ea_T’ling 0 814 1393
589 2195 73 141 Bút_Sơn 0 589 2195
614 2352 76 83 Bích_Động 0 614 2352
290 1548 92 53 Phù_Cát 0 290 1548
568 2332 118 141 Phùng 0 568 2332
609 1110 52 148 Tam_Bình 0 609 1110
581 2150 54 139 Tĩnh_Gia 0 581 2150
695 1249 130 140 Phước_Vĩnh 0 695 1249
713 1193 81 74 Long_Thành 0 713 1193
521 993 150 85 Đầm_Dơi 0 521 993
638 2316 126 63 Thành_Phố_Hải_Dương 0 638 2316
539 2471 148 55 Thị_Trấn_Na_Hang 0 539 2471
188 1549 65 79 Đăk_Đoa 0 188 1549
636 2422 102 74 Bắc_Sơn 0 636 2422
224 1497 110 131 Ia_Pa 0 224 1497
612 1250 100 79 Châu_Thành 0 612 1250
587 2250 108 93 Me 0 587 2250
706 2326 143 98 Trới 0 706 2326
621 1124 69 115 Cái_Nhum 0 621 1124
175 1547 147 51 Pleiku 0 175 1547
552 2337 72 121 Sơn_Tây 0 552 2337
635 2234 134 88 Yên_Định 0 635 2234
193 1373 109 100 Lắk 0 193 1373
738 1800 99 112 A_Lưới 0 738 1800
803 1743 64 149 Thạnh_Mỹ 0 803 1743
791 1527 146 85 Chư_Ty 0 791 1527
599 2264 83 85 Thanh_Lưu 0 599 2264
568 1117 91 121 Ô_Môn 0 568 1117
648 2510 85 69 Thị_Trấn_Quảng_Uyên 0 648 2510
580 1081 115 88 Phụng_Hiệp 0 580 1081
626 1069 113 134 Cù_Lao_Dung 0 626 1069
634 1258 114 93 Dương_Minh_Châu 0 634 1258
664 1122 132 113 Giồng_Trôm 0 664 1122
638 2321 94 75 Nam_Sách 0 638 2321
580 2189 140 80 Thanh_Hóa 0 580 2189
199 1304 117 142 Đinh_Văn 0 199 1304
785 2374 53 78 Quảng_Hà 0 785 2374
252 1652 80 107 Minh_Long 0 252 1652
651 2461 118 68 Thị_Trấn_Thất_Khê 0 651 2461
260 1560 89 114 Vĩnh_Thạnh 0 260 1560
233 1688 98 101 Trà_Bồng 0 233 1688
616 2375 139 104 Cầu_Gồ 0 616 2375
387 2358 147 85 Thành_Phố_Sơn_La 0 387 2358
666 2439 134 67 Thị_Trấn_Na_Sầm 0 666 2439
601 2373 114 130 Hương_Sơn 0 601 2373
494 2240 54 78 Quan_Sơn 0 494 2240
667 2307 61 72 An_Dương 0 667 2307
642 1204 133 50 Đông_Thành 0 642 1204
622 2329 142 119 Gia_Bình 0 622 2329
650 1963 67 132 Ba_Đồn 0 650 1963
699 1210 104 110 Biên_Hòa 0 699 1210
609 2283 139 92 Hưng_Yên 0 609 2283
653 1172 135 108 Thủ_Thừa 0 653 1172
713 1888 117 50 Hồ_Xá 0 713 1888
569 2538 131 114 Thị_Trấn_Bảo_Lạc 0 569 2538
461 1137 133 128 Kiên_Lương 0 461 1137
566 2321 126 127 Quốc_Oai 0 566 2321
610 2533 134 137 Thị_Trấn_Xuân_Hoà 0 610 2533
599 2244 61 144 Thiên_Tồn 0 599 2244
251 1242 130 76 Liên_Hương 0 251 1242
764 1828 141 57 Hương_Trà 0 764 1828
603 2282 133 126 Hòa_Mạc 0 603 2282
500 1151 56 127 Tri_Tôn 0 500 1151
579 2063 146 71 Nghi_Xuân 0 579 2063
494 1062 145 87 Thứ_Mười_Một 0 494 1062
544 1166 109 121 Chợ_Mới 0 544 1166
622 1134 105 76 Chợ_Lách 0 622 1134
611 2343 116 124 Bắc_Ninh 0 611 2343
202 1553 68 101 Kon_Dơng 0 202 1553
766 1247 106 56 Tân_Phú 0 766 1247
679 1190 106 78 Quận_Mười_Một 0 679 1190
682 1190 97 82 Quận_Mười 0 682 1190
678 1192 64 68 Quận_Tân_Phú 0 678 1192
684 1191 85 143 Quận_Ba 0 684 1191
685 1194 68 86 Quận_Bình_Thạnh 0 685 1194
570 2226 54 125 Kim_Tân 0 570 2226
650 2243 128 96 Ngô_Đồng 0 650 2243
405 2416 103 120 Mù_Cang_Chải 0 405 2416
598 2505 94 117 Thị_Trấn_Nguyên_Bình 0 598 2505
792 1226 143 83 Tánh_Linh 0 792 1226
811 1378 61 100 Đắk_Mâm 0 811 1378
629 2507 111 78 Thành_Phố_Cao_Bằng 0 629 2507
607 2273 52 94 Vĩnh_Trụ 0 607 2273
274 1275 63 112 Phước_Dân 0 274 1275
646 2302 127 52 Tứ_Kỳ 0 646 2302
627 1277 100 69 Tân_Châu 0 627 1277
411 2145 90 62 Mường_Xén 0 411 2145
513 2368 144 92 Sông_Thao 0 513 2368
789 1819 118 98 Phú_Vang 0 789 1819
740 1847 64 89 Hải_Lăng 0 740 1847
529 1134 99 147 Núi_Sập 0 529 1134
646 1120 63 122 Mỏ_Cày 0 646 1120
597 2324 82 128 Trâu_Quỳ 0 597 2324
717 2384 146 130 Đình_Lập 0 717 2384
229 1723 128 61 Tam_Kỳ 0 229 1723
364 2371 68 131 Thị_Trấn_Thuận_Châu 0 364 2371
600 2519 91 92 Thị_Trấn_Thông_Nông 0 600 2519
211 1433 101 118 Krông_Năng 0 211 1433
514 2377 133 126 Thanh_Ba 0 514 2377
427 2327 57 121 Yên_Châu 0 427 2327
573 2064 68 120 Vinh 0 573 2064
263 1677 136 74 Sơn_Tịnh 0 263 1677
508 1106 88 105 Rạch_Giá 0 508 1106
518 2344 116 87 Thanh_Sơn 0 518 2344
814 1200 132 76 Thuận_Nam 0 814 1200
564 2217 91 65 Vĩnh_Lộc 0 564 2217
306 1403 97 133 Vạn_Giã 0 306 1403
663 1176 131 130 Bến_Lức 0 663 1176
598 1072 129 135 Châu_Thành 0 598 1072
705 1185 146 54 Nhơn_Trạch 0 705 1185
561 1112 75 53 Thới_Lai 0 561 1112
177 1381 149 125 Buôn_Trấp 0 177 1381
254 1410 118 134 M’Đrăk 0 254 1410
199 1778 116 119 Thanh_Khê 0 199 1778
639 2244 106 69 Xuân_Trường 0 639 2244
682 1173 81 61 Cần_Giuộc 0 682 1173
675 1162 91 113 Cần_Đước 0 675 1162
701 1846 112 124 Krông_Klang 0 701 1846
588 2350 149 88 Sóc_Sơn 0 588 2350
560 2328 96 65 Liên_Quan 0 560 2328
324 2494 113 114 Phong_Thổ 0 324 2494
385 2493 99 61 Bát_Xát 0 385 2493
693 1206 101 65 Dĩ_An 0 693 1206
585 1204 83 119 Vĩnh_Hưng 0 585 1204
685 1126 65 101 Bình_Đại 0 685 1126
630 2361 88 50 Vôi 0 630 2361
674 1182 108 123 Tân_Túc 0 674 1182
703 1266 107 106 Tân_Phú 0 703 1266
482 2405 89 52 Cổ_Phúc 0 482 2405
660 1154 97 146 Tầm_Vu 0 660 1154
573 2348 104 141 Phúc_Yên 0 573 2348
632 2247 145 107 Cổ_Lễ 0 632 2247
435 2373 118 119 Thị_Trấn_Trạm_Tấu 0 435 2373
201 1697 133 60 Trà_My 0 201 1697
491 2167 99 141 Kim_Sơn 0 491 2167
674 1925 62 103 Quán_Hàu 0 674 1925
479 979 112 51 Cái_Đôi_Vàm 0 479 979
807 2383 118 66 Móng_Cái 0 807 2383
647 1091 100 104 Châu_Thành 0 647 1091
605 2248 124 134 Lâm 0 605 2248
712 1859 83 90 Cam_Lộ 0 712 1859
571 2199 131 147 Vạn_Hà 0 571 2199
497 1003 146 90 Trần_Văn_Thời 0 497 1003
612 2329 67 108 Hồ 0 612 2329
608 1056 119 103 Mỹ_Xuyên 0 608 1056
799 1709 87 99 Khâm_Đức 0 799 1709
556 2333 122 115 Phúc_Thọ 0 556 2333
661 2488 144 141 Thị_Trấn_Tà_Lùng 0 661 2488
814 1606 108 112 Đắk_Hà 0 814 1606
409 2517 125 82 Thị_Trấn_Mường_Khương 0 409 2517
201 1734 115 67 Quế_Sơn 0 201 1734
648 1219 100 114 Trảng_Bàng 0 648 1219
181 1281 61 108 Di_Linh 0 181 1281
286 1282 110 59 Khánh_Hải 0 286 1282
610 1276 59 95 Tân_Biên 0 610 1276
559 2348 109 85 Yên_Lạc 0 559 2348
621 2459 92 145 Yến_Lạc 0 621 2459
606 1133 79 65 Vĩnh_Long 0 606 1133
531 1118 91 60 Tân_Hiệp 0 531 1118
647 1155 73 96 Tân_Hiệp 0 647 1155
628 1228 113 104 Bến_Cầu 0 628 1228
624 2324 105 150 Thứa 0 624 2324
354 2316 58 121 Sốp_Cộp 0 354 2316
295 1535 102 89 An_Nhơn 0 295 1535
605 2229 67 81 Yên_Thịnh 0 605 2229
299 1319 87 149 Cam_Ranh 0 299 1319
696 1322 146 120 Bù_Đốp 0 696 1322
528 2448 57 88 Huyện_Chiêm_Hóa 0 528 2448
663 1065 129 88 Duyên_Hải 0 663 1065
541 2399 68 115 Sơn_Dương 0 541 2399
227 1664 124 122 Sơn_Hà 0 227 1664
258 1302 117 108 Tân_Sơn 0 258 1302
648 1139 84 142 Châu_Thành 0 648 1139
255 1633 115 52 Ba_Tơ 0 255 1633
275 2476 109 92 Thị_Trấn_Mường_Tè 0 275 2476
762 1165 120 148 Thị_Trấn_Phước_Bửu 0 762 1165
662 2364 143 77 Chũ 0 662 2364
572 1197 77 150 Tân_Hưng 0 572 1197
206 1406 133 90 Phước_An 0 206 1406
715 2318 141 148 Thành_Phố_Hạ_Long 0 715 2318
812 1522 75 111 Chư_Prông 0 812 1522
607 1030 134 51 Vĩnh_Châu 0 607 1030
713 2293 96 126 Cát_Bà 0 713 2293
553 2032 99 111 Vũ_Quang 0 553 2032
805 1802 117 57 Phú_Lộc 0 805 1802
556 1145 100 107 Lấp_Vò 0 556 1145
295 1479 73 143 Đồng_Xuân 0 295 1479
812 1446 150 102 Ea_Súp 0 812 1446
787 2321 53 124 Cô_Tô 0 787 2321
510 1034 79 137 Thới_Bình 0 510 1034
776 1259 118 68 Ma_Đa_Gui 0 776 1259
730 1855 143 106 Ái_Tử 0 730 1855
590 2463 88 67 Phủ_Thông 0 590 2463
638 2285 123 128 Quỳnh_Côi 0 638 2285
713 1151 75 88 Cần_Giờ 0 713 1151
407 2344 138 116 Hát_Lót 0 407 2344
499 968 67 122 Năm_Căn 0 499 968
638 1072 148 67 Trà_Cú 0 638 1072
627 2277 89 80 Hưng_Hà 0 627 2277
529 2279 149 84 Mường_Khến 0 529 2279
203 1777 99 107 Sơn_Trà 0 203 1777
609 2315 66 111 Bẩn_Yên_Nhân 0 609 2315
562 2356 60 97 Vĩnh_Yên 0 562 2356
530 2350 121 66 Hưng_Hóa 0 530 2350
779 1237 143 61 Võ_Xu 0 779 1237
546 2262 70 101 Vụ_Bản 0 546 2262
596 2316 89 110 Văn_Giang 0 596 2316
789 1627 129 136 Plei_Kần 0 789 1627
184 1515 111 88 Chư_Sê 0 184 1515
656 2318 142 117 Phú_Thái 0 656 2318
542 1154 68 118 An_Châu 0 542 1154
582 2181 98 116 Quảng_Xương 0 582 2181
568 2170 102 134 Nông_Cống 0 568 2170
590 2275 128 128 Quế 0 590 2275
590 2031 141 125 Thạch_Hà 0 590 2031
648 1145 135 73 Mỹ_Tho 0 648 1145
576 1154 65 97 Mỹ_Thọ 0 576 1154
519 2136 83 90 Quỳ_Hợp 0 519 2136
427 2492 70 84 Bắc_Hà 0 427 2492
543 1130 78 122 Vĩnh_Thạnh 0 543 1130
547 1115 126 96 Cờ_Đỏ 0 547 1115
561 2049 131 70 Đức_Thọ 0 561 2049
587 2391 95 54 Chùa_Hang 0 587 2391
301 1529 113 70 Tuy_Phước 0 301 1529
790 1789 69 60 Khe_Tre 0 790 1789
629 2315 118 80 Lai_Cách 0 629 2315
203 1605 124 143 Đắk_Rve 0 203 1605
399 2379 139 61 Ít_Ong 0 399 2379
292 1355 123 147 Diên_Khánh 0 292 1355
676 960 144 134 Côn_Đảo 0 676 960
672 1932 124 126 Đồng_Hới 0 672 1932
693 1199 72 87 Thủ_Đức 0 693 1199
550 1043 131 73 Thị_Trấn_Phước_Long 0 550 1043
622 2292 75 57 Trần_Cao 0 622 2292
232 1524 87 55 Kông_Chro 0 232 1524
637 1226 148 51 Gò_Dầu 0 637 1226
806 1278 142 66 Bảo_Lộc 0 806 1278
661 2303 130 99 An_Lão 0 661 2303
582 1105 59 87 Cái_Răng 0 582 1105
551 1081 57 105 Vị_Thanh 0 551 1081
719 1211 85 76 Trảng_Bom 0 719 1211
656 2257 111 52 Tiền_Hải 0 656 2257
736 2324 120 107 Cẩm_Phả 0 736 2324
582 2040 115 75 Nghèn 0 582 2040
680 1188 132 118 Quận_Sáu 0 680 1188
682 1189 134 65 Quận_Năm 0 682 1189
685 1192 123 88 Quận_Một 0 685 1192
683 1193 80 139 Quận_Phú_Nhuận 0 683 1193
572 1137 148 139 Lai_Vung 0 572 1137
222 1721 96 134 Phú_Ninh 0 222 1721
794 1669 120 137 Đắk_Glei 0 794 1669
737 1161 87 109 Thành_Phố_Bà_Rịa 0 737 1161
543 2344 75 102 Tây_Đằng 0 543 2344
584 2329 63 111 Tây_Hồ 0 584 2329
259 1692 68 135 Bình_Sơn 0 259 1692
807 1545 83 116 Ia_Kha 0 807 1545
639 2378 72 132 Hữu_Lũng 0 639 2378
589 2213 58 148 Hà_Trung 0 589 2213
555 2286 91 127 Bo 0 555 2286
191 1758 59 69 Đại_Lộc 0 191 1758
569 1097 92 85 Một_Ngàn 0 569 1097
480 2478 61 88 Thị_Trấn_Việt_Quang 0 480 2478
271 1309 139 111 Bác_Ái 0 271 1309
671 2509 78 53 Thị_Trấn_Thanh_Nhật 0 671 2509
590 1084 118 92 Ngã_Bảy 0 590 1084
734 1211 100 102 Thống_Nhất 0 734 1211
705 1275 58 111 Đồng_Xoài 0 705 1275
580 2306 87 102 Kim_Bài 0 580 2306
663 2395 65 51 Đồng_Mỏ 0 663 2395
767 1834 93 50 Sịa 0 767 1834
536 2200 62 59 Thường_Xuân 0 536 2200
190 1724 65 103 Hiệp_Đức 0 190 1724
685 1206 126 120 Lái_Thiêu 0 685 1206
358 2468 126 130 Tam_Đường 0 358 2468
805 1622 102 94 Đắk_Tô 0 805 1622
574 2342 50 57 Mê_Linh 0 574 2342
552 2067 142 95 Nam_Đàn 0 552 2067
607 2309 128 113 Yên_Mỹ 0 607 2309
441 2349 90 143 Bắc_Yên 0 441 2349
652 1204 69 98 Hậu_Nghĩa 0 652 1204
568 2500 116 125 Bộc_Bố 0 568 2500
541 2561 68 129 Thị_Trấn_Mèo_Vạc 0 541 2561
364 2371 112 134 Thị_Trấn_Thuận_Châu 0 364 2371
608 1079 73 89 Kế_Sách 0 608 1079
283 1506 108 68 Vân_Canh 0 283 1506
793 1328 75 111 Gia_Nghĩa 0 793 1328
663 2274 126 124 Diêm_Điền 0 663 2274
589 1065 84 92 Huỳnh_Hữu_Nghĩa 0 589 1065
580 2319 144 74 Hà_Đông 0 580 2319
605 2338 150 86 Lim 0 605 2338
564 2255 114 89 Hàng_Trạm 0 564 2255
195 1779 106 87 Liên_Chiểu 0 195 1779
624 2236 96 121 Liễu_Đề 0 624 2236
240 1565 137 81 K_Bang 0 240 1565
273 1163 62 68 Phú_Quý 0 273 1163
640 2429 74 72 Bình_Gia 0 640 2429
534 1095 119 141 Giồng_Riềng 0 534 1095
601 2212 105 142 Nga_Sơn 0 601 2212
506 1084 105 85 An_Biên 0 506 1084
544 2174 74 75 Yên_Cát 0 544 2174
547 2368 109 101 Lập_Thạch 0 547 2368
595 2272 79 126 Thành_Phố_Phủ_Lý 0 595 2272
529 2341 62 141 Thanh_Thủy 0 529 2341
568 2076 78 53 Quán_Hành 0 568 2076
678 1263 114 112 Chơn_Thành 0 678 1263
579 2420 145 103 Chợ_Mới 0 579 2420
602 2320 85 104 Như_Quỳnh 0 602 2320
573 1105 107 97 Phong_Điền 0 573 1105
752 1834 109 97 Phong_Điền 0 752 1834
686 1190 100 117 Quận_Bốn 0 686 1190
783 1762 128 139 Prao 0 783 1762
556 2363 141 135 Hợp_Hòa 0 556 2363
422 2442 110 136 Thị_Trấn_Khánh_Yên 0 422 2442
622 1062 130 109 Long_Phú 0 622 1062
554 2308 73 64 Lương_Sơn 0 554 2308
617 2365 138 100 Cao_Thượng 0 617 2365
526 1168 66 117 Cái_Dầu 0 526 1168
303 2407 149 123 Mường_Chà 0 303 2407
446 2458 62 101 Thị_Trấn_Phố_Ràng 0 446 2458
588 2337 107 89 Đông_Anh 0 588 2337
177 1589 143 53 Kon_Tum 0 177 1589
526 2308 72 114 Đà_Bắc 0 526 2308
629 2299 59 119 Thanh_Miện 0 629 2299
595 2294 144 89 Phú_Xuyên 0 595 2294
674 2313 88 139 Núi_Đèo 0 674 2313
566 2064 98 123 Hưng_Nguyên 0 566 2064
666 1100 92 144 Thạnh_Phú 0 666 1100
211 1714 62 92 Tiên_Phước 0 211 1714
488 2463 95 69 Thị_Trấn_Vĩnh_Tuy 0 488 2463
614 2260 83 134 Mỹ_Lộc 0 614 2260
578 2247 96 126 Nho_Quan 0 578 2247
505 2360 105 74 Yên_Lập 0 505 2360
546 998 74 76 Thị_Trấn_Gành_Hào 0 546 998
691 2360 63 74 An_Châu 0 691 2360
690 1182 82 105 Nhà_Bè 0 690 1182
583 2325 131 110 Cầu_Giấy 0 583 2325
517 1094 133 86 Minh_Lương 0 517 1094
525 2228 111 87 Lang_Chánh 0 525 2228
508 2284 86 116 Mai_Châu 0 508 2284
610 2293 96 81 Lương_Bằng 0 610 2293
425 2509 102 82 Si_Ma_Cai 0 425 2509
690 1905 135 92 Kiến_Giang 0 690 1905
526 1193 99 91 Tân_Châu 0 526 1193
226 1301 60 135 Thạnh_Mỹ 0 226 1301
724 1172 112 76 Thị_Trấn_Phú_Mỹ 0 724 1172
498 2550 82 55 Thị_Trấn_Tam_Sơn 0 498 2550
673 1143 141 55 Vĩnh_Bình 0 673 1143
315 2380 114 92 Mường_Ảng 0 315 2380
307 1488 124 87 Sông_Cầu 0 307 1488
213 1298 134 55 Đưc_Trọng 0 213 1298
560 2170 95 95 Bến_Sung 0 560 2170
572 2404 91 74 Đu 0 572 2404
745 1177 53 83 Thị_Trấn_Ngải_Giao 0 745 1177
227 1241 100 99 Chợ_Lầu 0 227 1241
186 1225 77 65 Ma_Lâm 0 186 1225
460 2305 60 92 Mộc_Châu 0 460 2305
648 2311 144 107 Thanh_Hà 0 648 2311
568 2208 147 137 Quán_Lào 0 568 2208
223 1417 85 142 Ea_Kar 0 223 1417
648 1246 122 61 Dầu_Tiếng 0 648 1246
618 2514 74 139 Thị_Trấn_Nước_Hai 0 618 2514
587 2316 142 94 Văn_Điển 0 587 2316
580 2293 58 133 Vân_Đình 0 580 2293
535 2076 111 83 Thanh_Chương 0 535 2076
561 1179 85 99 Tràm_Chim 0 561 1179
687 1141 84 126 Tân_Hòa 0 687 1141
549 2234 79 84 Cẩm_Thủy 0 549 2234
610 1126 75 98 Long_Hồ 0 610 1126
381 2470 142 110 Sa_Pa 0 381 2470
528 2106 96 90 Tân_Kỳ 0 528 2106
500 2384 148 63 Hạ_Hòa 0 500 2384
550 1201 50 148 Sa_Rài 0 550 1201
647 2481 89 77 Thị_Trấn_Đông_Khê 0 647 2481
656 2526 137 135 Thị_Trấn_Trùng_Khánh 0 656 2526
623 1247 150 77 Hòa_Thành 0 623 1247
280 1443 134 87 Củng_Sơn 0 280 1443
206 1751 115 127 Duy_Xuyên 0 206 1751
216 1741 82 94 Hà_Lam 0 216 1741
650 2255 75 110 Thanh_Nê 0 650 2255
583 2321 61 108 Thanh_Xuân 0 583 2321
193 1769 53 134 Hòa_Vang 0 193 1769
280 1588 111 63 Hoài_Ân 0 280 1588
275 1538 61 54 Phú_Phong 0 275 1538
569 1026 58 62 Thị_Trấn_Hòa_Bình 0 569 1026
562 1070 139 130 Long_Mỹ 0 562 1070
492 1125 98 84 Hòn_Đất 0 492 1125
498 2506 150 89 Thị_Trấn_Vị_Xuyên 0 498 2506
495 2501 121 130 Thị_Trấn_Việt_Lâm 0 495 2501
458 2384 144 128 Sơn_Thịnh 0 458 2384
266 1668 138 106 Tư_Nghĩa 0 266 1668
463 2351 120 89 Phù_Yên 0 463 2351
687 2316 126 59 Quảng_Yên 0 687 2316
487 2106 57 106 Con_Cuông 0 487 2106
554 2203 146 119 Thọ_Xuân 0 554 2203
757 1281 102 103 Đồng_Nai 0 757 1281
370 2328 51 133 Sông_Mã 0 370 2328
589 2307 86 130 Thường_Tín 0 589 2307
661 2321 138 93 Kinh_Môn 0 661 2321
630 1084 65 125 Tiểu_Cần 0 630 1084
689 1184 50 56 Quận_Bảy 0 689 1184
722 1226 92 64 Vĩnh_An 0 722 1226
533 2289 58 136 Cao_Phong 0 533 2289
785 1377 54 108 Đắk_Mil 0 785 1377
200 1772 95 147 Cẩm_Lệ 0 200 1772
532 2367 68 147 Phong_Châu 0 532 2367
298 1700 77 116 Lý_Sơn 0 298 1700
629 1178 92 88 Thạnh_Hóa 0 629 1178
222 1482 69 148 A_Yun_Pa 0 222 1482
567 2353 118 103 Hương_Canh 0 567 2353
643 2356 104 95 Đồi_Ngô 0 643 2356
745 1208 53 140 Long_Khánh 0 745 1208
654 2288 99 110 Vĩnh_Bảo 0 654 2288
582 1137 75 88 Sa_Đéc 0 582 1137
616 2289 52 127 Vương 0 616 2289
318 2474 114 66 Thị_Trấn_Sìn_Hồ 0 318 2474
271 1435 135 126 Hai_Riêng 0 271 1435
641 2273 77 134 Đông_Hưng 0 641 2273
630 1158 128 142 Mỹ_Phước 0 630 1158
601 2361 128 68 Thắng 0 601 2361
573 2330 144 96 Trôi 0 573 2330
458 2270 99 70 Mường_Lát 0 458 2270
294 2366 70 130 Điện_Biên_Phủ 0 294 2366
563 2098 76 97 Diễn_Châu 0 563 2098
205 1758 62 102 Điện_Bàn 0 205 1758
206 1772 138 86 Ngũ_Hành_Sơn 0 206 1772
550 1021 63 117 Thị_Trấn_Giá_Rai 0 550 1021
574 2009 78 55 Hương_Khê 0 574 2009
588 2325 76 73 Hoàn_Kiếm 0 588 2325
588 2323 54 123 Hai_BàTrưng 0 588 2323
497 1040 120 110 U_Minh 0 497 1040
328 2418 77 80 Thị_Trấn_Tủa_Chùa 0 328 2418
336 2388 130 112 Thị_Trấn_Tuần_Giáo 0 336 2388
662 1944 140 61 Hoàn_Lão 0 662 1944
530 2357 119 79 Lâm_Thao 0 530 2357
581 2265 80 95 Chi_Nê 0 581 2265
696 1223 95 57 Tân_Uyên 0 696 1223
610 2232 128 104 Yên_Ninh 0 610 2232
595 1134 109 122 Cái_Tàu_Hạ 0 595 1134
637 1997 77 99 Kỳ_Anh 0 637 1997
286 1596 68 142 Bồng_Sơn 0 286 1596
783 1356 125 59 Đắk_Song 0 783 1356
506 956 150 54 Ngọc_Hiển 0 506 956
682 2419 58 109 Thị_Trấn_Cao_Lộc 0 682 2419
248 1707 113 97 Núi_Thành 0 248 1707
208 1615 68 65 Kon_Plông 0 208 1615
581 1113 68 116 Bình_Thủy 0 581 1113
519 2391 106 60 Đoan_Hùng 0 519 2391
605 2266 53 146 Bình_Mỹ 0 605 2266
588 1097 89 50 Ngã_Sáu 0 588 1097
443 1147 54 106 Hà_Tiên 0 443 1147
444 2130 69 93 Hòa_Bình 0 444 2130
296 1381 88 85 Ninh_Hòa 0 296 1381
645 2292 78 51 Ninh_Giang 0 645 2292
544 2047 67 95 Phố_Châu 0 544 2047
249 1460 102 101 Phú_Túc 0 249 1460
663 1213 75 68 Củ_Chi 0 663 1213
261 1664 66 139 Nghĩa_Hành 0 261 1664
691 1193 97 120 Quận_Hai 0 691 1193
523 2250 137 70 Cành_Nàng 0 523 2250
809 1287 131 103 Lộc_Thắng 0 809 1287
673 2295 133 113 Núi_Đối 0 673 2295
503 2440 76 84 Thị_Trấn_Tân_Yên 0 503 2440
341 2477 91 57 Lai_Châu 0 341 2477
528 1051 123 100 Vĩnh_Thuận 0 528 1051
553 2346 76 77 Vĩnh_Tường 0 553 2346
572 2313 78 59 Chúc_Sơn 0 572 2313
416 2468 147 110 Thị_Trấn_Phố_Lu 0 416 2468
538 2513 92 51 Yên_Phú 0 538 2513
552 1167 86 73 Thanh_Bình 0 552 1167
674 1204 90 103 Hóc_Môn 0 674 1204
538 1170 141 148 Phú_Mỹ 0 538 1170
510 2254 129 50 Quan_Hóa 0 510 2254
613 2302 79 134 Ân_Thi 0 613 2302
612 2248 106 81 Gôi 0 612 2248
537 2574 145 96 Thị_Trấn_Đồng_Văn 0 537 2574
467 2514 50 61 Thị_Trấn_Vinh_Quang 0 467 2514
456 2478 135 118 Yên_Bình 0 456 2478
210 1383 136 112 Krông_Kmar 0 210 1383
509 2161 150 83 Quỳ_Châu 0 509 2161
602 1968 139 120 Quy_Đạt 0 602 1968
216 1678 110 52 Tây_Trà 0 216 1678
573 2482 133 120 Chợ_Rã 0 573 2482
561 2450 121 51 Bằng_Lũng 0 561 2450
289 1567 77 97 Phù_Mỹ 0 289 1567
660 1144 142 130 Chợ_Gạo 0 660 1144
384 2428 66 90 Than_Uyên 0 384 2428
