298
414 1697 112 55 Sanaa 0 414 1697
503 1412 94 68 Aden 0 503 1412
279 1636 82 107 Al_Ḩudaydah 0 279 1636
394 1501 108 135 Ta‘izz 0 394 1501
297 1608 50 131 Al_Mukallā 0 297 1608
411 1541 104 56 Ibb 0 411 1541
350 1735 71 130 Ḩajjah 0 350 1735
435 1607 139 144 Dhamār 0 435 1607
318 1569 128 134 Zabīd 0 318 1569
263 1763 50 77 Say’ūn 0 263 1763
487 1443 82 104 Laḩij 0 487 1443
349 1632 145 99 Ash_Shiḩr 0 349 1632
482 1593 144 121 Radā‘ 0 482 1593
561 1546 139 84 Al_Bayḑā’ 0 561 1546
697 1607 101 121 ‘Ataq 0 697 1607
625 1792 150 80 Al_Ghayz̧ah 0 625 1792
534 1709 134 85 Ma’rib 0 534 1709
176 1400 52 133 Ḩadībū 0 176 1400
526 1681 145 101 Sayḩūt 0 526 1681
315 1665 67 140 Bājil 0 315 1665
282 1588 60 122 Burūm 0 282 1588
333 1855 127 93 Ḩaydān 0 333 1855
444 1477 89 74 Kirsh 0 444 1477
414 1629 111 109 Ḑawrān_ad_Daydah 0 414 1629
577 1636 118 54 Bayḩān 0 577 1636
554 1650 96 96 Ḩarīb 0 554 1650
465 1780 84 123 Al_Ghayl 0 465 1780
319 1605 65 76 Bayt_al_Faqīh 0 319 1605
407 1539 85 130 Jiblah 0 407 1539
308 1568 91 74 Al_Tuḩaytā’ 0 308 1568
437 1714 72 141 Bayt_as_Sayyid 0 437 1714
464 1712 83 132 Al_Ḩarjah 0 464 1712
660 1604 149 148 Nişāb 0 660 1604
498 1421 141 68 Al_Manşūrah 0 498 1421
316 1624 149 62 Al_Manşūrīyah 0 316 1624
389 1794 143 127 Ḩūth 0 389 1794
539 1710 108 133 Al_Ḩuşūn 0 539 1710
524 1524 109 112 As_Suwaydā 0 524 1524
393 1488 112 104 Al_Misrākh 0 393 1488
379 1718 96 135 Ḩabābah 0 379 1718
527 1532 117 127 Madīnat_Lab‘ūs 0 527 1532
401 1473 73 86 Al_‘Ayn 0 401 1473
361 1775 134 52 Ḩabūr 0 361 1775
368 1804 139 130 Al_Qaflah 0 368 1804
483 1508 80 139 Ḩabīl_ar_Raydah 0 483 1508
421 1456 93 106 Ḩadādah 0 421 1456
415 1473 64 64 Aş_Şalw 0 415 1473
616 1915 77 122 Bi’r_Ḩāt 0 616 1915
345 1606 53 72 Al_Ḩadīyah 0 345 1606
310 1473 106 70 Mocha 0 310 1473
355 1737 68 121 Sharas 0 355 1737
556 1642 105 119 Al_Ḩajab 0 556 1642
437 1846 134 50 Rajūzah 0 437 1846
299 1713 59 90 Al_Qanāwiş 0 299 1713
206 1599 110 116 Al_Jawl 0 206 1599
391 1496 109 139 Mashra‘ah 0 391 1496
368 1452 129 113 Ash_Shuqayrah 0 368 1452
414 1735 59 81 Bayt_Marrān 0 414 1735
243 1696 67 67 Kamarān 0 243 1696
331 1636 116 63 As_Sukhnah 0 331 1636
343 1657 93 144 ‘Ubāl 0 343 1657
548 1559 114 52 Dhī_Nā‘im 0 548 1559
610 1522 122 146 Al_Wuday‘ 0 610 1522
443 1729 85 96 Al_Madīd 0 443 1729
467 1705 88 107 Bidbadah 0 467 1705
429 1501 58 130 Māwiyah 0 429 1501
335 1766 59 138 Al_Miftāḩ 0 335 1766
386 1648 96 64 Ad_Dīs_ash_Sharqīyah 0 386 1648
319 1705 149 141 Banī_Ḩujjāj 0 319 1705
345 1740 128 80 Mabyan 0 345 1740
432 1580 145 90 Yarīm 0 432 1580
277 1695 118 54 Al_Munīrah 0 277 1695
455 1572 50 134 Ar_Raḑmah 0 455 1572
433 1643 52 141 Zarājah 0 433 1643
317 1784 114 55 Al_Bilād 0 317 1784
586 1557 137 94 Aş_Şawma‘ah 0 586 1557
397 1748 123 132 Raydah 0 397 1748
362 1739 61 68 Kuḩlān_‘Affār 0 362 1739
423 1635 97 83 Ma‘bar 0 423 1635
330 1803 77 122 Washḩah 0 330 1803
316 1854 149 141 Al_Malāḩīţ 0 316 1854
412 1573 93 63 Riḩāb 0 412 1573
402 1559 141 121 Z̧almah_al_‘Ulyā 0 402 1559
213 1694 121 147 Şīf 0 213 1694
321 1776 131 91 Aslam 0 321 1776
331 1786 105 124 Kushar 0 331 1786
376 1586 144 70 Ad_Dann 0 376 1586
470 1514 102 68 Aḑ_Ḑāli‘ 0 470 1514
179 1662 63 58 Az̧_Z̧alī‘ah 0 179 1662
437 1561 55 107 As_Saddah 0 437 1561
434 1549 103 95 Ar_Raḑā‘ī 0 434 1549
504 1724 79 131 Madghil 0 504 1724
458 1486 95 122 Al_Musaymīr 0 458 1486
446 1804 106 98 Az_Zāhir 0 446 1804
421 1546 110 118 Qaryat_ad_Da‘īs 0 421 1546
388 1629 128 106 Al_Jum‘ah 0 388 1629
285 1776 111 117 Tarīm 0 285 1776
477 1577 108 68 Al_‘Aqabah 0 477 1577
348 1546 139 59 Markaz_al_Marīr 0 348 1546
301 1640 138 71 Al_Marāwi‘ah 0 301 1640
517 1524 126 133 Al_Jurbah 0 517 1524
393 1499 125 86 Dār_an_Naşr 0 393 1499
336 1540 67 50 Ḩays 0 336 1540
476 1787 86 144 Al_Ḩazm 0 476 1787
589 1662 131 146 ‘Usaylān 0 589 1662
485 1529 132 150 Al_‘Awābil 0 485 1529
723 1587 132 72 Ḩabbān 0 723 1587
541 1571 117 128 Āl_Ma‘ūdah 0 541 1571
351 1789 59 104 Şuwayr 0 351 1789
444 1799 51 96 Ḩişn_Banī_Sa‘d 0 444 1799
354 1666 115 83 Matwaḩ 0 354 1666
465 1518 119 134 As_Sarīr 0 465 1518
565 1624 78 85 Al_Ḩazm 0 565 1624
757 1676 111 98 Aţ_Ţalḩ 0 757 1676
533 1507 145 143 Sirār 0 533 1507
718 1651 67 140 Jawl_al_Majma‘ 0 718 1651
542 1527 109 103 Sūq_Sibāḩ 0 542 1527
532 1515 127 77 Raşad 0 532 1515
326 1562 79 122 Al_Jarrāḩī 0 326 1562
408 1621 103 95 Ḩammām_‘Alī 0 408 1621
361 1789 93 75 Shahārat_al_Ghīs 0 361 1789
384 1913 118 97 Thamūd 0 384 1913
706 1555 87 90 Al_Maḩfid 0 706 1555
427 1677 56 75 Sayyān 0 427 1677
342 1866 102 114 Sāqayn 0 342 1866
616 1540 144 105 Mūdīyah 0 616 1540
388 1535 84 89 Markaz_Mudhaykirah 0 388 1535
406 1766 150 88 Dhaybīn 0 406 1766
464 1557 112 54 Ḩammām_Damt 0 464 1557
468 1506 51 120 Dhī_Jalāl 0 468 1506
484 1604 78 96 Al_Qurayshīyah 0 484 1604
247 1760 102 148 Suḩayl_Shibām 0 247 1760
266 1805 129 108 Mīdī 0 266 1805
439 1522 150 146 Ḑawrān 0 439 1522
348 1887 108 81 Majz 0 348 1887
627 1575 73 93 Jayshān 0 627 1575
373 1855 57 84 Ash_Shawātī 0 373 1855
716 1840 51 129 Ḩawf 0 716 1840
324 1634 71 139 Ghayl_Bā_Wazīr 0 324 1634
430 1688 115 83 Ghaymān 0 430 1688
685 1495 109 69 Aḩwar 0 685 1495
562 1613 51 87 Al_Ghaylah 0 562 1613
353 1576 55 127 Al_Aḩad 0 353 1576
483 1494 119 52 Al_Ḩabīlayn 0 483 1494
820 1693 53 116 ‘Amd 0 820 1693
365 1713 78 100 Aţ_Ţawīlah 0 365 1713
292 1675 148 130 Al_‘Ulayb 0 292 1675
798 1625 147 117 Al_Shirūj 0 798 1625
370 1521 116 121 Ar_Rawnah 0 370 1521
326 1772 126 146 Khayrān 0 326 1772
741 1697 103 90 Al_Māfūd 0 741 1697
451 1599 115 89 Al_Mayfa’ah 0 451 1599
386 1487 138 107 Yufrus 0 386 1487
331 1711 148 114 Al_Mirwāḩ 0 331 1711
325 1756 131 65 Sūq_Shamar 0 325 1756
552 1544 77 140 Az_Zāhir 0 552 1544
499 1423 75 132 Ash_Shaykh_‘Uthmān 0 499 1423
224 1713 54 114 Al_Bāţinah 0 224 1713
479 1775 87 142 Ar_Rawḑ 0 479 1775
498 1503 90 107 Ḩabīl_al_Jabr 0 498 1503
572 1705 86 94 Qishn 0 572 1705
796 1558 111 117 Ruḑūm 0 796 1558
551 1850 106 136 Al_Qurḩ 0 551 1850
340 1679 143 128 Al_Khamīs 0 340 1679
382 1714 111 58 Shibām 0 382 1714
426 1538 111 53 Najd_al_Jumā‘ī 0 426 1538
310 1527 116 98 Al_Khawkhah 0 310 1527
393 1604 137 148 Sūq_ar_Rubū‘ 0 393 1604
285 1695 84 129 Az_Zaydīyah 0 285 1695
355 1794 137 141 Al_Madān 0 355 1794
353 1709 96 103 Ar_Rujum 0 353 1709
327 1431 61 85 Dhubāb 0 327 1431
197 1726 53 115 Ḩurayḑah 0 197 1726
321 1749 79 70 Ku‘aydinah 0 321 1749
252 1737 126 88 Al_Luḩayyah 0 252 1737
191 1859 90 73 Minwakh 0 191 1859
508 1743 104 125 Asdās 0 508 1743
369 1764 103 61 As_Sūdah 0 369 1764
475 1524 150 124 Al_Ḩusayn 0 475 1524
796 1704 127 52 Şanā’ 0 796 1704
328 1913 78 65 Al_Hijrah 0 328 1913
593 1534 80 122 Lawdar 0 593 1534
460 1789 96 80 Al_Maşlūb 0 460 1789
312 1794 120 76 Mustabā’ 0 312 1794
314 1870 67 95 An_Naz̧īr 0 314 1870
358 1510 94 76 Maqbanah 0 358 1510
341 1727 98 74 Ash_Shaghādirah 0 341 1727
329 1754 97 99 Ash_Shāhil 0 329 1754
738 1784 126 134 Al_‘Abr 0 738 1784
338 1467 67 144 Mawza‘ 0 338 1467
444 1662 138 102 Ar_Raydah 0 444 1662
424 1457 140 138 Ţawr_al_Bāḩah 0 424 1457
413 1561 147 67 Al_Makhādir 0 413 1561
455 1794 115 149 Al_Matūn 0 455 1794
531 1594 132 113 An_Najd 0 531 1594
378 1746 84 94 Aş_Şarārah 0 378 1746
372 1744 72 118 An_Nāşirah 0 372 1744
357 1755 87 88 Al_Maghrabah 0 357 1755
405 1883 142 67 Kitāf 0 405 1883
778 1579 107 111 Mayfa‘ah 0 778 1579
418 1739 122 71 Al_Ḩayfah 0 418 1739
486 1549 146 134 Juban 0 486 1549
290 1619 125 53 Ad_Durayhimī 0 290 1619
330 1700 111 119 Aş_Şafaqayn 0 330 1700
337 1737 87 135 Waḑarah 0 337 1737
307 1864 132 123 Al_Mashāf 0 307 1864
578 1585 79 116 Maswarah 0 578 1585
498 1646 115 65 Raḩabah_al_Kawlah 0 498 1646
227 1752 135 116 Al_Qaţan 0 227 1752
345 1729 60 107 Banī_an_Nahārī 0 345 1729
483 1847 129 91 Al_Maḩjal 0 483 1847
522 1627 89 95 Al_‘Amūd 0 522 1627
444 1683 146 59 Jiḩānah 0 444 1683
497 1413 108 57 At_Tawāhī 0 497 1413
386 1731 141 109 ‘Amrān 0 386 1731
657 1965 55 98 Shiḩan_as_Suflá 0 657 1965
541 1451 139 101 Zinjibār 0 541 1451
537 1620 117 120 Al_Aqţa‘ 0 537 1620
380 1685 104 59 Al_‘Urr 0 380 1685
343 1710 88 108 Al_Maḩwīt 0 343 1710
360 1726 137 105 Bayt_‘Adhāqah 0 360 1726
399 1749 71 72 As_Sūq_al_Jadīd 0 399 1749
323 1879 139 144 Al_Kharāb 0 323 1879
285 1739 92 142 Az_Zuhrah 0 285 1739
377 1797 137 97 Al_‘Ashshah 0 377 1797
268 1823 50 84 As_Salāsil 0 268 1823
404 1529 110 64 Dhī_as_Sufāl 0 404 1529
403 1809 144 91 Al_Ḩarf 0 403 1809
317 1900 69 62 Sūq_al_Khamīs 0 317 1900
307 1770 91 66 ‘Abs 0 307 1770
422 1666 113 125 Wa‘lān 0 422 1666
411 1487 85 103 Ad_Dimnah 0 411 1487
349 1771 141 121 Al_Jamīmah 0 349 1771
249 1693 102 118 Aş_Şalīf 0 249 1693
334 1646 102 120 Riqāb 0 334 1646
649 1570 125 128 Marbāţ 0 649 1570
426 1848 50 59 Al_‘Anān 0 426 1848
406 1708 52 104 Qaryat_al_Qābil 0 406 1708
618 1723 145 93 Ḩaşwayn 0 618 1723
353 1612 55 51 Kusmah 0 353 1612
481 1484 115 143 Al_Milāḩ 0 481 1484
476 1593 111 141 Milāḩ 0 476 1593
364 1666 50 59 Manākhah 0 364 1666
395 1686 57 121 Matnah 0 395 1686
803 1785 64 57 Ḩajar_al_Mushā’ikh 0 803 1785
502 1587 85 84 Ash_Sharyah 0 502 1587
338 1924 86 111 Bāqim_as_Sūq 0 338 1924
269 1723 95 122 Sāh 0 269 1723
532 1666 136 105 Judaydah 0 532 1666
598 1610 91 146 Al_‘Āqir 0 598 1610
443 1558 85 126 An_Nādirah 0 443 1558
475 1752 121 133 Majzar 0 475 1752
533 1461 123 122 Ja‘ār 0 533 1461
382 1669 93 118 Mafḩaq 0 382 1669
466 1580 134 148 Zakhim 0 466 1580
377 1523 142 145 Ar_Rubū‘ 0 377 1523
407 1476 127 139 Ḩawrah 0 407 1476
410 1530 84 77 As_Sayyānī 0 410 1530
305 1690 136 122 Al_Mighlāf 0 305 1690
468 1531 123 59 Qa‘ţabah 0 468 1531
388 1767 101 94 Khamir 0 388 1767
424 1830 126 108 Al_Khirāb 0 424 1830
572 1541 130 109 Mukayrās 0 572 1541
455 1929 69 138 Rimāh 0 455 1929
471 1738 111 141 Daḩasuways 0 471 1738
500 1413 60 134 Al_Ma‘allā’ 0 500 1413
391 1544 58 104 Al_‘Udayn 0 391 1544
528 1540 111 117 Banī_Bakr 0 528 1540
406 1602 136 145 Z̧abah 0 406 1602
439 1822 77 99 Al_Ḩumaydāt 0 439 1822
368 1543 145 84 Ar_Ramādī 0 368 1543
395 1725 150 140 Saḩḩab 0 395 1725
422 1472 147 60 Ḩayfān 0 422 1472
523 1581 75 61 As_Sawādīyah 0 523 1581
412 1714 116 51 Al_Khāniq 0 412 1714
503 1412 72 83 Crater 0 503 1412
422 1869 126 136 Al_Ḩashwah 0 422 1869
405 1460 59 60 At_Turbah 0 405 1460
388 1480 92 85 Al_Nashmah 0 388 1480
372 1622 141 55 Aḑ_Ḑil‘ 0 372 1622
349 1626 118 105 Al_Jabīn 0 349 1626
502 1708 61 65 Sūq_Şirwāḩ 0 502 1708
745 1600 135 53 Ar_Rawḑah 0 745 1600
416 1706 81 62 Ar_Rawḑah 0 416 1706
348 1723 73 110 Banī_al_‘Awwām 0 348 1723
392 1550 111 55 Ḩazm_al_‘Udayn 0 392 1550
701 1585 113 128 Aş_Şa‘īd 0 701 1585
292 1815 126 54 Ḩaraḑ 0 292 1815
292 1683 106 67 Aḑ_Ḑaḩī 0 292 1683
395 1425 90 87 Ash_Shaţţ 0 395 1425
368 1873 69 71 Şa‘dah 0 368 1873
487 1408 123 86 Al_Burayqah 0 487 1408
332 1763 56 89 Al_Maḩābishah 0 332 1763
503 1416 54 88 Khawr_Maksar 0 503 1416
624 1595 119 56 Khawrah 0 624 1595
782 1718 114 69 Maţarah 0 782 1718
342 1640 89 89 Markaz_Bilād_aţ_Ţa‘ām 0 342 1640
770 1404 141 119 Qalansīyah 0 770 1404
