8 16384 65536 8192 4
8 16384 65536 16384 4
8 16384 131072 8192 7
8 16384 131072 16384 8
8 16384 262144 8192 
8 16384 262144 16384 
8 16384 262144 65536 
8 16384 1048576 8192 
8 16384 1048576 16384 
8 16384 1048576 65536 
8 16384 2097152 8192 
8 16384 2097152 16384 
8 16384 2097152 65536 
8 16384 4194304 8192 
8 16384 4194304 16384 
8 16384 4194304 65536 
8 262144 65536 8192 200
8 262144 65536 16384 239
8 262144 131072 8192 129
8 262144 131072 16384 128
8 262144 262144 8192 107
8 262144 262144 16384 107
8 262144 262144 65536 108
8 262144 1048576 8192 
8 262144 1048576 16384 
8 262144 1048576 65536 
8 262144 2097152 8192 
8 262144 2097152 16384 
8 262144 2097152 65536 
8 262144 4194304 8192 
8 262144 4194304 16384 
8 262144 4194304 65536 
8 4194304 65536 8192 5984
8 4194304 65536 16384 8081
8 4194304 131072 8192 3768
8 4194304 131072 16384 4903
8 4194304 262144 8192 3605
8 4194304 262144 16384 3596
8 4194304 262144 65536 6003
8 4194304 1048576 8192 2252
8 4194304 1048576 16384 2192
8 4194304 1048576 65536 2223
8 4194304 2097152 8192 2089
8 4194304 2097152 16384 2082
8 4194304 2097152 65536 2097
8 4194304 4194304 8192 1726
8 4194304 4194304 16384 1770
8 4194304 4194304 65536 1737
8 67108864 65536 8192 133238
8 67108864 65536 16384 195375
8 67108864 131072 8192 94253
8 67108864 131072 16384 114489
8 67108864 262144 8192 77848
8 67108864 262144 16384 80193
8 67108864 262144 65536 159482
8 67108864 1048576 8192 60175
8 67108864 1048576 16384 59274
8 67108864 1048576 65536 71176
8 67108864 2097152 8192 43994
8 67108864 2097152 16384 44438
8 67108864 2097152 65536 56885
8 67108864 4194304 8192 40979
8 67108864 4194304 16384 40767
8 67108864 4194304 65536 40507
16 16384 65536 8192 2
16 16384 65536 16384 2
16 16384 131072 8192 5
16 16384 131072 16384 5
16 16384 262144 8192 
16 16384 262144 16384 
16 16384 262144 65536 
16 16384 1048576 8192 
16 16384 1048576 16384 
16 16384 1048576 65536 
16 16384 2097152 8192 
16 16384 2097152 16384 
16 16384 2097152 65536 
16 16384 4194304 8192 
16 16384 4194304 16384 
16 16384 4194304 65536 
16 262144 65536 8192 231
16 262144 65536 16384 321
16 262144 131072 8192 152
16 262144 131072 16384 207
16 262144 262144 8192 138
16 262144 262144 16384 138
16 262144 262144 65536 185
16 262144 1048576 8192 49
16 262144 1048576 16384 49
16 262144 1048576 65536 49
16 262144 2097152 8192 
16 262144 2097152 16384 
16 262144 2097152 65536 
16 262144 4194304 8192 
16 262144 4194304 16384 
16 262144 4194304 65536 
16 4194304 65536 8192 6538
16 4194304 65536 16384 9521
16 4194304 131072 8192 5209
16 4194304 131072 16384 6195
16 4194304 262144 8192 4123
16 4194304 262144 16384 4109
16 4194304 262144 65536 7330
16 4194304 1048576 8192 2711
16 4194304 1048576 16384 2675
16 4194304 1048576 65536 3563
16 4194304 2097152 8192 2476
16 4194304 2097152 16384 2479
16 4194304 2097152 65536 2483
16 4194304 4194304 8192 2264
16 4194304 4194304 16384 2262
16 4194304 4194304 65536 2264
16 67108864 65536 8192 127778
16 67108864 65536 16384 213235
16 67108864 131072 8192 96322
16 67108864 131072 16384 127932
16 67108864 262144 8192 78281
16 67108864 262144 16384 93534
16 67108864 262144 65536 178752
16 67108864 1048576 8192 58997
16 67108864 1048576 16384 59505
16 67108864 1048576 65536 73555
16 67108864 2097152 8192 46467
16 67108864 2097152 16384 58078
16 67108864 2097152 65536 56699
16 67108864 4194304 8192 40771
16 67108864 4194304 16384 41293
16 67108864 4194304 65536 54811
32 16384 65536 8192 9
32 16384 65536 16384 7
32 16384 131072 8192 2
32 16384 131072 16384 2
32 16384 262144 8192 6
32 16384 262144 16384 6
32 16384 262144 65536 5
32 16384 1048576 8192 
32 16384 1048576 16384 
32 16384 1048576 65536 
32 16384 2097152 8192 
32 16384 2097152 16384 
32 16384 2097152 65536 
32 16384 4194304 8192 
32 16384 4194304 16384 
32 16384 4194304 65536 
32 262144 65536 8192 303
32 262144 65536 16384 400
32 262144 131072 8192 225
32 262144 131072 16384 233
32 262144 262144 8192 157
32 262144 262144 16384 156
32 262144 262144 65536 262
32 262144 1048576 8192 120
32 262144 1048576 16384 120
32 262144 1048576 65536 121
32 262144 2097152 8192 50
32 262144 2097152 16384 51
32 262144 2097152 65536 51
32 262144 4194304 8192 
32 262144 4194304 16384 
32 262144 4194304 65536 
32 4194304 65536 8192 7931
32 4194304 65536 16384 11027
32 4194304 131072 8192 5851
32 4194304 131072 16384 6822
32 4194304 262144 8192 4611
32 4194304 262144 16384 5526
32 4194304 262144 65536 8822
32 4194304 1048576 8192 3179
32 4194304 1048576 16384 3168
32 4194304 1048576 65536 4117
32 4194304 2097152 8192 2899
32 4194304 2097152 16384 2879
32 4194304 2097152 65536 2867
32 4194304 4194304 8192 2665
32 4194304 4194304 16384 2667
32 4194304 4194304 65536 2653
32 67108864 65536 8192 147300
32 67108864 65536 16384 232171
32 67108864 131072 8192 97700
32 67108864 131072 16384 127139
32 67108864 262144 8192 80232
32 67108864 262144 16384 95412
32 67108864 262144 65536 197578
32 67108864 1048576 8192 60120
32 67108864 1048576 16384 64462
32 67108864 1048576 65536 74869
32 67108864 2097152 8192 59645
32 67108864 2097152 16384 60003
32 67108864 2097152 65536 59108
32 67108864 4194304 8192 43242
32 67108864 4194304 16384 43183
32 67108864 4194304 65536 56846
64 16384 65536 8192 9
64 16384 65536 16384 13
64 16384 131072 8192 7
64 16384 131072 16384 10
64 16384 262144 8192 3
64 16384 262144 16384 3
64 16384 262144 65536 3
64 16384 1048576 8192 
64 16384 1048576 16384 
64 16384 1048576 65536 
64 16384 2097152 8192 
64 16384 2097152 16384 
64 16384 2097152 65536 
64 16384 4194304 8192 
64 16384 4194304 16384 
64 16384 4194304 65536 
64 262144 65536 8192 326
64 262144 65536 16384 464
64 262144 131072 8192 251
64 262144 131072 16384 304
64 262144 262144 8192 172
64 262144 262144 16384 229
64 262144 262144 65536 326
64 262144 1048576 8192 144
64 262144 1048576 16384 145
64 262144 1048576 65536 143
64 262144 2097152 8192 119
64 262144 2097152 16384 119
64 262144 2097152 65536 120
64 262144 4194304 8192 50
64 262144 4194304 16384 49
64 262144 4194304 65536 49
64 4194304 65536 8192 8345
64 4194304 65536 16384 12071
64 4194304 131072 8192 6142
64 4194304 131072 16384 7984
64 4194304 262144 8192 4868
64 4194304 262144 16384 5901
64 4194304 262144 65536 9861
64 4194304 1048576 8192 3381
64 4194304 1048576 16384 4341
64 4194304 1048576 65536 4437
64 4194304 2097152 8192 3188
64 4194304 2097152 16384 3189
64 4194304 2097152 65536 4059
64 4194304 4194304 8192 2925
64 4194304 4194304 16384 2971
64 4194304 4194304 65536 2925
64 67108864 65536 8192 144897
64 67108864 65536 16384 246187
64 67108864 131072 8192 113095
64 67108864 131072 16384 141654
64 67108864 262144 8192 81615
64 67108864 262144 16384 97148
64 67108864 262144 65536 211949
64 67108864 1048576 8192 62023
64 67108864 1048576 16384 63496
64 67108864 1048576 65536 91193
64 67108864 2097152 8192 61664
64 67108864 2097152 16384 61154
64 67108864 2097152 65536 74584
64 67108864 4194304 8192 45927
64 67108864 4194304 16384 59042
64 67108864 4194304 65536 58416
