8 262144 65536 8192 147
8 262144 65536 16384 185
8 262144 131072 8192 101
8 262144 131072 16384 122
8 262144 262144 8192 85
8 262144 262144 16384 92
8 262144 262144 65536 85
8 262144 1048576 8192 35
8 262144 1048576 16384 35
8 262144 1048576 65536 35
8 262144 1048576 131072 34
8 262144 2097152 8192 35
8 262144 2097152 16384 34
8 262144 2097152 65536 34
8 262144 2097152 131072 35
8 262144 2097152 524288 35
8 262144 4194304 8192 36
8 262144 4194304 16384 46
8 262144 4194304 65536 35
8 262144 4194304 131072 33
8 262144 4194304 524288 35
8 262144 8388608 8192 34
8 262144 8388608 16384 34
8 262144 8388608 65536 35
8 262144 8388608 131072 35
8 262144 8388608 524288 35
8 1048576 65536 8192 899
8 1048576 65536 16384 1162
8 1048576 131072 8192 676
8 1048576 131072 16384 652
8 1048576 262144 8192 445
8 1048576 262144 16384 421
8 1048576 262144 65536 746
8 1048576 1048576 8192 348
8 1048576 1048576 16384 333
8 1048576 1048576 65536 339
8 1048576 1048576 131072 367
8 1048576 2097152 8192 131
8 1048576 2097152 16384 132
8 1048576 2097152 65536 133
8 1048576 2097152 131072 133
8 1048576 2097152 524288 131
8 1048576 4194304 8192 196
8 1048576 4194304 16384 132
8 1048576 4194304 65536 140
8 1048576 4194304 131072 138
8 1048576 4194304 524288 133
8 1048576 8388608 8192 133
8 1048576 8388608 16384 136
8 1048576 8388608 65536 132
8 1048576 8388608 131072 132
8 1048576 8388608 524288 132
8 4194304 65536 8192 4636
8 4194304 65536 16384 6322
8 4194304 131072 8192 2944
8 4194304 131072 16384 3805
8 4194304 262144 8192 2876
8 4194304 262144 16384 2833
8 4194304 262144 65536 4710
8 4194304 1048576 8192 1731
8 4194304 1048576 16384 1765
8 4194304 1048576 65536 1798
8 4194304 1048576 131072 2436
8 4194304 2097152 8192 1617
8 4194304 2097152 16384 1670
8 4194304 2097152 65536 1705
8 4194304 2097152 131072 1632
8 4194304 2097152 524288 2228
8 4194304 4194304 8192 1375
8 4194304 4194304 16384 1388
8 4194304 4194304 65536 1376
8 4194304 4194304 131072 1368
8 4194304 4194304 524288 1402
8 4194304 8388608 8192 545
8 4194304 8388608 16384 557
8 4194304 8388608 65536 566
8 4194304 8388608 131072 545
8 4194304 8388608 524288 565
8 16777216 65536 8192 22982
8 16777216 65536 16384 31895
8 16777216 131072 8192 16200
8 16777216 131072 16384 19672
8 16777216 262144 8192 13015
8 16777216 262144 16384 15277
8 16777216 262144 65536 25361
8 16777216 1048576 8192 8710
8 16777216 1048576 16384 8766
8 16777216 1048576 65536 11408
8 16777216 1048576 131072 14290
8 16777216 2097152 8192 8258
8 16777216 2097152 16384 8299
8 16777216 2097152 65536 8243
8 16777216 2097152 131072 10440
8 16777216 2097152 524288 15410
8 16777216 4194304 8192 7136
8 16777216 4194304 16384 7129
8 16777216 4194304 65536 7099
8 16777216 4194304 131072 7187
8 16777216 4194304 524288 9947
8 16777216 8388608 8192 6748
8 16777216 8388608 16384 6716
8 16777216 8388608 65536 6708
8 16777216 8388608 131072 6741
8 16777216 8388608 524288 6717
8 67108864 65536 8192 99410
8 67108864 65536 16384 150939
8 67108864 131072 8192 73225
8 67108864 131072 16384 87475
8 67108864 262144 8192 61767
8 67108864 262144 16384 62796
8 67108864 262144 65536 124677
8 67108864 1048576 8192 45008
8 67108864 1048576 16384 46716
8 67108864 1048576 65536 55515
8 67108864 1048576 131072 67549
8 67108864 2097152 8192 35741
8 67108864 2097152 16384 35767
8 67108864 2097152 65536 44732
8 67108864 2097152 131072 44751
8 67108864 2097152 524288 85264
8 67108864 4194304 8192 32676
8 67108864 4194304 16384 32681
8 67108864 4194304 65536 32711
8 67108864 4194304 131072 40712
8 67108864 4194304 524288 51728
8 67108864 8388608 8192 28481
8 67108864 8388608 16384 28442
8 67108864 8388608 65536 28532
8 67108864 8388608 131072 28396
8 67108864 8388608 524288 37650
16 262144 65536 8192 176
16 262144 65536 16384 248
16 262144 131072 8192 122
16 262144 131072 16384 199
16 262144 262144 8192 110
16 262144 262144 16384 113
16 262144 262144 65536 144
16 262144 1048576 8192 43
16 262144 1048576 16384 44
16 262144 1048576 65536 43
16 262144 1048576 131072 41
16 262144 2097152 8192 43
16 262144 2097152 16384 41
16 262144 2097152 65536 54
16 262144 2097152 131072 46
16 262144 2097152 524288 41
16 262144 4194304 8192 44
16 262144 4194304 16384 41
16 262144 4194304 65536 43
16 262144 4194304 131072 41
16 262144 4194304 524288 42
16 262144 8388608 8192 42
16 262144 8388608 16384 42
16 262144 8388608 65536 42
16 262144 8388608 131072 44
16 262144 8388608 524288 41
16 1048576 65536 8192 987
16 1048576 65536 16384 1452
16 1048576 131072 8192 772
16 1048576 131072 16384 951
16 1048576 262144 8192 520
16 1048576 262144 16384 711
16 1048576 262144 65536 1013
16 1048576 1048576 8192 429
16 1048576 1048576 16384 455
16 1048576 1048576 65536 435
16 1048576 1048576 131072 449
16 1048576 2097152 8192 371
16 1048576 2097152 16384 408
16 1048576 2097152 65536 371
16 1048576 2097152 131072 389
16 1048576 2097152 524288 375
16 1048576 4194304 8192 167
16 1048576 4194304 16384 173
16 1048576 4194304 65536 194
16 1048576 4194304 131072 167
16 1048576 4194304 524288 167
16 1048576 8388608 8192 166
16 1048576 8388608 16384 166
16 1048576 8388608 65536 184
16 1048576 8388608 131072 167
16 1048576 8388608 524288 167
16 4194304 65536 8192 5096
16 4194304 65536 16384 7492
16 4194304 131072 8192 4091
16 4194304 131072 16384 4876
16 4194304 262144 8192 3218
16 4194304 262144 16384 3225
16 4194304 262144 65536 5786
16 4194304 1048576 8192 2132
16 4194304 1048576 16384 2171
16 4194304 1048576 65536 2774
16 4194304 1048576 131072 2843
16 4194304 2097152 8192 1990
16 4194304 2097152 16384 2005
16 4194304 2097152 65536 1965
16 4194304 2097152 131072 2014
16 4194304 2097152 524288 3187
16 4194304 4194304 8192 1826
16 4194304 4194304 16384 1787
16 4194304 4194304 65536 1824
16 4194304 4194304 131072 1782
16 4194304 4194304 524288 1831
16 4194304 8388608 8192 1577
16 4194304 8388608 16384 1565
16 4194304 8388608 65536 1535
16 4194304 8388608 131072 1585
16 4194304 8388608 524288 1538
16 16777216 65536 8192 24830
16 16777216 65536 16384 36669
16 16777216 131072 8192 18229
16 16777216 131072 16384 23732
16 16777216 262144 8192 14593
16 16777216 262144 16384 17504
16 16777216 262144 65536 29687
16 16777216 1048576 8192 10449
16 16777216 1048576 16384 12848
16 16777216 1048576 65536 12998
16 16777216 1048576 131072 16010
16 16777216 2097152 8192 9579
16 16777216 2097152 16384 9574
16 16777216 2097152 65536 12053
16 16777216 2097152 131072 12367
16 16777216 2097152 524288 19626
16 16777216 4194304 8192 8870
16 16777216 4194304 16384 8783
16 16777216 4194304 65536 8811
16 16777216 4194304 131072 8825
16 16777216 4194304 524288 11644
16 16777216 8388608 8192 7933
16 16777216 8388608 16384 7895
16 16777216 8388608 65536 7931
16 16777216 8388608 131072 7898
16 16777216 8388608 524288 7900
16 67108864 65536 8192 98735
16 67108864 65536 16384 165017
16 67108864 131072 8192 75101
16 67108864 131072 16384 96709
16 67108864 262144 8192 61948
16 67108864 262144 16384 73223
16 67108864 262144 65536 138021
16 67108864 1048576 8192 46668
16 67108864 1048576 16384 47044
16 67108864 1048576 65536 57615
16 67108864 1048576 131072 68288
16 67108864 2097152 8192 37506
16 67108864 2097152 16384 45571
16 67108864 2097152 65536 44744
16 67108864 2097152 131072 55724
16 67108864 2097152 524288 98722
16 67108864 4194304 8192 33220
16 67108864 4194304 16384 33175
16 67108864 4194304 65536 42682
16 67108864 4194304 131072 42069
16 67108864 4194304 524288 52951
16 67108864 8388608 8192 29774
16 67108864 8388608 16384 29771
16 67108864 8388608 65536 29708
16 67108864 8388608 131072 29755
16 67108864 8388608 524288 39765
32 262144 65536 8192 234
32 262144 65536 16384 327
32 262144 131072 8192 177
32 262144 131072 16384 180
32 262144 262144 8192 130
32 262144 262144 16384 127
32 262144 262144 65536 214
32 262144 1048576 8192 95
32 262144 1048576 16384 94
32 262144 1048576 65536 94
32 262144 1048576 131072 96
32 262144 2097152 8192 41
32 262144 2097152 16384 41
32 262144 2097152 65536 42
32 262144 2097152 131072 43
32 262144 2097152 524288 44
32 262144 4194304 8192 41
32 262144 4194304 16384 41
32 262144 4194304 65536 41
32 262144 4194304 131072 41
32 262144 4194304 524288 41
32 262144 8388608 8192 41
32 262144 8388608 16384 42
32 262144 8388608 65536 41
32 262144 8388608 131072 40
32 262144 8388608 524288 51
32 1048576 65536 8192 1312
32 1048576 65536 16384 1692
32 1048576 131072 8192 851
32 1048576 131072 16384 1050
32 1048576 262144 8192 781
32 1048576 262144 16384 810
32 1048576 262144 65536 1246
32 1048576 1048576 8192 525
32 1048576 1048576 16384 508
32 1048576 1048576 65536 536
32 1048576 1048576 131072 695
32 1048576 2097152 8192 460
32 1048576 2097152 16384 519
32 1048576 2097152 65536 458
32 1048576 2097152 131072 494
32 1048576 2097152 524288 595
32 1048576 4194304 8192 417
32 1048576 4194304 16384 386
32 1048576 4194304 65536 415
32 1048576 4194304 131072 386
32 1048576 4194304 524288 420
32 1048576 8388608 8192 173
32 1048576 8388608 16384 173
32 1048576 8388608 65536 173
32 1048576 8388608 131072 205
32 1048576 8388608 524288 174
32 4194304 65536 8192 6240
32 4194304 65536 16384 8596
32 4194304 131072 8192 4632
32 4194304 131072 16384 5360
32 4194304 262144 8192 3661
32 4194304 262144 16384 4358
32 4194304 262144 65536 6954
32 4194304 1048576 8192 2564
32 4194304 1048576 16384 2573
32 4194304 1048576 65536 3303
32 4194304 1048576 131072 3926
32 4194304 2097152 8192 2331
32 4194304 2097152 16384 2317
32 4194304 2097152 65536 2315
32 4194304 2097152 131072 3008
32 4194304 2097152 524288 4292
32 4194304 4194304 8192 2151
32 4194304 4194304 16384 2142
32 4194304 4194304 65536 2189
32 4194304 4194304 131072 2139
32 4194304 4194304 524288 2826
32 4194304 8388608 8192 1927
32 4194304 8388608 16384 1914
32 4194304 8388608 65536 1953
32 4194304 8388608 131072 1907
32 4194304 8388608 524288 1929
32 16777216 65536 8192 26106
32 16777216 65536 16384 39339
32 16777216 131072 8192 19756
32 16777216 131072 16384 22940
32 16777216 262144 8192 16231
32 16777216 262144 16384 16619
32 16777216 262144 65536 32481
32 16777216 1048576 8192 12092
32 16777216 1048576 16384 12605
32 16777216 1048576 65536 14996
32 16777216 1048576 131072 17683
32 16777216 2097152 8192 10094
32 16777216 2097152 16384 10134
32 16777216 2097152 65536 11847
32 16777216 2097152 131072 11782
32 16777216 2097152 524288 22248
32 16777216 4194304 8192 9009
32 16777216 4194304 16384 8974
32 16777216 4194304 65536 8972
32 16777216 4194304 131072 10744
32 16777216 4194304 524288 13623
32 16777216 8388608 8192 8036
32 16777216 8388608 16384 8071
32 16777216 8388608 65536 8044
32 16777216 8388608 131072 8117
32 16777216 8388608 524288 10144
32 67108864 65536 8192 110212
32 67108864 65536 16384 178113
32 67108864 131072 8192 75960
32 67108864 131072 16384 97691
32 67108864 262144 8192 62713
32 67108864 262144 16384 74278
32 67108864 262144 65536 151835
32 67108864 1048576 8192 47562
32 67108864 1048576 16384 48737
32 67108864 1048576 65536 58636
32 67108864 1048576 131072 79984
32 67108864 2097152 8192 47403
32 67108864 2097152 16384 47115
32 67108864 2097152 65536 46577
32 67108864 2097152 131072 57232
32 67108864 2097152 524288 111899
32 67108864 4194304 8192 35089
32 67108864 4194304 16384 35103
32 67108864 4194304 65536 44382
32 67108864 4194304 131072 43294
32 67108864 4194304 524288 64743
32 67108864 8388608 8192 31834
32 67108864 8388608 16384 31893
32 67108864 8388608 65536 31814
32 67108864 8388608 131072 41440
32 67108864 8388608 524288 41272
64 262144 65536 8192 243
64 262144 65536 16384 363
64 262144 131072 8192 188
64 262144 131072 16384 224
64 262144 262144 8192 133
64 262144 262144 16384 172
64 262144 262144 65536 248
64 262144 1048576 8192 108
64 262144 1048576 16384 108
64 262144 1048576 65536 112
64 262144 1048576 131072 108
64 262144 2097152 8192 92
64 262144 2097152 16384 112
64 262144 2097152 65536 92
64 262144 2097152 131072 91
64 262144 2097152 524288 92
64 262144 4194304 8192 40
64 262144 4194304 16384 40
64 262144 4194304 65536 40
64 262144 4194304 131072 47
64 262144 4194304 524288 41
64 262144 8388608 8192 40
64 262144 8388608 16384 43
64 262144 8388608 65536 48
64 262144 8388608 131072 41
64 262144 8388608 524288 41
64 1048576 65536 8192 1294
64 1048576 65536 16384 1843
64 1048576 131072 8192 1058
64 1048576 131072 16384 1220
64 1048576 262144 8192 828
64 1048576 262144 16384 838
64 1048576 262144 65536 1459
64 1048576 1048576 8192 552
64 1048576 1048576 16384 610
64 1048576 1048576 65536 716
64 1048576 1048576 131072 744
64 1048576 2097152 8192 497
64 1048576 2097152 16384 525
64 1048576 2097152 65536 496
64 1048576 2097152 131072 529
64 1048576 2097152 524288 831
64 1048576 4194304 8192 445
64 1048576 4194304 16384 471
64 1048576 4194304 65536 444
64 1048576 4194304 131072 466
64 1048576 4194304 524288 445
64 1048576 8388608 8192 405
64 1048576 8388608 16384 378
64 1048576 8388608 65536 411
64 1048576 8388608 131072 377
64 1048576 8388608 524288 433
64 4194304 65536 8192 6409
64 4194304 65536 16384 9120
64 4194304 131072 8192 4779
64 4194304 131072 16384 6026
64 4194304 262144 8192 3834
64 4194304 262144 16384 4509
64 4194304 262144 65536 7453
64 4194304 1048576 8192 2748
64 4194304 1048576 16384 3349
64 4194304 1048576 65536 3496
64 4194304 1048576 131072 4133
64 4194304 2097152 8192 2575
64 4194304 2097152 16384 2560
64 4194304 2097152 65536 3135
64 4194304 2097152 131072 3216
64 4194304 2097152 524288 4945
64 4194304 4194304 8192 2296
64 4194304 4194304 16384 2287
64 4194304 4194304 65536 2324
64 4194304 4194304 131072 2311
64 4194304 4194304 524288 3002
64 4194304 8388608 8192 2153
64 4194304 8388608 16384 2111
64 4194304 8388608 65536 2121
64 4194304 8388608 131072 2127
64 4194304 8388608 524288 2122
64 16777216 65536 8192 23921
64 16777216 65536 16384 39623
64 16777216 131072 8192 18498
64 16777216 131072 16384 23279
64 16777216 262144 8192 15216
64 16777216 262144 16384 17981
64 16777216 262144 65536 33449
64 16777216 1048576 8192 11512
64 16777216 1048576 16384 12061
64 16777216 1048576 65536 14331
64 16777216 1048576 131072 16446
64 16777216 2097152 8192 9303
64 16777216 2097152 16384 11437
64 16777216 2097152 65536 11518
64 16777216 2097152 131072 13578
64 16777216 2097152 524288 23840
64 16777216 4194304 8192 8216
64 16777216 4194304 16384 8244
64 16777216 4194304 65536 10643
64 16777216 4194304 131072 10327
64 16777216 4194304 524288 12812
64 16777216 8388608 8192 7498
64 16777216 8388608 16384 7522
64 16777216 8388608 65536 7491
64 16777216 8388608 131072 7542
64 16777216 8388608 524288 9840
64 67108864 65536 8192 106044
64 67108864 65536 16384 182223
64 67108864 131072 8192 85093
64 67108864 131072 16384 103467
64 67108864 262144 8192 62263
64 67108864 262144 16384 73516
64 67108864 262144 65536 156953
64 67108864 1048576 8192 47967
64 67108864 1048576 16384 48987
64 67108864 1048576 65536 68580
64 67108864 1048576 131072 77656
64 67108864 2097152 8192 47534
64 67108864 2097152 16384 47237
64 67108864 2097152 65536 56605
64 67108864 2097152 131072 57102
64 67108864 2097152 524288 119215
64 67108864 4194304 8192 36155
64 67108864 4194304 16384 45299
64 67108864 4194304 65536 44840
64 67108864 4194304 131072 43670
64 67108864 4194304 524288 63340
64 67108864 8388608 8192 33622
64 67108864 8388608 16384 33413
64 67108864 8388608 65536 42541
64 67108864 8388608 131072 42214
64 67108864 8388608 524288 52117
