8 262144 65536 8192 139
8 262144 65536 16384 175
8 262144 131072 8192 91
8 262144 131072 16384 93
8 262144 262144 8192 78
8 262144 262144 16384 79
8 262144 262144 65536 84
8 262144 1048576 8192 30
8 262144 1048576 16384 29
8 262144 1048576 65536 28
8 262144 1048576 131072 29
8 262144 2097152 8192 29
8 262144 2097152 16384 29
8 262144 2097152 65536 28
8 262144 2097152 131072 29
8 262144 2097152 524288 29
8 262144 4194304 8192 29
8 262144 4194304 16384 28
8 262144 4194304 65536 29
8 262144 4194304 131072 29
8 262144 4194304 524288 29
8 262144 8388608 8192 28
8 262144 8388608 16384 29
8 262144 8388608 65536 28
8 262144 8388608 131072 28
8 262144 8388608 524288 28
8 1048576 65536 8192 854
8 1048576 65536 16384 1146
8 1048576 131072 8192 626
8 1048576 131072 16384 669
8 1048576 262144 8192 426
8 1048576 262144 16384 424
8 1048576 262144 65536 -116
8 1048576 1048576 8192 336
8 1048576 1048576 16384 336
8 1048576 1048576 65536 338
8 1048576 1048576 131072 332
8 1048576 2097152 8192 127
8 1048576 2097152 16384 123
8 1048576 2097152 65536 124
8 1048576 2097152 131072 127
8 1048576 2097152 524288 124
8 1048576 4194304 8192 127
8 1048576 4194304 16384 123
8 1048576 4194304 65536 124
8 1048576 4194304 131072 127
8 1048576 4194304 524288 127
8 1048576 8388608 8192 129
8 1048576 8388608 16384 129
8 1048576 8388608 65536 127
8 1048576 8388608 131072 127
8 1048576 8388608 524288 128
8 4194304 65536 8192 4662
8 4194304 65536 16384 6761
8 4194304 131072 8192 3039
8 4194304 131072 16384 4067
8 4194304 262144 8192 3016
8 4194304 262144 16384 3077
8 4194304 262144 65536 5396
8 4194304 1048576 8192 2529
8 4194304 1048576 16384 2136
8 4194304 1048576 65536 2113
8 4194304 1048576 131072 2866
8 4194304 2097152 8192 1843
8 4194304 2097152 16384 1860
8 4194304 2097152 65536 1854
8 4194304 2097152 131072 1845
8 4194304 2097152 524288 2554
8 4194304 4194304 8192 1576
8 4194304 4194304 16384 1553
8 4194304 4194304 65536 1548
8 4194304 4194304 131072 1534
8 4194304 4194304 524288 1562
8 4194304 8388608 8192 611
8 4194304 8388608 16384 618
8 4194304 8388608 65536 613
8 4194304 8388608 131072 615
8 4194304 8388608 524288 613
8 16777216 65536 8192 25245
8 16777216 65536 16384 35794
8 16777216 131072 8192 18284
8 16777216 131072 16384 22637
8 16777216 262144 8192 14913
8 16777216 262144 16384 17573
8 16777216 262144 65536 30545
8 16777216 1048576 8192 10278
8 16777216 1048576 16384 10236
8 16777216 1048576 65536 13549
8 16777216 1048576 131072 17601
8 16777216 2097152 8192 9614
8 16777216 2097152 16384 9632
8 16777216 2097152 65536 9777
8 16777216 2097152 131072 12684
8 16777216 2097152 524288 19227
8 16777216 4194304 8192 8458
8 16777216 4194304 16384 8695
8 16777216 4194304 65536 8764
8 16777216 4194304 131072 8525
8 16777216 4194304 524288 12327
8 16777216 8388608 8192 8045
8 16777216 8388608 16384 8191
8 16777216 8388608 65536 8197
8 16777216 8388608 131072 8383
8 16777216 8388608 524288 8421
8 67108864 65536 8192 127222
8 67108864 65536 16384 191538
8 67108864 131072 8192 98471
8 67108864 131072 16384 115291
8 67108864 262144 8192 80388
8 67108864 262144 16384 85608
8 67108864 262144 65536 155216
8 67108864 1048576 8192 50260
8 67108864 1048576 16384 51541
8 67108864 1048576 65536 59878
8 67108864 1048576 131072 74200
8 67108864 2097152 8192 38498
8 67108864 2097152 16384 42502
8 67108864 2097152 65536 57594
8 67108864 2097152 131072 57649
8 67108864 2097152 524288 112557
8 67108864 4194304 8192 42162
8 67108864 4194304 16384 42144
8 67108864 4194304 65536 41962
8 67108864 4194304 131072 52630
8 67108864 4194304 524288 70370
8 67108864 8388608 8192 36990
8 67108864 8388608 16384 37412
8 67108864 8388608 65536 37300
8 67108864 8388608 131072 36493
8 67108864 8388608 524288 50098
16 262144 65536 8192 238
16 262144 65536 16384 325
16 262144 131072 8192 154
16 262144 131072 16384 214
16 262144 262144 8192 140
16 262144 262144 16384 139
16 262144 262144 65536 190
16 262144 1048576 8192 49
16 262144 1048576 16384 50
16 262144 1048576 65536 50
16 262144 1048576 131072 47
16 262144 2097152 8192 51
16 262144 2097152 16384 51
16 262144 2097152 65536 52
16 262144 2097152 131072 57
16 262144 2097152 524288 50
16 262144 4194304 8192 49
16 262144 4194304 16384 49
16 262144 4194304 65536 54
16 262144 4194304 131072 49
16 262144 4194304 524288 51
16 262144 8388608 8192 49
16 262144 8388608 16384 49
16 262144 8388608 65536 48
16 262144 8388608 131072 48
16 262144 8388608 524288 50
16 1048576 65536 8192 1391
16 1048576 65536 16384 2031
16 1048576 131072 8192 1035
16 1048576 131072 16384 1286
16 1048576 262144 8192 694
16 1048576 262144 16384 960
16 1048576 262144 65536 1372
16 1048576 1048576 8192 607
16 1048576 1048576 16384 553
16 1048576 1048576 65536 655
16 1048576 1048576 131072 598
16 1048576 2097152 8192 509
16 1048576 2097152 16384 510
16 1048576 2097152 65536 488
16 1048576 2097152 131072 492
16 1048576 2097152 524288 502
16 1048576 4194304 8192 220
16 1048576 4194304 16384 210
16 1048576 4194304 65536 222
16 1048576 4194304 131072 248
16 1048576 4194304 524288 233
16 1048576 8388608 8192 226
16 1048576 8388608 16384 238
16 1048576 8388608 65536 226
16 1048576 8388608 131072 226
16 1048576 8388608 524288 234
16 4194304 65536 8192 6755
16 4194304 65536 16384 10399
16 4194304 131072 8192 5495
16 4194304 131072 16384 6548
16 4194304 262144 8192 4316
16 4194304 262144 16384 4394
16 4194304 262144 65536 7939
16 4194304 1048576 8192 2913
16 4194304 1048576 16384 2932
16 4194304 1048576 65536 3850
16 4194304 1048576 131072 3733
16 4194304 2097152 8192 2648
16 4194304 2097152 16384 2668
16 4194304 2097152 65536 2669
16 4194304 2097152 131072 2648
16 4194304 2097152 524288 4427
16 4194304 4194304 8192 2514
16 4194304 4194304 16384 2471
16 4194304 4194304 65536 2330
16 4194304 4194304 131072 2559
16 4194304 4194304 524288 2408
16 4194304 8388608 8192 2290
16 4194304 8388608 16384 2029
16 4194304 8388608 65536 2033
16 4194304 8388608 131072 2066
16 4194304 8388608 524288 2106
16 16777216 65536 8192 34059
16 16777216 65536 16384 49378
16 16777216 131072 8192 20473
16 16777216 131072 16384 26445
16 16777216 262144 8192 15683
16 16777216 262144 16384 18883
16 16777216 262144 65536 32738
16 16777216 1048576 8192 11037
16 16777216 1048576 16384 13838
16 16777216 1048576 65536 14029
16 16777216 1048576 131072 17621
16 16777216 2097152 8192 10246
16 16777216 2097152 16384 10214
16 16777216 2097152 65536 12825
16 16777216 2097152 131072 13371
16 16777216 2097152 524288 21016
16 16777216 4194304 8192 9238
16 16777216 4194304 16384 9224
16 16777216 4194304 65536 9247
16 16777216 4194304 131072 9227
16 16777216 4194304 524288 12821
16 16777216 8388608 8192 8549
16 16777216 8388608 16384 8451
16 16777216 8388608 65536 8497
16 16777216 8388608 131072 8534
16 16777216 8388608 524288 8524
16 67108864 65536 8192 106716
16 67108864 65536 16384 177964
16 67108864 131072 8192 79882
16 67108864 131072 16384 103610
16 67108864 262144 8192 65322
16 67108864 262144 16384 77654
16 67108864 262144 65536 146545
16 67108864 1048576 8192 48884
16 67108864 1048576 16384 49375
16 67108864 1048576 65536 60897
16 67108864 1048576 131072 71790
16 67108864 2097152 8192 38079
16 67108864 2097152 16384 47375
16 67108864 2097152 65536 46728
16 67108864 2097152 131072 58602
16 67108864 2097152 524288 104752
16 67108864 4194304 8192 33598
16 67108864 4194304 16384 33605
16 67108864 4194304 65536 43927
16 67108864 4194304 131072 43489
16 67108864 4194304 524288 55209
16 67108864 8388608 8192 30356
16 67108864 8388608 16384 29909
16 67108864 8388608 65536 29857
16 67108864 8388608 131072 29971
16 67108864 8388608 524288 41780
32 262144 65536 8192 234
32 262144 65536 16384 319
32 262144 131072 8192 181
32 262144 131072 16384 188
32 262144 262144 8192 131
32 262144 262144 16384 125
32 262144 262144 65536 210
32 262144 1048576 8192 93
32 262144 1048576 16384 95
32 262144 1048576 65536 96
32 262144 1048576 131072 97
32 262144 2097152 8192 40
32 262144 2097152 16384 40
32 262144 2097152 65536 40
32 262144 2097152 131072 38
32 262144 2097152 524288 39
32 262144 4194304 8192 38
32 262144 4194304 16384 39
32 262144 4194304 65536 38
32 262144 4194304 131072 38
32 262144 4194304 524288 40
32 262144 8388608 8192 41
32 262144 8388608 16384 39
32 262144 8388608 65536 39
32 262144 8388608 131072 38
32 262144 8388608 524288 40
32 1048576 65536 8192 1293
32 1048576 65536 16384 1772
32 1048576 131072 8192 857
32 1048576 131072 16384 1073
32 1048576 262144 8192 813
32 1048576 262144 16384 814
32 1048576 262144 65536 1313
32 1048576 1048576 8192 536
32 1048576 1048576 16384 534
32 1048576 1048576 65536 531
32 1048576 1048576 131072 704
32 1048576 2097152 8192 482
32 1048576 2097152 16384 481
32 1048576 2097152 65536 481
32 1048576 2097152 131072 476
32 1048576 2097152 524288 644
32 1048576 4194304 8192 418
32 1048576 4194304 16384 414
32 1048576 4194304 65536 415
32 1048576 4194304 131072 401
32 1048576 4194304 524288 410
32 1048576 8388608 8192 185
32 1048576 8388608 16384 185
32 1048576 8388608 65536 178
32 1048576 8388608 131072 182
32 1048576 8388608 524288 182
32 4194304 65536 8192 6412
32 4194304 65536 16384 8956
32 4194304 131072 8192 4766
32 4194304 131072 16384 5503
32 4194304 262144 8192 3778
32 4194304 262144 16384 4511
32 4194304 262144 65536 7171
32 4194304 1048576 8192 2632
32 4194304 1048576 16384 2641
32 4194304 1048576 65536 3402
32 4194304 1048576 131072 4046
32 4194304 2097152 8192 2416
32 4194304 2097152 16384 2433
32 4194304 2097152 65536 2405
32 4194304 2097152 131072 3109
32 4194304 2097152 524288 4451
32 4194304 4194304 8192 2214
32 4194304 4194304 16384 2184
32 4194304 4194304 65536 2180
32 4194304 4194304 131072 2234
32 4194304 4194304 524288 2937
32 4194304 8388608 8192 2058
32 4194304 8388608 16384 2041
32 4194304 8388608 65536 2050
32 4194304 8388608 131072 2013
32 4194304 8388608 524288 2023
32 16777216 65536 8192 26925
32 16777216 65536 16384 40770
32 16777216 131072 8192 20390
32 16777216 131072 16384 23791
32 16777216 262144 8192 16643
32 16777216 262144 16384 17153
32 16777216 262144 65536 33759
32 16777216 1048576 8192 12430
32 16777216 1048576 16384 13005
32 16777216 1048576 65536 15443
32 16777216 1048576 131072 18418
32 16777216 2097152 8192 10591
32 16777216 2097152 16384 10234
32 16777216 2097152 65536 12246
32 16777216 2097152 131072 12254
32 16777216 2097152 524288 23301
32 16777216 4194304 8192 9216
32 16777216 4194304 16384 9381
32 16777216 4194304 65536 9193
32 16777216 4194304 131072 11200
32 16777216 4194304 524288 14254
32 16777216 8388608 8192 8229
32 16777216 8388608 16384 8517
32 16777216 8388608 65536 8357
32 16777216 8388608 131072 8560
32 16777216 8388608 524288 10450
32 67108864 65536 8192 114874
32 67108864 65536 16384 187380
32 67108864 131072 8192 80101
32 67108864 131072 16384 103480
32 67108864 262144 8192 66008
32 67108864 262144 16384 78625
32 67108864 262144 65536 163763
32 67108864 1048576 8192 51832
32 67108864 1048576 16384 52421
32 67108864 1048576 65536 62786
32 67108864 1048576 131072 86466
32 67108864 2097152 8192 50277
32 67108864 2097152 16384 50568
32 67108864 2097152 65536 50109
32 67108864 2097152 131072 60734
32 67108864 2097152 524288 118494
32 67108864 4194304 8192 37251
32 67108864 4194304 16384 36980
32 67108864 4194304 65536 48174
32 67108864 4194304 131072 46958
32 67108864 4194304 524288 69744
32 67108864 8388608 8192 33748
32 67108864 8388608 16384 34184
32 67108864 8388608 65536 34236
32 67108864 8388608 131072 44800
32 67108864 8388608 524288 44489
64 262144 65536 8192 265
64 262144 65536 16384 387
64 262144 131072 8192 205
64 262144 131072 16384 252
64 262144 262144 8192 142
64 262144 262144 16384 187
64 262144 262144 65536 272
64 262144 1048576 8192 119
64 262144 1048576 16384 117
64 262144 1048576 65536 121
64 262144 1048576 131072 122
64 262144 2097152 8192 103
64 262144 2097152 16384 96
64 262144 2097152 65536 100
64 262144 2097152 131072 97
64 262144 2097152 524288 100
64 262144 4194304 8192 41
64 262144 4194304 16384 41
64 262144 4194304 65536 41
64 262144 4194304 131072 42
64 262144 4194304 524288 42
64 262144 8388608 8192 41
64 262144 8388608 16384 42
64 262144 8388608 65536 42
64 262144 8388608 131072 41
64 262144 8388608 524288 43
64 1048576 65536 8192 1463
64 1048576 65536 16384 2009
64 1048576 131072 8192 1123
64 1048576 131072 16384 1320
64 1048576 262144 8192 895
64 1048576 262144 16384 899
64 1048576 262144 65536 1560
64 1048576 1048576 8192 594
64 1048576 1048576 16384 594
64 1048576 1048576 65536 767
64 1048576 1048576 131072 792
64 1048576 2097152 8192 549
64 1048576 2097152 16384 553
64 1048576 2097152 65536 564
64 1048576 2097152 131072 536
64 1048576 2097152 524288 906
64 1048576 4194304 8192 497
64 1048576 4194304 16384 507
64 1048576 4194304 65536 496
64 1048576 4194304 131072 502
64 1048576 4194304 524288 507
64 1048576 8388608 8192 431
64 1048576 8388608 16384 431
64 1048576 8388608 65536 434
64 1048576 8388608 131072 433
64 1048576 8388608 524288 423
64 4194304 65536 8192 6910
64 4194304 65536 16384 10361
64 4194304 131072 8192 5098
64 4194304 131072 16384 6620
64 4194304 262144 8192 4027
64 4194304 262144 16384 4846
64 4194304 262144 65536 8163
64 4194304 1048576 8192 2973
64 4194304 1048576 16384 3725
64 4194304 1048576 65536 3728
64 4194304 1048576 131072 4607
64 4194304 2097152 8192 2770
64 4194304 2097152 16384 2755
64 4194304 2097152 65536 3442
64 4194304 2097152 131072 3548
64 4194304 2097152 524288 5566
64 4194304 4194304 8192 2458
64 4194304 4194304 16384 2475
64 4194304 4194304 65536 2429
64 4194304 4194304 131072 2461
64 4194304 4194304 524288 3248
64 4194304 8388608 8192 2246
64 4194304 8388608 16384 2282
64 4194304 8388608 65536 2263
64 4194304 8388608 131072 2269
64 4194304 8388608 524288 2253
64 16777216 65536 8192 26746
64 16777216 65536 16384 44378
64 16777216 131072 8192 20213
64 16777216 131072 16384 26450
64 16777216 262144 8192 16690
64 16777216 262144 16384 19628
64 16777216 262144 65536 37573
64 16777216 1048576 8192 12559
64 16777216 1048576 16384 13043
64 16777216 1048576 65536 15699
64 16777216 1048576 131072 18523
64 16777216 2097152 8192 10050
64 16777216 2097152 16384 12681
64 16777216 2097152 65536 12492
64 16777216 2097152 131072 14986
64 16777216 2097152 524288 27072
64 16777216 4194304 8192 8863
64 16777216 4194304 16384 8906
64 16777216 4194304 65536 11680
64 16777216 4194304 131072 11449
64 16777216 4194304 524288 14661
64 16777216 8388608 8192 8098
64 16777216 8388608 16384 8140
64 16777216 8388608 65536 7971
64 16777216 8388608 131072 8211
64 16777216 8388608 524288 10879
64 67108864 65536 8192 121143
64 67108864 65536 16384 204468
64 67108864 131072 8192 94521
64 67108864 131072 16384 117712
64 67108864 262144 8192 67713
64 67108864 262144 16384 80692
64 67108864 262144 65536 177078
64 67108864 1048576 8192 51980
64 67108864 1048576 16384 52896
64 67108864 1048576 65536 75819
64 67108864 1048576 131072 87367
64 67108864 2097152 8192 51883
64 67108864 2097152 16384 51649
64 67108864 2097152 65536 61991
64 67108864 2097152 131072 62580
64 67108864 2097152 524288 134305
64 67108864 4194304 8192 38661
64 67108864 4194304 16384 49613
64 67108864 4194304 65536 48882
64 67108864 4194304 131072 47748
64 67108864 4194304 524288 71917
64 67108864 8388608 8192 36042
64 67108864 8388608 16384 36077
64 67108864 8388608 65536 46588
64 67108864 8388608 131072 50736
64 67108864 8388608 524288 60506
