8 262144 65536 8192 39
8 262144 65536 16384 45
8 262144 131072 8192 37
8 262144 131072 16384 37
8 262144 262144 8192 43
8 262144 262144 16384 39
8 262144 262144 65536 37
8 262144 1048576 8192 35
8 262144 1048576 16384 35
8 262144 1048576 65536 35
8 262144 1048576 131072 46
8 262144 2097152 8192 34
8 262144 2097152 16384 33
8 262144 2097152 65536 34
8 262144 2097152 131072 37
8 262144 2097152 524288 35
8 262144 4194304 8192 34
8 262144 4194304 16384 34
8 262144 4194304 65536 33
8 262144 4194304 131072 33
8 262144 4194304 524288 35
8 262144 8388608 8192 33
8 262144 8388608 16384 34
8 262144 8388608 65536 34
8 262144 8388608 131072 33
8 262144 8388608 524288 35
8 1048576 65536 8192 184
8 1048576 65536 16384 197
8 1048576 131072 8192 150
8 1048576 131072 16384 153
8 1048576 262144 8192 141
8 1048576 262144 16384 140
8 1048576 262144 65536 201
8 1048576 1048576 8192 153
8 1048576 1048576 16384 154
8 1048576 1048576 65536 147
8 1048576 1048576 131072 150
8 1048576 2097152 8192 151
8 1048576 2097152 16384 132
8 1048576 2097152 65536 138
8 1048576 2097152 131072 132
8 1048576 2097152 524288 131
8 1048576 4194304 8192 131
8 1048576 4194304 16384 184
8 1048576 4194304 65536 145
8 1048576 4194304 131072 144
8 1048576 4194304 524288 166
8 1048576 8388608 8192 157
8 1048576 8388608 16384 219
8 1048576 8388608 65536 148
8 1048576 8388608 131072 140
8 1048576 8388608 524288 310
8 4194304 65536 8192 803
8 4194304 65536 16384 964
8 4194304 131072 8192 620
8 4194304 131072 16384 688
8 4194304 262144 8192 658
8 4194304 262144 16384 641
8 4194304 262144 65536 850
8 4194304 1048576 8192 593
8 4194304 1048576 16384 610
8 4194304 1048576 65536 616
8 4194304 1048576 131072 641
8 4194304 2097152 8192 649
8 4194304 2097152 16384 619
8 4194304 2097152 65536 605
8 4194304 2097152 131072 630
8 4194304 2097152 524288 680
8 4194304 4194304 8192 609
8 4194304 4194304 16384 637
8 4194304 4194304 65536 635
8 4194304 4194304 131072 607
8 4194304 4194304 524288 624
8 4194304 8388608 8192 570
8 4194304 8388608 16384 556
8 4194304 8388608 65536 577
8 4194304 8388608 131072 566
8 4194304 8388608 524288 550
8 16777216 65536 8192 3319
8 16777216 65536 16384 4280
8 16777216 131072 8192 2830
8 16777216 131072 16384 3032
8 16777216 262144 8192 2544
8 16777216 262144 16384 2852
8 16777216 262144 65536 3932
8 16777216 1048576 8192 2391
8 16777216 1048576 16384 2418
8 16777216 1048576 65536 2696
8 16777216 1048576 131072 2989
8 16777216 2097152 8192 2455
8 16777216 2097152 16384 2438
8 16777216 2097152 65536 2495
8 16777216 2097152 131072 2678
8 16777216 2097152 524288 3208
8 16777216 4194304 8192 2513
8 16777216 4194304 16384 2485
8 16777216 4194304 65536 2519
8 16777216 4194304 131072 2496
8 16777216 4194304 524288 2788
8 16777216 8388608 8192 2570
8 16777216 8388608 16384 2591
8 16777216 8388608 65536 2551
8 16777216 8388608 131072 2556
8 16777216 8388608 524288 2600
8 67108864 65536 8192 12307
8 67108864 65536 16384 17509
8 67108864 131072 8192 10261
8 67108864 131072 16384 11617
8 67108864 262144 8192 9555
8 67108864 262144 16384 9679
8 67108864 262144 65536 15916
8 67108864 1048576 8192 8716
8 67108864 1048576 16384 8755
8 67108864 1048576 65536 10015
8 67108864 1048576 131072 10912
8 67108864 2097152 8192 7993
8 67108864 2097152 16384 8046
8 67108864 2097152 65536 9002
8 67108864 2097152 131072 8976
8 67108864 2097152 524288 13118
8 67108864 4194304 8192 8224
8 67108864 4194304 16384 8197
8 67108864 4194304 65536 8163
8 67108864 4194304 131072 9132
8 67108864 4194304 524288 10390
8 67108864 8388608 8192 8429
8 67108864 8388608 16384 8376
8 67108864 8388608 65536 8430
8 67108864 8388608 131072 8396
8 67108864 8388608 524288 9327
16 262144 65536 8192 48
16 262144 65536 16384 56
16 262144 131072 8192 46
16 262144 131072 16384 49
16 262144 262144 8192 47
16 262144 262144 16384 46
16 262144 262144 65536 49
16 262144 1048576 8192 44
16 262144 1048576 16384 55
16 262144 1048576 65536 43
16 262144 1048576 131072 43
16 262144 2097152 8192 42
16 262144 2097152 16384 42
16 262144 2097152 65536 42
16 262144 2097152 131072 44
16 262144 2097152 524288 43
16 262144 4194304 8192 41
16 262144 4194304 16384 43
16 262144 4194304 65536 41
16 262144 4194304 131072 43
16 262144 4194304 524288 43
16 262144 8388608 8192 42
16 262144 8388608 16384 43
16 262144 8388608 65536 44
16 262144 8388608 131072 49
16 262144 8388608 524288 42
16 1048576 65536 8192 210
16 1048576 65536 16384 251
16 1048576 131072 8192 189
16 1048576 131072 16384 225
16 1048576 262144 8192 180
16 1048576 262144 16384 191
16 1048576 262144 65536 219
16 1048576 1048576 8192 200
16 1048576 1048576 16384 186
16 1048576 1048576 65536 181
16 1048576 1048576 131072 187
16 1048576 2097152 8192 181
16 1048576 2097152 16384 209
16 1048576 2097152 65536 182
16 1048576 2097152 131072 184
16 1048576 2097152 524288 182
16 1048576 4194304 8192 186
16 1048576 4194304 16384 172
16 1048576 4194304 65536 167
16 1048576 4194304 131072 169
16 1048576 4194304 524288 169
16 1048576 8388608 8192 199
16 1048576 8388608 16384 172
16 1048576 8388608 65536 167
16 1048576 8388608 131072 168
16 1048576 8388608 524288 168
16 4194304 65536 8192 905
16 4194304 65536 16384 1163
16 4194304 131072 8192 831
16 4194304 131072 16384 896
16 4194304 262144 8192 816
16 4194304 262144 16384 784
16 4194304 262144 65536 1028
16 4194304 1048576 8192 747
16 4194304 1048576 16384 763
16 4194304 1048576 65536 833
16 4194304 1048576 131072 814
16 4194304 2097152 8192 735
16 4194304 2097152 16384 748
16 4194304 2097152 65536 757
16 4194304 2097152 131072 757
16 4194304 2097152 524288 912
16 4194304 4194304 8192 782
16 4194304 4194304 16384 771
16 4194304 4194304 65536 749
16 4194304 4194304 131072 775
16 4194304 4194304 524288 775
16 4194304 8388608 8192 807
16 4194304 8388608 16384 774
16 4194304 8388608 65536 781
16 4194304 8388608 131072 765
16 4194304 8388608 524288 775
16 16777216 65536 8192 3967
16 16777216 65536 16384 5163
16 16777216 131072 8192 3434
16 16777216 131072 16384 3986
16 16777216 262144 8192 3240
16 16777216 262144 16384 3491
16 16777216 262144 65536 4728
16 16777216 1048576 8192 3094
16 16777216 1048576 16384 3269
16 16777216 1048576 65536 3207
16 16777216 1048576 131072 3558
16 16777216 2097152 8192 3089
16 16777216 2097152 16384 3050
16 16777216 2097152 65536 3262
16 16777216 2097152 131072 3304
16 16777216 2097152 524288 4052
16 16777216 4194304 8192 3086
16 16777216 4194304 16384 3140
16 16777216 4194304 65536 3089
16 16777216 4194304 131072 3097
16 16777216 4194304 524288 3355
16 16777216 8388608 8192 3121
16 16777216 8388608 16384 3225
16 16777216 8388608 65536 3172
16 16777216 8388608 131072 3133
16 16777216 8388608 524288 3160
16 67108864 65536 8192 12121
16 67108864 65536 16384 18129
16 67108864 131072 8192 10154
16 67108864 131072 16384 12218
16 67108864 262144 8192 9360
16 67108864 262144 16384 10308
16 67108864 262144 65536 16270
16 67108864 1048576 8192 8545
16 67108864 1048576 16384 8533
16 67108864 1048576 65536 9678
16 67108864 1048576 131072 10559
16 67108864 2097152 8192 7717
16 67108864 2097152 16384 8637
16 67108864 2097152 65536 8617
16 67108864 2097152 131072 9825
16 67108864 2097152 524288 13833
16 67108864 4194304 8192 7877
16 67108864 4194304 16384 7848
16 67108864 4194304 65536 8836
16 67108864 4194304 131072 8781
16 67108864 4194304 524288 10024
16 67108864 8388608 8192 8067
16 67108864 8388608 16384 8034
16 67108864 8388608 65536 8027
16 67108864 8388608 131072 8072
16 67108864 8388608 524288 8972
32 262144 65536 8192 53
32 262144 65536 16384 64
32 262144 131072 8192 49
32 262144 131072 16384 48
32 262144 262144 8192 48
32 262144 262144 16384 46
32 262144 262144 65536 55
32 262144 1048576 8192 47
32 262144 1048576 16384 48
32 262144 1048576 65536 48
32 262144 1048576 131072 56
32 262144 2097152 8192 41
32 262144 2097152 16384 43
32 262144 2097152 65536 43
32 262144 2097152 131072 42
32 262144 2097152 524288 42
32 262144 4194304 8192 42
32 262144 4194304 16384 42
32 262144 4194304 65536 41
32 262144 4194304 131072 42
32 262144 4194304 524288 43
32 262144 8388608 8192 41
32 262144 8388608 16384 42
32 262144 8388608 65536 42
32 262144 8388608 131072 50
32 262144 8388608 524288 46
32 1048576 65536 8192 240
32 1048576 65536 16384 296
32 1048576 131072 8192 206
32 1048576 131072 16384 236
32 1048576 262144 8192 218
32 1048576 262144 16384 214
32 1048576 262144 65536 278
32 1048576 1048576 8192 193
32 1048576 1048576 16384 194
32 1048576 1048576 65536 193
32 1048576 1048576 131072 216
32 1048576 2097152 8192 197
32 1048576 2097152 16384 193
32 1048576 2097152 65536 191
32 1048576 2097152 131072 202
32 1048576 2097152 524288 213
32 1048576 4194304 8192 194
32 1048576 4194304 16384 194
32 1048576 4194304 65536 194
32 1048576 4194304 131072 206
32 1048576 4194304 524288 193
32 1048576 8388608 8192 174
32 1048576 8388608 16384 173
32 1048576 8388608 65536 201
32 1048576 8388608 131072 173
32 1048576 8388608 524288 175
32 4194304 65536 8192 1081
32 4194304 65536 16384 1444
32 4194304 131072 8192 989
32 4194304 131072 16384 1009
32 4194304 262144 8192 919
32 4194304 262144 16384 1011
32 4194304 262144 65536 1284
32 4194304 1048576 8192 864
32 4194304 1048576 16384 878
32 4194304 1048576 65536 892
32 4194304 1048576 131072 985
32 4194304 2097152 8192 842
32 4194304 2097152 16384 845
32 4194304 2097152 65536 853
32 4194304 2097152 131072 919
32 4194304 2097152 524288 1079
32 4194304 4194304 8192 856
32 4194304 4194304 16384 842
32 4194304 4194304 65536 835
32 4194304 4194304 131072 842
32 4194304 4194304 524288 915
32 4194304 8388608 8192 842
32 4194304 8388608 16384 866
32 4194304 8388608 65536 860
32 4194304 8388608 131072 843
32 4194304 8388608 524288 879
32 16777216 65536 8192 3643
32 16777216 65536 16384 5103
32 16777216 131072 8192 3237
32 16777216 131072 16384 3457
32 16777216 262144 8192 3045
32 16777216 262144 16384 2977
32 16777216 262144 65536 4634
32 16777216 1048576 8192 2872
32 16777216 1048576 16384 2843
32 16777216 1048576 65536 3042
32 16777216 1048576 131072 3257
32 16777216 2097152 8192 2571
32 16777216 2097152 16384 2593
32 16777216 2097152 65536 2802
32 16777216 2097152 131072 2791
32 16777216 2097152 524288 3868
32 16777216 4194304 8192 2579
32 16777216 4194304 16384 2602
32 16777216 4194304 65536 2545
32 16777216 4194304 131072 2806
32 16777216 4194304 524288 3064
32 16777216 8388608 8192 2556
32 16777216 8388608 16384 2574
32 16777216 8388608 65536 2570
32 16777216 8388608 131072 2609
32 16777216 8388608 524288 2765
32 67108864 65536 8192 12730
32 67108864 65536 16384 19084
32 67108864 131072 8192 9664
32 67108864 131072 16384 11744
32 67108864 262144 8192 8871
32 67108864 262144 16384 9794
32 67108864 262144 65536 17229
32 67108864 1048576 8192 7985
32 67108864 1048576 16384 7973
32 67108864 1048576 65536 9233
32 67108864 1048576 131072 11218
32 67108864 2097152 8192 8047
32 67108864 2097152 16384 8134
32 67108864 2097152 65536 8054
32 67108864 2097152 131072 9339
32 67108864 2097152 524288 14383
32 67108864 4194304 8192 7297
32 67108864 4194304 16384 7274
32 67108864 4194304 65536 8262
32 67108864 4194304 131072 8317
32 67108864 4194304 524288 10319
32 67108864 8388608 8192 7429
32 67108864 8388608 16384 7380
32 67108864 8388608 65536 7353
32 67108864 8388608 131072 8552
32 67108864 8388608 524288 8447
64 262144 65536 8192 52
64 262144 65536 16384 67
64 262144 131072 8192 48
64 262144 131072 16384 54
64 262144 262144 8192 47
64 262144 262144 16384 54
64 262144 262144 65536 61
64 262144 1048576 8192 45
64 262144 1048576 16384 45
64 262144 1048576 65536 46
64 262144 1048576 131072 46
64 262144 2097152 8192 53
64 262144 2097152 16384 48
64 262144 2097152 65536 46
64 262144 2097152 131072 46
64 262144 2097152 524288 45
64 262144 4194304 8192 40
64 262144 4194304 16384 40
64 262144 4194304 65536 52
64 262144 4194304 131072 43
64 262144 4194304 524288 41
64 262144 8388608 8192 40
64 262144 8388608 16384 41
64 262144 8388608 65536 41
64 262144 8388608 131072 41
64 262144 8388608 524288 41
64 1048576 65536 8192 231
64 1048576 65536 16384 354
64 1048576 131072 8192 225
64 1048576 131072 16384 233
64 1048576 262144 8192 237
64 1048576 262144 16384 206
64 1048576 262144 65536 271
64 1048576 1048576 8192 196
64 1048576 1048576 16384 219
64 1048576 1048576 65536 207
64 1048576 1048576 131072 205
64 1048576 2097152 8192 195
64 1048576 2097152 16384 203
64 1048576 2097152 65536 195
64 1048576 2097152 131072 193
64 1048576 2097152 524288 246
64 1048576 4194304 8192 192
64 1048576 4194304 16384 194
64 1048576 4194304 65536 193
64 1048576 4194304 131072 223
64 1048576 4194304 524288 192
64 1048576 8388608 8192 195
64 1048576 8388608 16384 193
64 1048576 8388608 65536 216
64 1048576 8388608 131072 200
64 1048576 8388608 524288 196
64 4194304 65536 8192 1086
64 4194304 65536 16384 1421
64 4194304 131072 8192 1017
64 4194304 131072 16384 1085
64 4194304 262144 8192 915
64 4194304 262144 16384 990
64 4194304 262144 65536 1314
64 4194304 1048576 8192 935
64 4194304 1048576 16384 976
64 4194304 1048576 65536 892
64 4194304 1048576 131072 1004
64 4194304 2097152 8192 902
64 4194304 2097152 16384 897
64 4194304 2097152 65536 932
64 4194304 2097152 131072 903
64 4194304 2097152 524288 1113
64 4194304 4194304 8192 877
64 4194304 4194304 16384 891
64 4194304 4194304 65536 880
64 4194304 4194304 131072 878
64 4194304 4194304 524288 939
64 4194304 8388608 8192 841
64 4194304 8388608 16384 851
64 4194304 8388608 65536 836
64 4194304 8388608 131072 835
64 4194304 8388608 524288 837
64 16777216 65536 8192 3075
64 16777216 65536 16384 4653
64 16777216 131072 8192 2623
64 16777216 131072 16384 3121
64 16777216 262144 8192 2451
64 16777216 262144 16384 2659
64 16777216 262144 65536 4257
64 16777216 1048576 8192 2251
64 16777216 1048576 16384 2238
64 16777216 1048576 65536 2492
64 16777216 1048576 131072 2738
64 16777216 2097152 8192 2030
64 16777216 2097152 16384 2255
64 16777216 2097152 65536 2222
64 16777216 2097152 131072 2546
64 16777216 2097152 524288 3580
64 16777216 4194304 8192 2040
64 16777216 4194304 16384 2035
64 16777216 4194304 65536 2298
64 16777216 4194304 131072 2259
64 16777216 4194304 524288 2576
64 16777216 8388608 8192 2061
64 16777216 8388608 16384 2141
64 16777216 8388608 65536 2049
64 16777216 8388608 131072 2053
64 16777216 8388608 524288 2307
64 67108864 65536 8192 12211
64 67108864 65536 16384 19146
64 67108864 131072 8192 10157
64 67108864 131072 16384 12294
64 67108864 262144 8192 8209
64 67108864 262144 16384 9130
64 67108864 262144 65536 17410
64 67108864 1048576 8192 7357
64 67108864 1048576 16384 7352
64 67108864 1048576 65536 9464
64 67108864 1048576 131072 10707
64 67108864 2097152 8192 7556
64 67108864 2097152 16384 7567
64 67108864 2097152 65536 8731
64 67108864 2097152 131072 8766
64 67108864 2097152 524288 14912
64 67108864 4194304 8192 6767
64 67108864 4194304 16384 7662
64 67108864 4194304 65536 7765
64 67108864 4194304 131072 7739
64 67108864 4194304 524288 9849
64 67108864 8388608 8192 6923
64 67108864 8388608 16384 6893
64 67108864 8388608 65536 7796
64 67108864 8388608 131072 7895
64 67108864 8388608 524288 9078
