  
8 16384 65536 8192 
8 16384 65536 16384 
8 16384 65536 65536 
8 16384 131072 8192 
8 16384 131072 16384 
8 16384 131072 65536 
8 16384 262144 8192 
8 16384 262144 16384 
8 16384 262144 65536 
8 16384 1048576 8192 
8 16384 1048576 16384 
8 16384 1048576 65536 
8 16384 3145728 8192 
8 16384 3145728 16384 
8 16384 3145728 65536 
8 16384 5242880 8192 
8 16384 5242880 16384 
8 16384 5242880 65536 
8 262144 65536 8192 
8 262144 65536 16384 
8 262144 65536 65536 
8 262144 131072 8192 
8 262144 131072 16384 
8 262144 131072 65536 
8 262144 262144 8192 
8 262144 262144 16384 
8 262144 262144 65536 
8 262144 1048576 8192 
8 262144 1048576 16384 
8 262144 1048576 65536 
8 262144 3145728 8192 
8 262144 3145728 16384 
8 262144 3145728 65536 
8 262144 5242880 8192 
8 262144 5242880 16384 
8 262144 5242880 65536 
8 4194304 65536 8192 
8 4194304 65536 16384 
8 4194304 65536 65536 
8 4194304 131072 8192 
8 4194304 131072 16384 
8 4194304 131072 65536 
8 4194304 262144 8192 
8 4194304 262144 16384 
8 4194304 262144 65536 
8 4194304 1048576 8192 
8 4194304 1048576 16384 
8 4194304 1048576 65536 
8 4194304 3145728 8192 
8 4194304 3145728 16384 
8 4194304 3145728 65536 
8 4194304 5242880 8192 
8 4194304 5242880 16384 
8 4194304 5242880 65536 
16 16384 65536 8192 
16 16384 65536 16384 
16 16384 65536 65536 
16 16384 131072 8192 
16 16384 131072 16384 
16 16384 131072 65536 
16 16384 262144 8192 
16 16384 262144 16384 
16 16384 262144 65536 
16 16384 1048576 8192 
16 16384 1048576 16384 
16 16384 1048576 65536 
16 16384 3145728 8192 
16 16384 3145728 16384 
16 16384 3145728 65536 
16 16384 5242880 8192 
16 16384 5242880 16384 
16 16384 5242880 65536 
16 262144 65536 8192 
16 262144 65536 16384 
16 262144 65536 65536 
16 262144 131072 8192 
16 262144 131072 16384 
16 262144 131072 65536 
16 262144 262144 8192 
16 262144 262144 16384 
16 262144 262144 65536 
16 262144 1048576 8192 
16 262144 1048576 16384 
16 262144 1048576 65536 
16 262144 3145728 8192 
16 262144 3145728 16384 
16 262144 3145728 65536 
16 262144 5242880 8192 
16 262144 5242880 16384 
16 262144 5242880 65536 
16 4194304 65536 8192 
16 4194304 65536 16384 
16 4194304 65536 65536 
16 4194304 131072 8192 
16 4194304 131072 16384 
16 4194304 131072 65536 
16 4194304 262144 8192 
8 16384 65536 8192 
8 16384 65536 16384 
8 16384 65536 65536 
8 16384 131072 8192 
8 16384 131072 16384 
8 16384 131072 65536 
8 16384 262144 8192 
8 16384 262144 16384 
8 16384 262144 65536 
8 16384 1048576 8192 
8 16384 1048576 16384 
8 16384 1048576 65536 
8 16384 3145728 8192 
8 16384 3145728 16384 
8 16384 3145728 65536 
8 16384 5242880 8192 
8 16384 5242880 16384 
8 16384 5242880 65536 
8 262144 65536 8192 
8 262144 65536 16384 
8 262144 65536 65536 
8 262144 131072 8192 
8 262144 131072 16384 
8 262144 131072 65536 
8 262144 262144 8192 
8 262144 262144 16384 
8 262144 262144 65536 
8 262144 1048576 8192 
8 262144 1048576 16384 
8 262144 1048576 65536 
8 262144 3145728 8192 
8 262144 3145728 16384 
8 262144 3145728 65536 
8 262144 5242880 8192 
8 262144 5242880 16384 
8 262144 5242880 65536 
8 4194304 65536 8192 
8 4194304 65536 16384 
8 4194304 65536 65536 
8 4194304 131072 8192 
8 4194304 131072 16384 
8 4194304 131072 65536 
8 4194304 262144 8192 
8 4194304 262144 16384 
8 4194304 262144 65536 
8 4194304 1048576 8192 
8 4194304 1048576 16384 
8 4194304 1048576 65536 
8 4194304 3145728 8192 
8 4194304 3145728 16384 
8 4194304 3145728 65536 
8 4194304 5242880 8192 
8 4194304 5242880 16384 
8 4194304 5242880 65536 
16 16384 65536 8192 
16 16384 65536 16384 
16 16384 65536 65536 
16 16384 131072 8192 
16 16384 131072 16384 
16 16384 131072 65536 
16 16384 262144 8192 
16 16384 262144 16384 
16 16384 262144 65536 
16 16384 1048576 8192 
16 16384 1048576 16384 
16 16384 1048576 65536 
16 16384 3145728 8192 
16 16384 3145728 16384 
16 16384 3145728 65536 
16 16384 5242880 8192 
16 16384 5242880 16384 
16 16384 5242880 65536 
16 262144 65536 8192 
16 262144 65536 16384 
16 262144 65536 65536 
16 262144 131072 8192 
16 262144 131072 16384 
16 262144 131072 65536 
16 262144 262144 8192 
16 262144 262144 16384 
16 262144 262144 65536 
16 262144 1048576 8192 
16 262144 1048576 16384 
16 262144 1048576 65536 
16 262144 3145728 8192 
16 262144 3145728 16384 
16 262144 3145728 65536 
16 262144 5242880 8192 
16 262144 5242880 16384 
16 262144 5242880 65536 
16 4194304 65536 8192 
16 4194304 65536 16384 
16 4194304 65536 65536 
16 4194304 131072 8192 
16 4194304 131072 16384 
16 4194304 131072 65536 
16 4194304 262144 8192 
16 4194304 262144 16384 
16 4194304 262144 65536 
16 4194304 1048576 8192 
16 4194304 1048576 16384 
16 4194304 1048576 65536 
16 4194304 3145728 8192 
16 4194304 3145728 16384 
16 4194304 3145728 65536 
16 4194304 5242880 8192 
16 4194304 5242880 16384 
16 4194304 5242880 65536 
32 16384 65536 8192 
32 16384 65536 16384 
32 16384 65536 65536 
32 16384 131072 8192 
32 16384 131072 16384 
32 16384 131072 65536 
32 16384 262144 8192 
32 16384 262144 16384 
32 16384 262144 65536 
32 16384 1048576 8192 
32 16384 1048576 16384 
32 16384 1048576 65536 
32 16384 3145728 8192 
32 16384 3145728 16384 
32 16384 3145728 65536 
32 16384 5242880 8192 
32 16384 5242880 16384 
32 16384 5242880 65536 
32 262144 65536 8192 
32 262144 65536 16384 
32 262144 65536 65536 
32 262144 131072 8192 
32 262144 131072 16384 
32 262144 131072 65536 
32 262144 262144 8192 
32 262144 262144 16384 
32 262144 262144 65536 
32 262144 1048576 8192 
32 262144 1048576 16384 
32 262144 1048576 65536 
32 262144 3145728 8192 
32 262144 3145728 16384 
32 262144 3145728 65536 
32 262144 5242880 8192 
32 262144 5242880 16384 
32 262144 5242880 65536 
32 4194304 65536 8192 
32 4194304 65536 16384 
32 4194304 65536 65536 
32 4194304 131072 8192 
32 4194304 131072 16384 
32 4194304 131072 65536 
32 4194304 262144 8192 
32 4194304 262144 16384 
32 4194304 262144 65536 
32 4194304 1048576 8192 
32 4194304 1048576 16384 
32 4194304 1048576 65536 
32 4194304 3145728 8192 
32 4194304 3145728 16384 
32 4194304 3145728 65536 
32 4194304 5242880 8192 
32 4194304 5242880 16384 
32 4194304 5242880 65536 
64 16384 65536 8192 
64 16384 65536 16384 
64 16384 65536 65536 
64 16384 131072 8192 
64 16384 131072 16384 
64 16384 131072 65536 
64 16384 262144 8192 
64 16384 262144 16384 
64 16384 262144 65536 
64 16384 1048576 8192 
64 16384 1048576 16384 
64 16384 1048576 65536 
64 16384 3145728 8192 
64 16384 3145728 16384 
64 16384 3145728 65536 
64 16384 5242880 8192 
64 16384 5242880 16384 
64 16384 5242880 65536 
64 262144 65536 8192 
64 262144 65536 16384 
64 262144 65536 65536 
64 262144 131072 8192 
64 262144 131072 16384 
64 262144 131072 65536 
64 262144 262144 8192 
64 262144 262144 16384 
64 262144 262144 65536 
64 262144 1048576 8192 
64 262144 1048576 16384 
64 262144 1048576 65536 
64 262144 3145728 8192 
64 262144 3145728 16384 
64 262144 3145728 65536 
64 262144 5242880 8192 
64 262144 5242880 16384 
64 262144 5242880 65536 
64 4194304 65536 8192 
64 4194304 65536 16384 
64 4194304 65536 65536 
64 4194304 131072 8192 
64 4194304 131072 16384 
64 4194304 131072 65536 
64 4194304 262144 8192 
64 4194304 262144 16384 
64 4194304 262144 65536 
64 4194304 1048576 8192 
64 4194304 1048576 16384 
64 4194304 1048576 65536 
64 4194304 3145728 8192 
64 4194304 3145728 16384 
64 4194304 3145728 65536 
64 4194304 5242880 8192 
64 4194304 5242880 16384 
64 4194304 5242880 65536 
