100
1436 3854 86 70 0 0 0 0
-865 2634 168 27 1 0 0 0
963 275 94 87 2 0 0 0
-519 932 145 92 3 0 0 0
2344 1890 188 61 4 0 0 0
-2788 -797 44 88 5 0 0 0
-1876 -765 64 37 6 0 0 0
-2459 -558 162 56 7 0 0 0
-137 -221 83 64 8 0 0 0
3648 4 156 86 9 0 0 0
-304 -608 97 23 10 0 0 0
-1199 3361 36 95 11 0 0 0
1923 1179 64 98 12 0 0 0
-3502 -2736 22 71 13 0 0 0
777 -2828 35 82 14 0 0 0
2871 -2306 50 21 15 0 0 0
553 -705 123 92 16 0 0 0
2225 -3786 74 97 17 0 0 0
-2857 1714 96 16 18 0 0 0
-903 -2371 100 70 19 0 0 0
-1645 1401 47 57 20 0 0 0
1272 -2023 23 54 21 0 0 0
608 1131 160 13 22 0 0 0
-534 -3180 63 44 23 0 0 0
2932 -3776 113 11 24 0 0 0
-1826 -634 62 45 25 0 0 0
2701 -1448 85 81 26 0 0 0
-2668 -2935 59 90 27 0 0 0
-1886 252 76 63 28 0 0 0
3551 1514 84 74 29 0 0 0
1115 2376 118 13 30 0 0 0
2478 3433 169 10 31 0 0 0
1602 -97 190 51 32 0 0 0
3664 -1628 171 29 33 0 0 0
-2856 1800 99 38 34 0 0 0
1625 -3253 27 22 35 0 0 0
3226 2466 182 74 36 0 0 0
-2644 3875 31 79 37 0 0 0
-2170 -2850 78 18 38 0 0 0
1739 -3012 157 19 39 0 0 0
-1659 -2140 197 43 40 0 0 0
2098 3695 172 60 41 0 0 0
-746 -1286 46 57 42 0 0 0
-3762 1595 60 71 43 0 0 0
378 1175 100 87 44 0 0 0
-1239 1242 110 17 45 0 0 0
2746 1936 23 78 46 0 0 0
-1902 -2529 47 91 47 0 0 0
2939 -3352 137 91 48 0 0 0
3246 1219 72 90 49 0 0 0
-33 -764 22 20 50 0 0 0
-737 3682 164 31 51 0 0 0
2142 -14 169 17 52 0 0 0
-3660 -1283 67 36 53 0 0 0
-2852 3349 50 77 54 0 0 0
-1110 1745 96 62 55 0 0 0
-793 126 191 91 56 0 0 0
581 3816 78 35 57 0 0 0
405 -1101 93 89 58 0 0 0
-2077 -115 48 18 59 0 0 0
-810 2683 170 34 60 0 0 0
1765 -614 49 70 61 0 0 0
-1814 1098 28 56 62 0 0 0
-177 -1149 82 80 63 0 0 0
702 -2527 175 52 64 0 0 0
490 1336 102 76 65 0 0 0
-1204 -242 61 20 66 0 0 0
2988 -3678 128 18 67 0 0 0
2527 2943 172 62 68 0 0 0
-2460 605 24 82 69 0 0 0
-1966 562 22 13 70 0 0 0
-2481 -2360 128 65 71 0 0 0
-1080 919 69 37 72 0 0 0
1589 -1288 176 67 73 0 0 0
1722 -3882 22 69 74 0 0 0
109 3070 154 16 75 0 0 0
1159 2170 22 15 76 0 0 0
-2780 -2162 103 44 77 0 0 0
1953 2387 90 55 78 0 0 0
-1265 534 119 50 79 0 0 0
519 2248 170 79 80 0 0 0
2200 2595 51 33 81 0 0 0
-751 3708 60 32 82 0 0 0
1077 2938 183 10 83 0 0 0
958 -1701 41 55 84 0 0 0
-2694 -3248 104 97 85 0 0 0
-3558 2981 38 23 86 0 0 0
1353 -2702 166 13 87 0 0 0
-2501 -2643 72 73 88 0 0 0
2685 3273 60 78 89 0 0 0
-2779 -3203 111 65 90 0 0 0
2317 2867 165 87 91 0 0 0
-2520 678 90 95 92 0 0 0
-1291 3742 196 39 93 0 0 0
-107 2180 72 14 94 0 0 0
2266 -1918 43 21 95 0 0 0
-2088 2849 54 40 96 0 0 0
-2361 2184 132 35 97 0 0 0
715 -2997 187 95 98 0 0 0
1886 561 130 57 99 0 0 0