100
-1070 -753 80 13 0 0 0 0
-381 509 161 29 1 0 0 0
984 -233 28 35 2 0 0 0
922 -881 143 42 3 0 0 0
899 -711 158 93 4 0 0 0
-726 39 188 33 5 0 0 0
614 -1112 115 31 6 0 0 0
498 1160 24 69 7 0 0 0
-210 -676 29 66 8 0 0 0
-414 -458 133 36 9 0 0 0
-974 -278 124 54 10 0 0 0
-300 154 93 24 11 0 0 0
-937 -1214 127 58 12 0 0 0
-917 738 200 11 13 0 0 0
1031 -241 166 46 14 0 0 0
292 -1119 129 70 15 0 0 0
59 629 124 81 16 0 0 0
165 -439 87 59 17 0 0 0
937 224 42 19 18 0 0 0
1130 -12 142 15 19 0 0 0
-700 -683 137 43 20 0 0 0
1012 -107 195 24 21 0 0 0
766 129 85 33 22 0 0 0
60 -272 102 63 23 0 0 0
1027 104 136 57 24 0 0 0
267 268 119 31 25 0 0 0
-667 -808 117 51 26 0 0 0
-647 -770 88 30 27 0 0 0
505 444 89 84 28 0 0 0
866 690 182 18 29 0 0 0
539 881 150 89 30 0 0 0
-459 37 45 21 31 0 0 0
-1081 12 142 11 32 0 0 0
1093 758 88 81 33 0 0 0
-276 327 39 35 34 0 0 0
-1176 264 75 97 35 0 0 0
-907 181 41 33 36 0 0 0
752 -301 97 56 37 0 0 0
381 -504 125 54 38 0 0 0
1163 -801 63 53 39 0 0 0
325 155 175 73 40 0 0 0
-650 944 51 11 41 0 0 0
251 1076 63 92 42 0 0 0
115 -752 155 62 43 0 0 0
354 229 60 82 44 0 0 0
-147 -353 38 66 45 0 0 0
264 -1220 49 43 46 0 0 0
-673 -942 134 64 47 0 0 0
1149 -500 124 95 48 0 0 0
311 1092 135 34 49 0 0 0
-764 -687 60 17 50 0 0 0
974 1150 184 61 51 0 0 0
-1107 -192 123 54 52 0 0 0
46 -1190 90 44 53 0 0 0
-1027 595 96 96 54 0 0 0
-598 53 40 78 55 0 0 0
-138 -867 51 56 56 0 0 0
391 944 195 23 57 0 0 0
-449 86 103 97 58 0 0 0
-742 -1176 20 71 59 0 0 0
109 -478 114 18 60 0 0 0
782 -535 66 70 61 0 0 0
-374 -1113 195 41 62 0 0 0
-575 -1084 72 35 63 0 0 0
-1049 629 109 28 64 0 0 0
20 409 81 92 65 0 0 0
524 -779 200 91 66 0 0 0
-35 -99 139 34 67 0 0 0
323 174 29 96 68 0 0 0
-662 1084 22 62 69 0 0 0
448 -481 195 55 70 0 0 0
1133 -1086 133 92 71 0 0 0
-747 5 138 48 72 0 0 0
1197 -361 130 43 73 0 0 0
-926 1073 193 93 74 0 0 0
942 -469 37 68 75 0 0 0
-969 438 114 60 76 0 0 0
-51 -814 46 19 77 0 0 0
741 -1010 63 95 78 0 0 0
1223 1087 169 87 79 0 0 0
-1102 960 195 58 80 0 0 0
-569 -738 165 80 81 0 0 0
629 -348 60 95 82 0 0 0
879 837 134 52 83 0 0 0
64 -1200 26 71 84 0 0 0
887 716 184 19 85 0 0 0
712 1054 96 59 86 0 0 0
656 -131 75 17 87 0 0 0
-1061 1067 134 16 88 0 0 0
-243 -874 23 16 89 0 0 0
-60 1081 50 61 90 0 0 0
-956 687 33 92 91 0 0 0
608 417 141 87 92 0 0 0
-343 -797 42 92 93 0 0 0
151 -46 189 97 94 0 0 0
1152 984 100 26 95 0 0 0
-1178 264 22 52 96 0 0 0
664 -1218 56 25 97 0 0 0
107 885 48 35 98 0 0 0
789 -556 74 92 99 0 0 0