100
562 253 63 40 0 0 0 0
45 344 60 49 1 0 0 0
-647 613 110 81 2 0 0 0
597 -583 99 93 3 0 0 0
-246 574 90 26 4 0 0 0
-462 -643 167 72 5 0 0 0
-55 179 103 23 6 0 0 0
603 -583 91 66 7 0 0 0
449 591 33 54 8 0 0 0
18 -499 165 42 9 0 0 0
-705 412 32 20 10 0 0 0
-44 681 69 53 11 0 0 0
-225 447 126 95 12 0 0 0
-357 -14 107 92 13 0 0 0
623 210 46 94 14 0 0 0
458 436 29 66 15 0 0 0
-43 -590 184 21 16 0 0 0
-545 90 32 73 17 0 0 0
-472 -64 66 57 18 0 0 0
-314 363 105 93 19 0 0 0
-526 -698 199 33 20 0 0 0
59 -164 184 44 21 0 0 0
130 -558 89 20 22 0 0 0
473 94 102 81 23 0 0 0
-316 517 55 55 24 0 0 0
-386 152 171 30 25 0 0 0
-56 628 53 95 26 0 0 0
-473 -80 178 28 27 0 0 0
-683 -456 20 42 28 0 0 0
-127 650 194 65 29 0 0 0
-687 -36 74 69 30 0 0 0
-656 478 107 53 31 0 0 0
-649 420 154 81 32 0 0 0
-117 -593 128 39 33 0 0 0
-363 -77 49 87 34 0 0 0
-135 -286 50 93 35 0 0 0
54 -22 181 93 36 0 0 0
125 -658 50 85 37 0 0 0
346 -99 20 36 38 0 0 0
-238 -77 62 78 39 0 0 0
-227 166 160 27 40 0 0 0
184 -65 66 15 41 0 0 0
-418 -121 154 54 42 0 0 0
-548 538 182 71 43 0 0 0
102 -188 109 28 44 0 0 0
-378 -32 155 97 45 0 0 0
-97 -51 84 100 46 0 0 0
495 -94 165 93 47 0 0 0
-403 265 149 51 48 0 0 0
-195 669 174 77 49 0 0 0
492 -29 143 11 50 0 0 0
525 650 108 97 51 0 0 0
647 115 142 30 52 0 0 0
-438 -143 30 81 53 0 0 0
-41 333 113 31 54 0 0 0
320 189 48 34 55 0 0 0
318 -336 108 73 56 0 0 0
594 82 180 60 57 0 0 0
-112 -67 89 91 58 0 0 0
366 101 180 57 59 0 0 0
494 335 189 40 60 0 0 0
-377 456 148 68 61 0 0 0
-20 -497 128 42 62 0 0 0
-65 -148 75 52 63 0 0 0
-506 457 38 50 64 0 0 0
616 -472 100 87 65 0 0 0
-415 -398 198 15 66 0 0 0
633 -338 156 37 67 0 0 0
-199 -215 190 43 68 0 0 0
610 208 31 36 69 0 0 0
572 253 131 53 70 0 0 0
201 547 131 82 71 0 0 0
591 -501 145 46 72 0 0 0
365 -249 27 45 73 0 0 0
-152 -513 105 60 74 0 0 0
-264 -253 128 50 75 0 0 0
-11 -300 129 95 76 0 0 0
703 -269 27 82 77 0 0 0
-237 236 144 16 78 0 0 0
699 4 174 19 79 0 0 0
-447 50 160 31 80 0 0 0
164 32 139 75 81 0 0 0
-468 -188 199 96 82 0 0 0
-369 -538 123 95 83 0 0 0
100 503 57 59 84 0 0 0
-509 -422 78 17 85 0 0 0
49 335 145 67 86 0 0 0
-572 343 62 94 87 0 0 0
-411 -467 37 94 88 0 0 0
-418 61 78 72 89 0 0 0
589 -355 134 10 90 0 0 0
369 221 46 66 91 0 0 0
-430 663 188 34 92 0 0 0
-621 -316 22 73 93 0 0 0
490 -443 139 86 94 0 0 0
-174 -324 47 93 95 0 0 0
136 73 120 56 96 0 0 0
-224 84 82 45 97 0 0 0
-20 -392 65 29 98 0 0 0
-689 498 71 21 99 0 0 0