1000
-1394 415 88 36 0 0 0 0
1347 -699 22 64 1 0 0 0
-909 -684 96 66 2 0 0 0
559 -939 147 59 3 0 0 0
1218 -4 159 26 4 0 0 0
-1084 -721 126 12 5 0 0 0
1238 -764 69 29 6 0 0 0
-1150 240 78 47 7 0 0 0
588 -1055 141 95 8 0 0 0
416 279 84 38 9 0 0 0
1613 1615 23 97 10 0 0 0
-823 -259 40 61 11 0 0 0
-1168 1446 178 79 12 0 0 0
1313 -386 67 40 13 0 0 0
1693 -628 153 67 14 0 0 0
-672 936 187 92 15 0 0 0
715 -666 132 61 16 0 0 0
-912 993 136 18 17 0 0 0
-1721 -101 64 46 18 0 0 0
353 -1360 175 74 19 0 0 0
387 -104 73 38 20 0 0 0
-337 -1707 65 76 21 0 0 0
1181 -858 85 95 22 0 0 0
1253 990 48 69 23 0 0 0
-1047 490 34 67 24 0 0 0
999 962 37 43 25 0 0 0
1634 835 116 97 26 0 0 0
938 -1144 59 58 27 0 0 0
-1068 1646 140 50 28 0 0 0
536 622 171 100 29 0 0 0
-1505 560 71 43 30 0 0 0
1429 -1200 152 14 31 0 0 0
-395 1194 72 94 32 0 0 0
1231 1446 129 78 33 0 0 0
-890 -274 172 96 34 0 0 0
-931 -211 197 73 35 0 0 0
93 422 75 87 36 0 0 0
1217 -812 70 39 37 0 0 0
-989 -852 64 30 38 0 0 0
-216 -115 121 14 39 0 0 0
-1697 -859 121 99 40 0 0 0
-942 -1646 72 73 41 0 0 0
1166 -905 136 35 42 0 0 0
902 269 147 31 43 0 0 0
26 -713 193 10 44 0 0 0
502 1208 53 47 45 0 0 0
1031 -578 104 10 46 0 0 0
1386 -579 175 33 47 0 0 0
-114 -993 137 47 48 0 0 0
813 1023 85 14 49 0 0 0
624 -303 164 68 50 0 0 0
67 -586 197 38 51 0 0 0
649 -1064 54 34 52 0 0 0
-1629 -157 36 19 53 0 0 0
-1393 -1732 97 23 54 0 0 0
-503 1598 170 81 55 0 0 0
450 1247 38 26 56 0 0 0
-63 1432 178 97 57 0 0 0
-690 -1167 38 12 58 0 0 0
1071 743 32 77 59 0 0 0
-88 -843 29 36 60 0 0 0
-904 -477 77 74 61 0 0 0
-420 135 70 90 62 0 0 0
1470 -1225 190 87 63 0 0 0
690 -1636 36 80 64 0 0 0
-860 -782 190 94 65 0 0 0
-1140 1450 42 95 66 0 0 0
-1612 1243 27 16 67 0 0 0
-862 -1512 52 86 68 0 0 0
1255 -329 95 69 69 0 0 0
-448 -309 44 12 70 0 0 0
1738 -1029 178 10 71 0 0 0
-63 -713 108 24 72 0 0 0
1177 -1032 23 78 73 0 0 0
1403 1579 30 68 74 0 0 0
-82 417 137 66 75 0 0 0
-584 167 88 93 76 0 0 0
-103 -670 139 41 77 0 0 0
-302 -75 58 70 78 0 0 0
-794 -1689 174 86 79 0 0 0
-1299 587 142 71 80 0 0 0
-492 -917 196 18 81 0 0 0
579 -1327 71 99 82 0 0 0
1711 170 181 14 83 0 0 0
-769 -149 56 61 84 0 0 0
1074 -519 54 24 85 0 0 0
-950 -1440 167 58 86 0 0 0
855 -236 167 44 87 0 0 0
169 1213 163 70 88 0 0 0
-1645 -620 94 16 89 0 0 0
-1534 1242 160 18 90 0 0 0
1340 -684 90 24 91 0 0 0
-599 -1543 164 100 92 0 0 0
-1645 -1397 106 14 93 0 0 0
1464 438 56 92 94 0 0 0
-552 -1014 72 58 95 0 0 0
-861 -310 180 36 96 0 0 0
-1349 -83 42 69 97 0 0 0
-1382 -41 53 47 98 0 0 0
616 -511 189 21 99 0 0 0
-1236 -1560 168 89 100 0 0 0
-1461 -604 52 81 101 0 0 0
383 -1141 22 20 102 0 0 0
1599 1445 42 89 103 0 0 0
-419 -1377 103 66 104 0 0 0
995 -662 28 98 105 0 0 0
1272 -633 29 90 106 0 0 0
-1722 -1667 38 70 107 0 0 0
-1267 -292 30 94 108 0 0 0
-1370 -476 46 30 109 0 0 0
1124 960 100 12 110 0 0 0
365 -672 101 57 111 0 0 0
-1530 -882 74 70 112 0 0 0
-1095 902 157 40 113 0 0 0
1185 -399 54 65 114 0 0 0
713 837 28 75 115 0 0 0
733 -1268 77 52 116 0 0 0
805 -311 26 94 117 0 0 0
1722 1218 151 46 118 0 0 0
444 47 170 56 119 0 0 0
-163 -1394 46 58 120 0 0 0
939 19 187 36 121 0 0 0
-349 -1141 128 85 122 0 0 0
-494 935 165 52 123 0 0 0
-10 -807 53 15 124 0 0 0
-796 740 22 30 125 0 0 0
353 878 150 20 126 0 0 0
841 -970 104 33 127 0 0 0
694 1530 114 66 128 0 0 0
-222 124 54 45 129 0 0 0
1037 339 156 86 130 0 0 0
699 1634 149 77 131 0 0 0
-949 -653 163 28 132 0 0 0
-1200 -1207 85 48 133 0 0 0
1635 441 75 77 134 0 0 0
666 377 33 46 135 0 0 0
348 826 26 20 136 0 0 0
-219 829 130 90 137 0 0 0
-1460 -1120 109 96 138 0 0 0
-910 -1657 182 16 139 0 0 0
-139 -662 132 41 140 0 0 0
1533 907 136 33 141 0 0 0
-886 1111 172 52 142 0 0 0
1655 -207 104 17 143 0 0 0
332 -1249 67 87 144 0 0 0
39 -1414 76 77 145 0 0 0
-883 677 42 15 146 0 0 0
1314 -862 25 80 147 0 0 0
-301 797 96 28 148 0 0 0
-1699 -967 165 23 149 0 0 0
1677 -545 78 37 150 0 0 0
-712 -1000 30 70 151 0 0 0
598 -857 82 68 152 0 0 0
38 175 45 26 153 0 0 0
226 -1459 162 69 154 0 0 0
-1305 -43 78 82 155 0 0 0
-1257 -633 159 12 156 0 0 0
-427 328 27 76 157 0 0 0
995 -1665 54 26 158 0 0 0
-1342 -1408 42 82 159 0 0 0
-533 -1558 56 82 160 0 0 0
-1576 304 48 67 161 0 0 0
1725 712 64 51 162 0 0 0
1501 414 122 96 163 0 0 0
-1448 1341 66 51 164 0 0 0
-1057 -1174 76 12 165 0 0 0
1010 -347 94 74 166 0 0 0
-1628 428 86 97 167 0 0 0
920 812 189 66 168 0 0 0
-1530 918 103 58 169 0 0 0
-1390 -319 56 25 170 0 0 0
5 1696 125 94 171 0 0 0
1260 1025 80 55 172 0 0 0
-1028 470 118 22 173 0 0 0
715 -664 88 83 174 0 0 0
249 -1463 150 82 175 0 0 0
-1284 1568 87 19 176 0 0 0
385 1069 76 94 177 0 0 0
801 1216 132 18 178 0 0 0
153 866 104 36 179 0 0 0
1410 1121 144 91 180 0 0 0
-441 644 38 13 181 0 0 0
-1365 -189 143 72 182 0 0 0
242 776 160 66 183 0 0 0
461 -921 32 93 184 0 0 0
-162 1510 113 54 185 0 0 0
-665 -1589 117 68 186 0 0 0
1377 -687 130 37 187 0 0 0
-364 -1626 187 90 188 0 0 0
522 86 24 74 189 0 0 0
1135 807 61 22 190 0 0 0
1707 -914 38 96 191 0 0 0
1690 -1650 159 76 192 0 0 0
-161 -792 129 57 193 0 0 0
440 -1556 147 78 194 0 0 0
-1677 -1577 40 58 195 0 0 0
-1363 -1695 36 86 196 0 0 0
-524 923 200 46 197 0 0 0
275 205 131 31 198 0 0 0
-427 -1417 30 30 199 0 0 0
-1102 1388 193 19 200 0 0 0
-321 346 108 52 201 0 0 0
-1508 1182 36 14 202 0 0 0
837 -506 56 65 203 0 0 0
-1313 -951 160 32 204 0 0 0
736 -920 56 39 205 0 0 0
-517 -1210 22 94 206 0 0 0
-558 444 33 49 207 0 0 0
-1061 889 132 41 208 0 0 0
1170 -562 36 68 209 0 0 0
1580 658 161 31 210 0 0 0
858 1265 73 95 211 0 0 0
-1526 -1209 45 84 212 0 0 0
-311 1273 57 66 213 0 0 0
-772 -703 118 79 214 0 0 0
-1192 -1551 183 47 215 0 0 0
-1137 1391 50 13 216 0 0 0
-613 -788 169 10 217 0 0 0
-1344 -1326 94 91 218 0 0 0
67 -234 61 52 219 0 0 0
-912 1714 96 90 220 0 0 0
384 -530 106 15 221 0 0 0
358 1305 58 91 222 0 0 0
-556 873 86 80 223 0 0 0
-108 -564 152 92 224 0 0 0
-618 -1537 96 91 225 0 0 0
313 -911 120 94 226 0 0 0
-720 66 118 19 227 0 0 0
864 214 130 82 228 0 0 0
1244 494 57 30 229 0 0 0
-477 1512 117 93 230 0 0 0
1171 -846 145 91 231 0 0 0
257 799 171 97 232 0 0 0
-761 -337 186 41 233 0 0 0
833 -532 55 42 234 0 0 0
975 -37 79 22 235 0 0 0
-1501 -609 165 87 236 0 0 0
352 -90 129 16 237 0 0 0
-1427 320 118 81 238 0 0 0
1490 223 38 46 239 0 0 0
830 -1706 126 56 240 0 0 0
122 1072 163 63 241 0 0 0
1017 -1182 114 49 242 0 0 0
-1704 -1674 20 48 243 0 0 0
-1122 661 66 65 244 0 0 0
-844 759 56 47 245 0 0 0
1658 -639 128 63 246 0 0 0
1260 -582 96 91 247 0 0 0
-521 464 167 52 248 0 0 0
1277 -930 111 29 249 0 0 0
-3 -8 190 32 250 0 0 0
-1057 -844 184 68 251 0 0 0
1611 393 134 72 252 0 0 0
-1430 -1699 47 19 253 0 0 0
-991 -49 176 26 254 0 0 0
-894 -1085 37 34 255 0 0 0
886 -816 152 32 256 0 0 0
-1148 -28 190 22 257 0 0 0
-664 -14 197 29 258 0 0 0
1268 1560 95 13 259 0 0 0
-1255 -948 83 87 260 0 0 0
-435 -1515 20 24 261 0 0 0
408 -1621 23 36 262 0 0 0
-975 -1188 28 67 263 0 0 0
-1707 1551 127 79 264 0 0 0
1438 -783 135 54 265 0 0 0
-1249 -543 104 40 266 0 0 0
-271 -984 56 22 267 0 0 0
668 878 20 63 268 0 0 0
901 435 112 51 269 0 0 0
-963 -839 101 78 270 0 0 0
-853 -138 25 38 271 0 0 0
4 1334 150 78 272 0 0 0
1539 203 100 85 273 0 0 0
1512 -137 29 48 274 0 0 0
10 1314 106 29 275 0 0 0
-1379 -1415 68 65 276 0 0 0
-916 634 116 52 277 0 0 0
-465 -147 49 26 278 0 0 0
323 22 117 38 279 0 0 0
-344 1654 75 26 280 0 0 0
1122 -635 188 98 281 0 0 0
-1412 -833 137 94 282 0 0 0
-997 -1064 36 47 283 0 0 0
-1062 -911 168 29 284 0 0 0
-1628 -1620 84 90 285 0 0 0
313 20 97 47 286 0 0 0
-1013 -1630 75 39 287 0 0 0
1413 884 33 58 288 0 0 0
-1699 462 45 33 289 0 0 0
-1683 746 165 31 290 0 0 0
1027 254 92 39 291 0 0 0
715 -1201 124 28 292 0 0 0
369 -1324 56 54 293 0 0 0
769 -1688 89 31 294 0 0 0
123 -859 113 96 295 0 0 0
-1334 -410 117 21 296 0 0 0
-1160 -262 89 48 297 0 0 0
1721 -256 27 69 298 0 0 0
-793 163 179 52 299 0 0 0
750 -677 182 54 300 0 0 0
-1093 1590 20 87 301 0 0 0
290 -1429 190 50 302 0 0 0
-459 454 116 68 303 0 0 0
1677 -553 162 21 304 0 0 0
-937 -84 52 72 305 0 0 0
-109 -363 128 91 306 0 0 0
1357 -638 114 40 307 0 0 0
1053 -1639 118 64 308 0 0 0
-1654 -1131 31 87 309 0 0 0
-293 886 51 96 310 0 0 0
847 1123 119 91 311 0 0 0
-543 -1131 89 56 312 0 0 0
1588 1667 99 94 313 0 0 0
-678 1550 29 38 314 0 0 0
-1582 -247 128 44 315 0 0 0
363 -7 26 55 316 0 0 0
1473 810 87 96 317 0 0 0
192 -1612 98 92 318 0 0 0
-1282 -944 140 22 319 0 0 0
696 957 161 66 320 0 0 0
1670 1147 34 39 321 0 0 0
1727 -1214 58 33 322 0 0 0
-3 -641 40 98 323 0 0 0
390 -1059 76 64 324 0 0 0
-1167 -1299 175 81 325 0 0 0
366 -1693 51 48 326 0 0 0
-903 -400 118 10 327 0 0 0
1540 299 100 26 328 0 0 0
-631 539 69 95 329 0 0 0
-1228 -1312 85 64 330 0 0 0
1721 1164 75 78 331 0 0 0
833 1494 187 48 332 0 0 0
-1058 964 150 97 333 0 0 0
273 -1032 113 60 334 0 0 0
-1339 -1616 181 10 335 0 0 0
-478 -428 156 63 336 0 0 0
1296 685 190 66 337 0 0 0
212 -1309 56 55 338 0 0 0
649 707 57 83 339 0 0 0
1434 -26 52 44 340 0 0 0
-311 -1593 176 31 341 0 0 0
-272 -1493 94 17 342 0 0 0
-1286 1208 155 29 343 0 0 0
876 -1383 39 88 344 0 0 0
-1715 -1279 72 93 345 0 0 0
-1227 -1286 92 80 346 0 0 0
1411 308 51 68 347 0 0 0
837 106 78 51 348 0 0 0
-1547 413 33 49 349 0 0 0
1678 -1678 96 48 350 0 0 0
1468 6 30 20 351 0 0 0
-304 1074 36 81 352 0 0 0
1157 93 163 70 353 0 0 0
-1396 -903 124 96 354 0 0 0
-531 1517 156 43 355 0 0 0
710 234 41 40 356 0 0 0
1501 -449 69 21 357 0 0 0
1658 -1496 41 78 358 0 0 0
-522 -849 32 47 359 0 0 0
669 889 165 11 360 0 0 0
1554 811 121 22 361 0 0 0
-177 431 52 53 362 0 0 0
-597 587 93 50 363 0 0 0
6 -1472 26 88 364 0 0 0
1690 966 198 83 365 0 0 0
-858 -855 87 17 366 0 0 0
648 1004 32 72 367 0 0 0
-1296 -1037 67 25 368 0 0 0
280 -1494 106 43 369 0 0 0
-1226 -677 145 69 370 0 0 0
-815 1411 97 72 371 0 0 0
885 687 21 100 372 0 0 0
-1064 6 106 40 373 0 0 0
1244 -615 158 14 374 0 0 0
1212 350 92 100 375 0 0 0
1333 -220 158 56 376 0 0 0
1555 -1712 134 86 377 0 0 0
-1371 826 147 37 378 0 0 0
853 1430 133 90 379 0 0 0
96 907 33 23 380 0 0 0
-1159 1561 100 16 381 0 0 0
-1420 -392 73 25 382 0 0 0
-702 -498 191 93 383 0 0 0
-602 1709 41 26 384 0 0 0
-1308 -341 32 68 385 0 0 0
-330 -1238 44 83 386 0 0 0
433 -405 61 23 387 0 0 0
-306 -77 196 63 388 0 0 0
1054 258 142 62 389 0 0 0
-679 -1699 98 56 390 0 0 0
-1503 1294 183 75 391 0 0 0
-626 -1635 189 69 392 0 0 0
-1023 641 183 71 393 0 0 0
-336 1541 77 52 394 0 0 0
-1 822 72 99 395 0 0 0
204 622 119 75 396 0 0 0
1174 1350 104 25 397 0 0 0
834 1563 148 34 398 0 0 0
339 -1301 54 30 399 0 0 0
-496 1010 196 68 400 0 0 0
1005 843 114 50 401 0 0 0
-1164 -413 143 25 402 0 0 0
-1421 1283 72 78 403 0 0 0
-1713 -573 163 54 404 0 0 0
1139 -178 144 80 405 0 0 0
208 1484 167 86 406 0 0 0
-760 434 131 49 407 0 0 0
-1571 -1188 31 74 408 0 0 0
301 -324 174 35 409 0 0 0
-153 590 184 56 410 0 0 0
-832 1402 153 43 411 0 0 0
1648 1675 65 28 412 0 0 0
925 611 53 15 413 0 0 0
212 284 37 59 414 0 0 0
1143 -769 176 67 415 0 0 0
-837 1324 112 74 416 0 0 0
-732 -1547 23 10 417 0 0 0
1108 -1063 138 66 418 0 0 0
-571 573 133 23 419 0 0 0
1505 739 40 80 420 0 0 0
99 504 57 98 421 0 0 0
486 -477 85 50 422 0 0 0
-1594 799 158 98 423 0 0 0
-326 1039 132 21 424 0 0 0
-40 1258 148 38 425 0 0 0
1453 1725 40 72 426 0 0 0
666 1363 39 44 427 0 0 0
66 66 192 21 428 0 0 0
1405 525 140 28 429 0 0 0
-883 586 50 79 430 0 0 0
-1639 -935 81 97 431 0 0 0
189 -35 87 43 432 0 0 0
-818 1460 124 55 433 0 0 0
-1396 -1489 126 80 434 0 0 0
-1167 -1337 174 20 435 0 0 0
1081 -1063 103 36 436 0 0 0
505 1220 80 99 437 0 0 0
1211 1303 170 82 438 0 0 0
-845 -1428 136 32 439 0 0 0
-507 -431 24 69 440 0 0 0
-766 -1311 90 10 441 0 0 0
-414 -1376 145 10 442 0 0 0
441 -1038 168 95 443 0 0 0
-307 1566 78 80 444 0 0 0
-425 -1712 123 82 445 0 0 0
-1526 1100 75 59 446 0 0 0
-1694 -1551 57 16 447 0 0 0
1412 118 124 70 448 0 0 0
-1058 306 108 57 449 0 0 0
-1240 553 28 95 450 0 0 0
-516 1207 124 19 451 0 0 0
918 -1624 49 47 452 0 0 0
-1100 902 23 33 453 0 0 0
-1483 -703 127 19 454 0 0 0
-1591 699 149 15 455 0 0 0
-939 -1002 103 85 456 0 0 0
1236 267 33 94 457 0 0 0
1501 402 45 95 458 0 0 0
1132 427 63 46 459 0 0 0
660 1283 26 59 460 0 0 0
-1562 -476 110 80 461 0 0 0
-85 1402 145 91 462 0 0 0
-819 -1514 75 62 463 0 0 0
265 1373 146 38 464 0 0 0
1578 -110 139 53 465 0 0 0
-1679 1520 136 41 466 0 0 0
599 579 76 11 467 0 0 0
-701 330 44 44 468 0 0 0
-1149 -675 94 88 469 0 0 0
-803 -1081 133 53 470 0 0 0
545 -1406 178 48 471 0 0 0
476 -1594 37 31 472 0 0 0
-1503 438 193 91 473 0 0 0
828 -826 116 52 474 0 0 0
1379 674 47 89 475 0 0 0
-1565 -539 123 80 476 0 0 0
867 1565 63 37 477 0 0 0
93 -630 29 66 478 0 0 0
-973 -288 174 25 479 0 0 0
1607 1061 99 93 480 0 0 0
-436 1344 123 35 481 0 0 0
1599 646 108 28 482 0 0 0
447 -584 161 14 483 0 0 0
225 926 37 30 484 0 0 0
299 -368 128 21 485 0 0 0
481 -847 165 15 486 0 0 0
-1629 -370 90 40 487 0 0 0
542 -1740 47 32 488 0 0 0
527 -930 72 24 489 0 0 0
-1411 -593 155 34 490 0 0 0
-878 -1363 36 61 491 0 0 0
765 1290 38 48 492 0 0 0
-455 -470 71 84 493 0 0 0
195 961 80 41 494 0 0 0
-481 -902 192 53 495 0 0 0
-1373 967 56 14 496 0 0 0
322 -118 41 79 497 0 0 0
-578 364 127 21 498 0 0 0
-1236 -400 152 56 499 0 0 0
-851 -308 47 65 500 0 0 0
611 -294 166 82 501 0 0 0
-437 767 125 88 502 0 0 0
-154 234 124 21 503 0 0 0
-911 730 126 20 504 0 0 0
715 1149 162 67 505 0 0 0
-74 -46 21 56 506 0 0 0
1583 -627 53 79 507 0 0 0
-388 -166 108 36 508 0 0 0
-1372 10 183 11 509 0 0 0
690 -1500 46 53 510 0 0 0
-836 -688 72 57 511 0 0 0
790 -837 38 65 512 0 0 0
634 -1455 120 33 513 0 0 0
-1254 -1655 84 100 514 0 0 0
-639 685 56 75 515 0 0 0
-111 -1143 65 52 516 0 0 0
350 1187 159 99 517 0 0 0
1073 1448 85 72 518 0 0 0
-1082 -1285 68 79 519 0 0 0
-725 -1724 102 37 520 0 0 0
509 1133 71 98 521 0 0 0
424 1367 137 17 522 0 0 0
-211 495 178 89 523 0 0 0
1148 -1092 29 48 524 0 0 0
1734 1125 55 66 525 0 0 0
-1587 1091 119 79 526 0 0 0
-1419 1387 165 37 527 0 0 0
280 979 174 37 528 0 0 0
292 -1137 102 13 529 0 0 0
334 -374 198 60 530 0 0 0
-674 1625 74 36 531 0 0 0
-1529 811 40 90 532 0 0 0
1277 948 89 90 533 0 0 0
-1489 -1300 139 72 534 0 0 0
-409 -1606 64 71 535 0 0 0
1567 297 168 31 536 0 0 0
-361 292 70 57 537 0 0 0
-449 773 33 51 538 0 0 0
528 -692 142 33 539 0 0 0
1517 -273 38 78 540 0 0 0
-1536 -1613 161 77 541 0 0 0
726 1239 159 99 542 0 0 0
1638 -1457 128 13 543 0 0 0
-1522 425 142 43 544 0 0 0
-478 800 23 43 545 0 0 0
379 702 160 30 546 0 0 0
1462 -1239 44 34 547 0 0 0
1529 -684 22 77 548 0 0 0
-1389 1169 165 33 549 0 0 0
-1527 -216 181 50 550 0 0 0
619 -870 139 79 551 0 0 0
1385 1336 23 13 552 0 0 0
-426 768 38 16 553 0 0 0
-835 -836 32 14 554 0 0 0
998 -1231 41 45 555 0 0 0
450 -863 118 47 556 0 0 0
-1422 -511 43 67 557 0 0 0
-633 -934 164 57 558 0 0 0
-798 -543 115 34 559 0 0 0
1236 1532 51 15 560 0 0 0
-1028 237 139 77 561 0 0 0
1191 211 188 100 562 0 0 0
1078 1077 84 60 563 0 0 0
1647 -1433 197 63 564 0 0 0
61 1121 148 28 565 0 0 0
-1049 -203 104 91 566 0 0 0
-1658 -1080 115 76 567 0 0 0
-664 546 136 43 568 0 0 0
1132 -1078 29 78 569 0 0 0
130 830 149 78 570 0 0 0
-829 -954 191 43 571 0 0 0
49 70 136 35 572 0 0 0
-1049 409 137 44 573 0 0 0
559 -424 25 76 574 0 0 0
592 -717 94 84 575 0 0 0
-685 449 130 75 576 0 0 0
554 -983 63 98 577 0 0 0
-955 -1338 174 23 578 0 0 0
1523 -1589 156 49 579 0 0 0
781 -836 93 46 580 0 0 0
863 1528 43 12 581 0 0 0
1667 1424 66 87 582 0 0 0
836 -1551 59 40 583 0 0 0
1532 -601 58 63 584 0 0 0
1237 730 59 65 585 0 0 0
7 1493 31 15 586 0 0 0
913 750 145 37 587 0 0 0
-203 1675 161 54 588 0 0 0
610 383 64 20 589 0 0 0
727 705 133 71 590 0 0 0
1560 368 140 60 591 0 0 0
1 -1462 121 42 592 0 0 0
-844 -110 86 54 593 0 0 0
1316 -408 153 39 594 0 0 0
-327 -574 100 89 595 0 0 0
1348 1035 70 50 596 0 0 0
1613 -515 146 30 597 0 0 0
-1580 122 121 54 598 0 0 0
-1612 545 74 29 599 0 0 0
-298 22 82 41 600 0 0 0
-564 -547 174 96 601 0 0 0
332 125 62 68 602 0 0 0
415 6 197 98 603 0 0 0
-658 -1258 84 30 604 0 0 0
-70 138 115 53 605 0 0 0
-1 1152 139 21 606 0 0 0
-1675 697 50 36 607 0 0 0
-1315 -48 62 11 608 0 0 0
62 -807 112 96 609 0 0 0
-399 -1374 62 30 610 0 0 0
-826 615 31 17 611 0 0 0
-318 1469 41 14 612 0 0 0
-226 1558 74 78 613 0 0 0
1423 983 111 11 614 0 0 0
-1514 -1082 179 38 615 0 0 0
708 1600 77 61 616 0 0 0
1536 -951 88 52 617 0 0 0
59 -1421 151 31 618 0 0 0
-1458 1663 84 20 619 0 0 0
661 -751 101 27 620 0 0 0
-625 1275 35 87 621 0 0 0
552 -742 145 42 622 0 0 0
-1231 982 140 38 623 0 0 0
492 -669 75 24 624 0 0 0
78 -1289 109 64 625 0 0 0
288 -912 109 17 626 0 0 0
1338 1101 132 25 627 0 0 0
-1405 -988 146 90 628 0 0 0
364 -722 123 15 629 0 0 0
445 340 38 19 630 0 0 0
999 -1624 129 72 631 0 0 0
1227 -470 152 90 632 0 0 0
1310 1347 60 32 633 0 0 0
-354 -174 29 84 634 0 0 0
-1077 1277 163 66 635 0 0 0
-1312 -325 25 58 636 0 0 0
-1331 -124 29 35 637 0 0 0
723 1324 69 80 638 0 0 0
-1445 -795 89 68 639 0 0 0
1473 1135 188 71 640 0 0 0
478 -1566 114 100 641 0 0 0
-1021 -1114 51 59 642 0 0 0
1464 1727 56 30 643 0 0 0
1100 1263 69 23 644 0 0 0
-859 -1426 166 37 645 0 0 0
-732 -900 49 57 646 0 0 0
155 -1016 92 77 647 0 0 0
-180 89 48 99 648 0 0 0
301 -806 37 83 649 0 0 0
-1655 -1085 90 30 650 0 0 0
1016 773 82 70 651 0 0 0
-516 -1480 27 32 652 0 0 0
1170 -666 50 96 653 0 0 0
170 -1575 177 48 654 0 0 0
490 -1164 140 67 655 0 0 0
1514 238 83 66 656 0 0 0
666 1394 185 43 657 0 0 0
-176 -502 70 85 658 0 0 0
1299 -208 87 42 659 0 0 0
-1497 1428 182 63 660 0 0 0
-585 -177 42 85 661 0 0 0
-706 -1348 60 77 662 0 0 0
-1467 998 173 77 663 0 0 0
267 -35 79 20 664 0 0 0
-516 -901 124 95 665 0 0 0
839 890 51 42 666 0 0 0
-672 -1190 88 51 667 0 0 0
-181 -115 127 25 668 0 0 0
1616 -264 136 74 669 0 0 0
551 1273 34 37 670 0 0 0
-452 -1232 106 58 671 0 0 0
807 440 154 37 672 0 0 0
135 -794 130 56 673 0 0 0
-1733 -336 141 36 674 0 0 0
-1425 1059 187 16 675 0 0 0
-441 -1617 138 66 676 0 0 0
-1474 -1235 178 45 677 0 0 0
-1224 -148 65 58 678 0 0 0
1282 463 43 59 679 0 0 0
-350 139 52 68 680 0 0 0
-600 903 54 83 681 0 0 0
35 774 145 66 682 0 0 0
320 418 146 45 683 0 0 0
-823 -121 128 27 684 0 0 0
-649 633 93 86 685 0 0 0
544 921 188 81 686 0 0 0
-1355 -670 165 18 687 0 0 0
625 1627 116 23 688 0 0 0
-1071 -150 155 59 689 0 0 0
-1732 873 119 89 690 0 0 0
584 811 111 50 691 0 0 0
438 -1404 81 38 692 0 0 0
175 -1480 133 79 693 0 0 0
1599 31 102 21 694 0 0 0
633 -469 41 33 695 0 0 0
-140 568 101 81 696 0 0 0
286 -909 118 91 697 0 0 0
1555 542 42 44 698 0 0 0
1717 -288 111 33 699 0 0 0
481 -1457 195 46 700 0 0 0
-243 1125 116 42 701 0 0 0
742 -49 144 54 702 0 0 0
1207 -1223 171 72 703 0 0 0
981 1110 125 83 704 0 0 0
402 -1490 43 45 705 0 0 0
499 393 60 12 706 0 0 0
1166 -943 104 34 707 0 0 0
573 1027 149 26 708 0 0 0
1160 -1129 70 94 709 0 0 0
280 -424 63 15 710 0 0 0
243 993 84 14 711 0 0 0
-530 1481 158 22 712 0 0 0
1518 -1075 61 63 713 0 0 0
-902 -1325 175 95 714 0 0 0
-843 330 80 39 715 0 0 0
-493 636 23 12 716 0 0 0
-1635 1650 52 98 717 0 0 0
1258 693 47 12 718 0 0 0
-1637 -660 186 77 719 0 0 0
603 -993 68 94 720 0 0 0
-78 1021 33 98 721 0 0 0
1635 -32 192 83 722 0 0 0
1446 -1295 169 83 723 0 0 0
-239 971 106 13 724 0 0 0
-1680 -419 163 58 725 0 0 0
1600 1599 182 63 726 0 0 0
154 405 181 74 727 0 0 0
-910 -1703 94 73 728 0 0 0
676 -1552 27 85 729 0 0 0
-1683 1437 153 77 730 0 0 0
173 397 53 45 731 0 0 0
374 1069 163 62 732 0 0 0
1488 -255 194 30 733 0 0 0
-612 1169 54 16 734 0 0 0
-824 1611 169 59 735 0 0 0
-115 169 152 46 736 0 0 0
-898 1074 42 83 737 0 0 0
-1343 -562 35 95 738 0 0 0
1724 1498 20 89 739 0 0 0
1262 -1296 152 43 740 0 0 0
280 -715 49 62 741 0 0 0
-401 -718 101 11 742 0 0 0
1356 -715 35 52 743 0 0 0
-1644 -674 155 34 744 0 0 0
-1506 1403 64 98 745 0 0 0
1514 1522 181 34 746 0 0 0
231 -1476 147 79 747 0 0 0
-246 -913 35 17 748 0 0 0
259 -1178 104 21 749 0 0 0
-362 -849 100 100 750 0 0 0
-456 -1676 80 84 751 0 0 0
-844 376 156 57 752 0 0 0
61 773 49 38 753 0 0 0
279 755 46 72 754 0 0 0
-1017 -32 127 24 755 0 0 0
251 1087 134 91 756 0 0 0
64 -1551 29 78 757 0 0 0
-1452 713 104 11 758 0 0 0
359 -1507 109 61 759 0 0 0
-445 -1326 58 20 760 0 0 0
-1385 1291 62 42 761 0 0 0
-1564 1052 24 36 762 0 0 0
-587 -1113 164 94 763 0 0 0
-520 966 186 23 764 0 0 0
524 -1568 118 79 765 0 0 0
-221 -296 167 73 766 0 0 0
788 -1219 24 58 767 0 0 0
1351 1596 48 56 768 0 0 0
1178 179 180 35 769 0 0 0
-434 -82 181 94 770 0 0 0
642 145 119 79 771 0 0 0
-1143 -1601 25 18 772 0 0 0
1285 916 168 51 773 0 0 0
1292 1245 163 82 774 0 0 0
-890 -838 87 77 775 0 0 0
-1344 203 97 61 776 0 0 0
1532 -1662 174 42 777 0 0 0
-1321 214 146 21 778 0 0 0
318 -716 21 46 779 0 0 0
788 385 84 47 780 0 0 0
1696 -277 122 48 781 0 0 0
-1532 1124 72 17 782 0 0 0
1515 741 90 79 783 0 0 0
-1687 761 176 13 784 0 0 0
-1150 1086 46 96 785 0 0 0
-408 1025 119 24 786 0 0 0
787 7 81 12 787 0 0 0
1319 1059 159 24 788 0 0 0
1555 1316 184 23 789 0 0 0
-1398 489 189 19 790 0 0 0
1692 125 124 45 791 0 0 0
717 526 95 67 792 0 0 0
499 -120 85 90 793 0 0 0
75 829 168 53 794 0 0 0
1562 -611 198 78 795 0 0 0
-1504 -1221 90 23 796 0 0 0
-43 -684 26 75 797 0 0 0
-1046 799 195 27 798 0 0 0
1026 373 143 41 799 0 0 0
439 -1183 28 34 800 0 0 0
-1438 -1523 56 40 801 0 0 0
1195 865 53 66 802 0 0 0
-797 1014 102 25 803 0 0 0
-1224 -390 34 32 804 0 0 0
-572 -597 66 99 805 0 0 0
362 -663 135 37 806 0 0 0
1158 736 126 77 807 0 0 0
-530 -242 132 31 808 0 0 0
973 -823 127 21 809 0 0 0
-553 949 176 73 810 0 0 0
1417 -595 160 49 811 0 0 0
-1675 1682 159 73 812 0 0 0
-991 -934 115 68 813 0 0 0
-313 -215 185 82 814 0 0 0
-542 1217 157 23 815 0 0 0
286 -1711 38 90 816 0 0 0
319 99 40 42 817 0 0 0
859 -1112 102 31 818 0 0 0
758 -729 153 92 819 0 0 0
1503 461 58 72 820 0 0 0
1024 -990 146 19 821 0 0 0
533 995 183 62 822 0 0 0
344 522 152 95 823 0 0 0
-1534 -701 40 100 824 0 0 0
1638 -1068 35 19 825 0 0 0
469 113 37 72 826 0 0 0
1524 -942 67 59 827 0 0 0
-1010 -608 182 71 828 0 0 0
1438 -1025 145 67 829 0 0 0
843 927 147 83 830 0 0 0
761 1155 126 79 831 0 0 0
-26 -942 43 87 832 0 0 0
480 -1572 155 13 833 0 0 0
767 1089 38 89 834 0 0 0
-216 -831 69 54 835 0 0 0
-849 808 20 68 836 0 0 0
1162 -94 148 72 837 0 0 0
615 1094 55 40 838 0 0 0
35 -779 39 68 839 0 0 0
1372 -1115 200 21 840 0 0 0
-305 -1019 137 79 841 0 0 0
143 -1194 105 45 842 0 0 0
1419 385 173 50 843 0 0 0
-64 -3 183 13 844 0 0 0
-348 736 134 77 845 0 0 0
-266 -705 20 78 846 0 0 0
-887 148 96 45 847 0 0 0
-1452 -1327 105 30 848 0 0 0
-285 -951 25 62 849 0 0 0
1104 -366 114 45 850 0 0 0
36 1226 85 43 851 0 0 0
385 631 150 17 852 0 0 0
-1024 1333 169 61 853 0 0 0
88 802 79 55 854 0 0 0
1617 144 82 40 855 0 0 0
-1017 1646 194 82 856 0 0 0
1256 1290 88 82 857 0 0 0
-411 186 192 76 858 0 0 0
-1171 -506 104 69 859 0 0 0
-381 -706 146 51 860 0 0 0
253 637 77 43 861 0 0 0
682 -1328 122 55 862 0 0 0
1227 128 105 77 863 0 0 0
-1276 -45 30 59 864 0 0 0
-124 162 146 41 865 0 0 0
-1414 1681 86 79 866 0 0 0
-243 1735 100 93 867 0 0 0
-994 140 143 49 868 0 0 0
707 401 195 91 869 0 0 0
403 1590 56 92 870 0 0 0
-713 477 95 56 871 0 0 0
-793 719 196 58 872 0 0 0
1274 1027 128 31 873 0 0 0
-1347 262 189 83 874 0 0 0
-1633 -856 141 45 875 0 0 0
1624 -507 35 64 876 0 0 0
-209 -452 72 30 877 0 0 0
327 -703 81 58 878 0 0 0
-574 1437 137 39 879 0 0 0
-1598 701 185 48 880 0 0 0
-490 1269 198 32 881 0 0 0
215 -397 39 54 882 0 0 0
-5 -207 179 88 883 0 0 0
753 1720 71 24 884 0 0 0
975 -718 176 56 885 0 0 0
1267 -1397 136 25 886 0 0 0
1254 175 180 95 887 0 0 0
-1167 1006 151 52 888 0 0 0
-126 1247 122 100 889 0 0 0
-1014 -173 122 35 890 0 0 0
-705 1473 164 26 891 0 0 0
-1661 -454 90 64 892 0 0 0
-1500 -334 123 39 893 0 0 0
-569 1419 173 93 894 0 0 0
-223 -241 155 34 895 0 0 0
-768 -1609 39 93 896 0 0 0
-1544 -789 100 91 897 0 0 0
1075 -721 121 40 898 0 0 0
-982 -999 36 59 899 0 0 0
-1718 1094 174 24 900 0 0 0
-159 426 132 79 901 0 0 0
-343 1701 192 49 902 0 0 0
305 -73 135 29 903 0 0 0
111 1587 159 100 904 0 0 0
902 -1293 37 44 905 0 0 0
-946 719 172 85 906 0 0 0
956 1343 74 75 907 0 0 0
1273 -261 199 66 908 0 0 0
-1191 178 110 93 909 0 0 0
1492 1415 90 91 910 0 0 0
524 1350 153 29 911 0 0 0
-366 312 130 81 912 0 0 0
-850 -1739 96 83 913 0 0 0
1279 25 195 20 914 0 0 0
1290 -639 148 61 915 0 0 0
939 -747 38 83 916 0 0 0
1252 283 116 59 917 0 0 0
612 -299 108 88 918 0 0 0
1138 -915 194 63 919 0 0 0
57 -427 107 33 920 0 0 0
930 66 147 71 921 0 0 0
-1131 -169 63 28 922 0 0 0
165 -1445 70 80 923 0 0 0
-29 -1149 110 66 924 0 0 0
-1246 1719 64 57 925 0 0 0
-64 482 88 46 926 0 0 0
579 -1603 97 31 927 0 0 0
882 -143 66 56 928 0 0 0
611 -1658 91 53 929 0 0 0
-1296 -1225 103 55 930 0 0 0
-188 1221 144 37 931 0 0 0
-466 -1354 28 56 932 0 0 0
-1719 761 181 79 933 0 0 0
-1689 -714 145 18 934 0 0 0
809 376 121 89 935 0 0 0
-143 1638 130 70 936 0 0 0
1019 1599 40 75 937 0 0 0
248 222 193 46 938 0 0 0
1698 -613 142 30 939 0 0 0
76 1716 22 85 940 0 0 0
-279 191 116 16 941 0 0 0
-966 640 141 39 942 0 0 0
-470 1654 69 17 943 0 0 0
-89 231 26 68 944 0 0 0
24 -1292 124 67 945 0 0 0
-123 1038 145 90 946 0 0 0
1508 177 122 13 947 0 0 0
60 -1636 197 78 948 0 0 0
1511 -1157 167 87 949 0 0 0
-192 583 117 73 950 0 0 0
-991 350 27 61 951 0 0 0
1500 -472 195 47 952 0 0 0
-1635 -892 62 54 953 0 0 0
392 -111 30 37 954 0 0 0
1552 1061 77 76 955 0 0 0
777 1341 191 26 956 0 0 0
1642 658 197 73 957 0 0 0
-514 1486 62 30 958 0 0 0
-1411 -1279 142 13 959 0 0 0
-426 -782 137 96 960 0 0 0
-1573 1713 154 80 961 0 0 0
-872 -327 167 12 962 0 0 0
159 749 118 84 963 0 0 0
875 825 89 71 964 0 0 0
-1402 -981 25 15 965 0 0 0
-80 934 101 30 966 0 0 0
28 -270 50 14 967 0 0 0
-1398 -331 164 71 968 0 0 0
1141 -116 136 30 969 0 0 0
-1157 -1245 25 68 970 0 0 0
-350 973 173 22 971 0 0 0
1262 696 101 95 972 0 0 0
-377 1625 127 98 973 0 0 0
-666 124 159 94 974 0 0 0
1679 190 55 62 975 0 0 0
-1315 -1228 152 36 976 0 0 0
-65 -108 80 88 977 0 0 0
1082 856 30 99 978 0 0 0
-1154 1057 42 90 979 0 0 0
1001 867 36 67 980 0 0 0
864 134 52 21 981 0 0 0
1198 -1087 66 69 982 0 0 0
-989 393 38 58 983 0 0 0
-1095 945 96 61 984 0 0 0
-806 1154 196 76 985 0 0 0
-1183 -862 117 48 986 0 0 0
1202 -341 159 88 987 0 0 0
1366 -454 40 88 988 0 0 0
1673 176 41 42 989 0 0 0
1429 534 43 44 990 0 0 0
-1704 1225 178 88 991 0 0 0
570 1500 43 86 992 0 0 0
-1505 1124 32 29 993 0 0 0
551 866 89 55 994 0 0 0
-4 -1276 181 19 995 0 0 0
469 1684 111 52 996 0 0 0
-718 604 76 23 997 0 0 0
-597 -702 77 85 998 0 0 0
-1290 266 181 54 999 0 0 0