365
1491 6894 76 31 Berlin 0 1491 6894
1022 6238 62 39 Stuttgart 0 1022 6238
966 6466 55 39 Frankfurt 0 966 6466
943 6359 54 43 Mannheim 0 943 6359
1114 7090 60 39 Hamburg 0 1114 7090
780 6702 61 41 Essen 0 780 6702
753 6698 58 36 Duisburg 0 753 6698
1289 6131 78 35 Munich 0 1289 6131
756 6661 55 49 Düsseldorf 0 756 6661
773 6609 61 27 Cologne 0 773 6609
797 6669 45 35 Wuppertal 0 797 6669
777 6314 69 32 Saarbrücken 0 777 6314
1234 6357 73 46 Marienberg 0 1234 6357
982 6996 40 31 Bremen 0 982 6996
1083 6870 46 49 Hannover 0 1083 6870
789 6574 62 47 Bonn 0 789 6574
1530 6629 40 41 Dresden 0 1530 6629
918 6460 43 37 Wiesbaden 0 918 6460
831 6712 44 32 Dortmund 0 831 6712
1378 6682 62 29 Leipzig 0 1378 6682
966 6343 54 34 Heidelberg 0 966 6343
935 6276 71 31 Karlsruhe 0 935 6276
1213 6168 79 45 Augsburg 0 1213 6168
950 6805 48 35 Bielefeld 0 950 6805
843 6507 59 41 Koblenz 0 843 6507
1437 6588 75 25 Altchemnitz 0 1437 6588
1055 6676 49 47 Kassel 0 1055 6676
848 6793 69 29 Münster 0 848 6793
1128 7229 43 27 Kiel 0 1128 7229
873 6106 50 50 Freiburg 0 873 6106
1171 6848 51 29 Braunschweig 0 1171 6848
1220 6356 64 25 Fürth 0 1220 6356
1189 7144 63 47 Lübeck 0 1189 7144
896 6849 43 47 Osnabrück 0 896 6849
1294 6823 53 30 Magdeburg 0 1294 6823
1453 6873 73 34 Potsdam 0 1453 6873
1228 6617 55 43 Erfurt 0 1228 6617
1348 7186 56 30 Rostock 0 1348 7186
921 6443 45 30 Mainz 0 921 6443
1109 6173 80 31 Ulm 0 1109 6173
1107 6410 77 41 Würzburg 0 1107 6410
914 7009 56 39 Oldenburg 0 914 7009
1349 6280 49 35 Regensburg 0 1349 6280
1271 6235 76 43 Ingolstadt 0 1271 6235
1105 6717 58 46 Göttingen 0 1105 6717
954 7085 66 43 Bremerhaven 0 954 7085
1595 6756 40 33 Cottbus 0 1595 6756
1290 6608 68 49 Jena 0 1290 6608
1345 6599 58 50 Gera 0 1345 6599
1050 7320 55 29 Flensburg 0 1050 7320
1270 7100 72 47 Schwerin 0 1270 7100
1349 6083 77 30 Rosenheim 0 1349 6083
965 6548 58 30 Gießen 0 965 6548
1457 7230 74 48 Stralsund 0 1457 7230
1220 6491 64 28 Coburg 0 1220 6491
1323 6503 46 26 Hofeck 0 1323 6503
802 7051 78 34 Emden 0 802 7051
987 6789 47 48 Detmold 0 987 6789
1500 6647 80 34 Meißen 0 1500 6647
1129 6401 58 47 Kitzingen 0 1129 6401
1391 6212 64 45 Dingolfing 0 1391 6212
960 6384 67 49 Heppenheim 0 960 6384
1446 6720 58 42 Torgau 0 1446 6720
992 6469 41 38 Hanau 0 992 6469
1008 7262 65 41 Husum 0 1008 7262
1348 6330 74 47 Schwandorf 0 1348 6330
726 6440 66 45 Bitburg 0 726 6440
1408 6313 68 45 Cham 0 1408 6313
1407 6084 77 50 Traunstein 0 1407 6084
1241 6977 46 29 Lüchow 0 1241 6977
1174 6886 54 34 Gifhorn 0 1174 6886
1089 6123 53 38 Biberach 0 1089 6123
1433 6061 62 42 Bad_Reichenhall 0 1433 6061
1077 6322 71 32 Künzelsau 0 1077 6322
1221 6280 42 44 Weißenburg 0 1221 6280
1461 6270 73 28 Regen 0 1461 6270
1232 6351 43 41 Nuremberg 0 1232 6351
832 7070 69 29 Aurich 0 832 7070
786 6878 63 33 Nordhorn 0 786 6878
1239 6183 60 45 Aichach 0 1239 6183
976 6587 50 35 Marburg 0 976 6587
1669 6650 45 43 Görlitz 0 1669 6650
922 6932 68 26 Vechta 0 922 6932
738 6404 46 50 Trier 0 738 6404
846 6309 73 40 Pirmasens 0 846 6309
1551 6613 40 36 Pirna 0 1551 6613
906 6334 56 38 Neustadt 0 906 6334
1585 6831 56 47 Beeskow 0 1585 6831
882 7030 64 41 Westerstede 0 882 7030
1028 6968 63 44 Verden 0 1028 6968
930 6382 63 37 Worms 0 930 6382
722 6586 58 32 Düren 0 722 6586
1209 6114 74 47 Landsberg 0 1209 6114
1023 6256 52 45 Ludwigsburg 0 1023 6256
1159 6545 67 49 Meiningen 0 1159 6545
893 6599 55 39 Siegen 0 893 6599
1442 6247 51 40 Deggendorf 0 1442 6247
1139 6858 51 35 Peine 0 1139 6858
1618 6862 41 43 Frankfurt_(Oder) 0 1618 6862
1026 6917 49 25 Nienburg 0 1026 6917
944 7043 80 30 Brake 0 944 7043
1133 6104 40 45 Memmingen 0 1133 6104
892 6388 66 41 Kirchheimbolanden 0 892 6388
1075 6381 44 48 Tauberbischofsheim 0 1075 6381
873 6126 54 49 Emmendingen 0 873 6126
889 6791 49 36 Warendorf 0 889 6791
1146 7159 59 33 Bad_Segeberg 0 1146 7159
1047 7003 61 43 Rotenburg 0 1047 7003
1261 6487 64 37 Kronach 0 1261 6487
962 6424 51 27 Darmstadt 0 962 6424
1167 6114 41 50 Mindelheim 0 1167 6114
739 6613 68 46 Bergheim 0 739 6613
1199 6223 52 45 Donauwörth 0 1199 6223
987 6669 71 29 Korbach 0 987 6669
1472 6744 68 33 Herzberg 0 1472 6744
1042 6819 68 35 Hameln 0 1042 6819
1190 6552 55 50 Suhl 0 1190 6552
974 6504 76 40 Friedberg 0 974 6504
1326 6501 80 26 Hof 0 1326 6501
1245 6229 41 40 Neuburg 0 1245 6229
1121 6481 64 28 Bad_Kissingen 0 1121 6481
711 6666 52 44 Viersen 0 711 6666
797 6386 61 43 Birkenfeld 0 797 6386
1079 6958 70 49 Bad_Fallingbostel 0 1079 6958
1332 6706 46 38 Halle 0 1332 6706
1212 6427 64 25 Bamberg 0 1212 6427
1255 6137 58 28 Fürstenfeldbruck 0 1255 6137
744 6656 62 38 Neuss 0 744 6656
875 6418 70 35 Bad_Kreuznach 0 875 6418
1026 6298 46 43 Heilbronn 0 1026 6298
859 6504 80 39 Bad_Ems 0 859 6504
1083 6292 53 40 Schwäbisch_Hall 0 1083 6292
884 6186 48 41 Offenburg 0 884 6186
1265 6559 75 45 Saalfeld 0 1265 6559
1173 6829 43 25 Wolfenbüttel 0 1173 6829
850 6565 53 26 Altenkirchen 0 850 6565
968 6255 59 33 Pforzheim 0 968 6255
1144 6183 78 43 Günzburg 0 1144 6183
755 6561 52 27 Euskirchen 0 755 6561
1439 6592 49 31 Chemnitz 0 1439 6592
1075 7228 74 49 Rendsburg 0 1075 7228
1373 6426 77 41 Tirschenreuth 0 1373 6426
975 6463 57 43 Offenbach 0 975 6463
1175 6976 66 36 Uelzen 0 1175 6976
1390 6573 71 25 Zwickau 0 1390 6573
1227 6331 75 30 Schwabach 0 1227 6331
792 6711 66 44 Gelsenkirchen 0 792 6711
776 6665 71 33 Mettmann 0 776 6665
1069 6070 48 41 Ravensburg 0 1069 6070
830 7026 77 38 Leer 0 830 7026
865 7090 60 36 Wittmund 0 865 7090
897 6441 65 46 Ingelheim 0 897 6441
1044 6759 61 39 Höxter 0 1044 6759
1474 6937 57 39 Oranienburg 0 1474 6937
1001 6387 68 35 Erbach 0 1001 6387
1307 6174 62 43 Freising 0 1307 6174
903 6308 71 42 Landau 0 903 6308
1320 6910 62 29 Stendal 0 1320 6910
985 6153 64 26 Balingen 0 985 6153
1025 6188 43 27 Reutlingen 0 1025 6188
1148 6617 46 28 Eisenach 0 1148 6617
981 6104 74 36 Tuttlingen 0 981 6104
1111 7184 43 31 Neumünster 0 1111 7184
1112 6173 47 43 Neu-Ulm 0 1112 6173
1332 6755 69 37 Köthen 0 1332 6755
1314 6547 63 45 Schleiz 0 1314 6547
1236 6023 61 37 Garmisch-Partenkirchen 0 1236 6023
917 6233 78 30 Baden-Baden 0 917 6233
1288 6437 79 45 Bayreuth 0 1288 6437
1336 6453 79 28 Wunsiedel 0 1336 6453
1141 6750 72 49 Osterode 0 1141 6750
797 6354 58 42 Sankt_Wendel 0 797 6354
849 6660 80 34 Lüdenscheid 0 849 6660
1351 6532 79 48 Plauen 0 1351 6532
1629 6752 46 39 Forst 0 1629 6752
1280 6195 69 34 Pfaffenhofen 0 1280 6195
803 6706 75 36 Bochum 0 803 6706
1261 6617 72 31 Weimar 0 1261 6617
903 7081 72 47 Wilhelmshaven 0 903 7081
896 6512 75 42 Limburg 0 896 6512
1508 6242 58 32 Freyung 0 1508 6242
1334 6684 55 26 Merseburg 0 1334 6684
1230 6781 61 39 Halberstadt 0 1230 6781
1361 6772 45 39 Dessau-Roßlau 0 1361 6772
1353 6390 80 36 Weiden 0 1353 6390
1384 6619 42 33 Altenburg 0 1384 6619
1012 7207 47 46 Heide 0 1012 7207
1005 6221 78 45 Böblingen 0 1005 6221
1274 6463 46 39 Kulmbach 0 1274 6463
1046 6626 61 40 Homberg 0 1046 6626
1319 6997 49 43 Perleberg 0 1319 6997
766 6697 57 34 Mülheim 0 766 6697
1113 6747 47 45 Northeim 0 1113 6747
1241 6956 70 48 Salzwedel 0 1241 6956
968 7144 49 33 Cuxhaven 0 968 7144
1160 7200 64 36 Plön 0 1160 7200
1163 6658 74 29 Mühlhausen 0 1163 6658
1148 6062 50 46 Kempten 0 1148 6062
1355 7132 51 33 Güstrow 0 1355 7132
1232 6471 80 25 Lichtenfels 0 1232 6471
1139 6588 64 42 Bad_Salzungen 0 1139 6588
1241 6080 62 46 Weilheim 0 1241 6080
879 7089 66 26 Jever 0 879 7089
1219 6593 53 35 Arnstadt 0 1219 6593
1159 7029 66 27 Lüneburg 0 1159 7029
960 6992 55 39 Delmenhorst 0 960 6992
1477 7088 49 25 Neubrandenburg 0 1477 7088
909 6353 65 31 Bad_Dürkheim 0 909 6353
1358 6560 48 34 Greiz 0 1358 6560
1411 6144 45 46 Altötting 0 1411 6144
1325 6158 64 44 Erding 0 1325 6158
1546 6788 75 44 Lübben 0 1546 6788
1052 6769 79 40 Holzminden 0 1052 6769
946 6544 56 49 Wetzlar 0 946 6544
902 6723 70 48 Soest 0 902 6723
1018 6335 45 45 Mosbach 0 1018 6335
1128 6688 42 25 Heilbad_Heiligenstadt 0 1128 6688
1355 6400 45 39 Neustadt 0 1355 6400
972 6226 50 38 Calw 0 972 6226
683 6761 72 34 Kleve 0 683 6761
1447 6547 47 40 Annaberg-Buchholz 0 1447 6547
1274 7149 72 47 Wismar 0 1274 7149
677 6581 71 25 Aachen 0 677 6581
1007 6196 59 42 Tübingen 0 1007 6196
1484 6605 62 45 Freiberg 0 1484 6605
717 6654 61 47 Mönchengladbach 0 717 6654
1201 6710 75 49 Nordhausen 0 1201 6710
733 6681 72 25 Krefeld 0 733 6681
1024 6858 40 41 Stadthagen 0 1024 6858
1107 6828 63 31 Hildesheim 0 1107 6828
1123 6912 52 35 Celle 0 1123 6912
1538 6952 60 25 Eberswalde 0 1538 6952
801 6730 57 36 Recklinghausen 0 801 6730
1324 6615 45 39 Eisenberg 0 1324 6615
1182 6087 78 49 Kaufbeuren 0 1182 6087
1237 6649 72 32 Sömmerda 0 1237 6649
800 6653 77 50 Remscheid 0 800 6653
1490 7187 58 47 Greifswald 0 1490 7187
913 6250 69 41 Rastatt 0 913 6250
1314 6647 58 50 Naumburg 0 1314 6647
1255 6362 59 25 Lauf 0 1255 6362
1320 6350 67 42 Amberg 0 1320 6350
1201 7112 64 43 Ratzeburg 0 1201 7112
958 6486 52 46 Bad_Homburg 0 958 6486
1181 6373 65 37 Neustadt 0 1181 6373
804 6717 60 36 Herne 0 804 6717
1257 6705 61 28 Sangerhausen 0 1257 6705
1232 6398 76 28 Forchheim 0 1232 6398
1180 7196 53 36 Eutin 0 1180 7196
1155 7134 61 41 Bad_Oldesloe 0 1155 7134
1318 6261 63 46 Kelheim 0 1318 6261
1135 6502 77 48 Bad_Neustadt 0 1135 6502
1225 6841 68 28 Helmstedt 0 1225 6841
679 6632 51 34 Heinsberg 0 679 6632
820 6316 56 32 Zweibrücken 0 820 6316
831 6685 51 32 Hagen 0 831 6685
870 6522 77 46 Montabaur 0 870 6522
1170 6452 62 30 Haßfurt 0 1170 6452
1089 7107 72 36 Pinneberg 0 1089 7107
1281 6625 40 34 Apolda 0 1281 6625
898 6470 49 34 Bad_Schwalbach 0 898 6470
1181 6070 75 50 Marktoberdorf 0 1181 6070
1136 7049 70 46 Winsen 0 1136 7049
736 6740 44 47 Wesel 0 736 6740
1353 6195 51 35 Landshut 0 1353 6195
903 6402 58 36 Alzey 0 903 6402
816 6330 71 30 Homburg 0 816 6330
1498 6202 66 50 Passau 0 1498 6202
895 6954 71 47 Cloppenburg 0 895 6954
1317 6072 76 45 Miesbach 0 1317 6072
1191 6612 47 38 Gotha 0 1191 6612
811 6672 79 36 Schwelm 0 811 6672
824 6366 64 44 Kusel 0 824 6366
922 6683 47 30 Meschede 0 922 6683
818 6824 80 36 Steinfurt 0 818 6824
1018 6442 56 33 Aschaffenburg 0 1018 6442
974 6749 57 38 Paderborn 0 974 6749
1087 6439 77 25 Karlstadt 0 1087 6439
1036 6246 79 29 Waiblingen 0 1036 6246
945 6117 45 40 Villingen-Schwenningen 0 945 6117
959 6134 40 38 Rottweil 0 959 6134
1074 6224 71 48 Göppingen 0 1074 6224
1246 6255 68 39 Eichstätt 0 1246 6255
936 6184 51 43 Freudenstadt 0 936 6184
1064 7269 63 39 Schleswig 0 1064 7269
1223 6376 64 28 Erlangen 0 1223 6376
874 6626 80 28 Olpe 0 874 6626
853 6043 46 45 Lörrach 0 853 6043
1179 6326 64 37 Ansbach 0 1179 6326
767 6443 44 42 Wittlich 0 767 6443
1425 6969 50 33 Neuruppin 0 1425 6969
1243 6508 58 27 Sonneberg 0 1243 6508
771 6714 79 48 Bottrop 0 771 6714
940 6356 58 43 Ludwigshafen 0 940 6356
763 6771 75 46 Borken 0 763 6771
1263 6106 75 28 Starnberg 0 1263 6106
842 6625 72 49 Gummersbach 0 842 6625
1046 6557 54 30 Lauterbach 0 1046 6557
965 6820 46 32 Herford 0 965 6820
1374 6911 62 45 Rathenow 0 1374 6911
788 6652 62 35 Solingen 0 788 6652
938 6329 65 46 Speyer 0 938 6329
802 6586 47 38 Siegburg 0 802 6586
1319 6849 78 43 Burg 0 1319 6849
777 6626 46 43 Leverkusen 0 777 6626
856 6717 70 27 Unna 0 856 6717
797 6789 61 46 Coesfeld 0 797 6789
797 6471 59 38 Cochem 0 797 6471
1119 6653 70 47 Eschwege 0 1119 6653
1080 6598 44 47 Bad_Hersfeld 0 1080 6598
791 6540 59 25 Bad_Neuenahr-Ahrweiler 0 791 6540
1210 6686 72 43 Sondershausen 0 1210 6686
1274 6149 48 50 Dachau 0 1274 6149
811 6926 51 40 Meppen 0 811 6926
1200 6877 52 26 Wolfsburg 0 1200 6877
1397 6874 67 37 Brandenburg 0 1397 6874
1027 6121 61 44 Sigmaringen 0 1027 6121
1144 6027 57 26 Sonthofen 0 1144 6027
1059 7155 59 35 Itzehoe 0 1059 7155
794 6618 44 37 Bergisch_Gladbach 0 794 6618
1168 6204 73 48 Dillingen 0 1168 6204
751 6328 59 50 Saarlouis 0 751 6328
944 6432 63 47 Groß-Gerau 0 944 6432
765 6705 62 33 Oberhausen 0 765 6705
1161 6785 67 30 Goslar 0 1161 6785
984 6371 42 47 Neustadt 0 984 6371
931 6312 45 37 Germersheim 0 931 6312
940 6461 77 33 Hofheim 0 940 6461
1331 6119 79 34 Ebersberg 0 1331 6119
1543 7041 80 49 Prenzlau 0 1543 7041
1287 6067 63 32 Bad_Tölz 0 1287 6067
1319 7062 77 40 Parchim 0 1319 7062
1465 6816 78 33 Luckenwalde 0 1465 6816
1306 6763 53 32 Bernburg 0 1306 6763
979 7025 68 28 Osterholz-Scharmbeck 0 979 7025
1054 7093 76 34 Stade 0 1054 7093
1275 6322 43 29 Neumarkt 0 1275 6322
1150 6815 47 28 Salzgitter 0 1150 6815
1606 6653 79 45 Bautzen 0 1606 6653
1194 6520 78 49 Hildburghausen 0 1194 6520
1130 6220 57 31 Heidenheim 0 1130 6220
1406 6776 49 46 Wittenberg 0 1406 6776
865 6350 55 35 Kaiserslautern 0 865 6350
1031 6395 74 39 Miltenberg 0 1031 6395
1220 6491 43 26 Coburg 0 1220 6491
1077 6542 48 28 Fulda 0 1077 6542
1558 6714 48 26 Senftenberg 0 1558 6714
1393 6147 80 27 Mühldorf 0 1393 6147
739 6350 41 27 Merzig 0 739 6350
1600 6897 48 28 Seelow 0 1600 6897
992 6852 78 25 Minden 0 992 6852
912 6044 62 48 Waldshut-Tiengen 0 912 6044
799 6333 58 40 Neunkirchen 0 799 6333
831 6521 62 32 Neuwied 0 831 6521
760 6480 53 33 Daun 0 760 6480
1037 6230 79 35 Esslingen 0 1037 6230
837 6443 59 37 Simmern 0 837 6443
932 6783 75 35 Gütersloh 0 932 6783
931 6910 52 32 Diepholz 0 931 6910
929 6365 53 25 Frankenthal 0 929 6365
1399 6254 44 32 Straubing 0 1399 6254
1440 6179 61 50 Pfarrkirchen 0 1440 6179
868 6741 63 49 Hamm 0 868 6741
1270 6852 55 45 Haldensleben 0 1270 6852
1123 6246 52 41 Aalen 0 1123 6246
